-0.008630980972951473
-0.0035391964549470072
0.0031691001344018935
0.00900107729349657
-0.0060459980531733255
0.0035060573565469863
0.002808035611440508
-2.680949148141345E-4
-0.021678839452562923
0.008545032372023732
-0.005610695382739344
0.018744502463278627
0.01674278942800919
-0.007934766439523948
-0.005247574185702453
-0.0035604488027827542
-0.01264025378147961
-0.002350123946168254
-0.003260547535950205
0.018250925263598117
-1.593289636491E-4
0.0031239568323180276
0.004116119305387156
-0.007080747174055968
-0.01410999354819852
0.0022398693285406897
-0.0013506629205702735
0.013220787140228285
-0.004364636936579335
0.011413691986733124
-0.005377543571536298
-0.0016715114786173884
-0.007522850700319895
0.01023958227984648
0.006631949052955248
-0.009348680632481716
-8.549587591094449E-4
-0.0032376557827356964
0.012228461051106233
-0.008135846509261142
0.015710926769542843
-0.024207638650514264
-0.016132798718544956
0.024629510599516433
0.04721728795024977
-0.04793918847374485
-0.0299347750637462
0.030656675587241368
0.06234214567465581
-0.07775449952335811
0.02604933764096697
-0.010636983792264729
-0.035940669206868364
-0.040160383802910926
0.030292606697740056
0.045808446312039335
-0.026891021683699987
0.0344533623535597
0.012371489616139437
-0.01993383028599917
-0.058113412219137524
-0.019750000110279897
0.08559180991581426
-0.00772839758639683
0.007053280133923661
0.01044231178108284
-0.02011372965520538
0.002618137740198938
0.021592496027551672
-0.015209378376778535
-0.027671513924687773
0.021288396273914684
0.013831950659866836
-0.01675677644663872
-0.0422451509539493
0.04516997674072128
0.0036706042909114027
-0.006140501228179964
-0.009163261980672693
0.01163315891794133
-0.0025568813766641153
0.0018203628915872978
-0.010624093025807762
0.011360611510884659
-0.005327639596286483
0.004825982766685668
7.540185090322334E-4
-2.523616794313545E-4
0.01012965555397188
-0.005123195033296496
0.005085619206974473
-0.010092079727649783
0.009755137204429339
-0.001024911686412092
-0.0047792501989453885
-0.003950975319071879
2.597622555405889E-4
1.7831960549021843E-4
0.002973419381594281
-0.0034115012426249765
0.006145747015963758
-7.458426988011871E-4
-0.0041130562880691175
-0.0012868480290935758
0.01692195184057331
-0.00413676708785736
-0.007377406035292118
-0.005407778717423791
0.004778391219995889
-0.007874552248267075
0.001455648884990089
0.0016405121432812014
0.01783129683952229
-0.02126342238949737
-0.0029743482881020565
0.006406473838077164
0.008816056200424506
-0.013905142674268893
-0.002454625920598228
0.007543712394442668
0.003993490264663513
-0.021457292422622683
-0.021730346486195637
0.0
-0.00403322996395043
0.015578276760931754
0.015214746809667074
0.003909264101218524
-0.008766255678291757
0.003831810230860935
-0.006405098211639619
-0.014275392555564528
-0.00416885907452638
0.0022295163538025103
0.014517473639101173
0.012930915259594078
-0.0029360449433916426
-0.0112172575202563
-0.007070174208658358
0.012561082689978234
-0.0037579494965063265
0.012542745797088112
-0.01026518030628574
0.005586626253479434
0.023342848577818022
0.00487033195496344
-2.3439566187879318E-4
-0.004653959891116579
-0.0012183423745763724
0.009473629549099383
-0.024896907365775187
-0.005666249508928332
-0.01040274079031365
0.012793759241139577
0.0023765184603369025
-0.007505168479044578
-0.012224458697748814
-0.009408304613322637
0.008851137841226988
0.0030509559388441944
0.00392179981702696
-0.02117397877332365
-0.0073903615290169655
0.04303955975251876
-0.006429741139584895
6.361110135817503E-4
0.013640081035560352
-0.010606068943478344
0.012376337440976784
0.015061129751135674
0.026356886018811754
-0.009246177069732917
0.008826505887714258
-0.0169186463270059
-0.004993657505868042
-0.008452775122935458
-0.009192762657617677
-0.004085916862403147
0.0015020719410013088
-0.0015222648418961823
-0.011009436624254552
0.015789118238354896
-0.005083489853126563
-4.0584511965768323E-4
-0.0027718648740828467
-0.004138962581336546
0.004252565379851711
0.005689304047502678
0.0016617090335886643
0.0030745330865217125
-0.014857379136438625
0.005301476065724512
1.9521493055678699E-4
-0.007583603141893476
0.005969659207933799
0.0013516127876975472
0.0
0.005054961827440305
-0.012222717513556202
0.002977492827316637
0.005101676732065242
-0.005786740288213752
6.872326398549586E-4
-0.011191301354197773
-0.02875876004386585
0.018164147437686733
-0.009275052437003078
0.021663736660873515
0.006399067902611797
-0.006597812412565332
0.008450986906308213
5.54804442385589E-4
-0.017021682689793205
-0.006358693846926335
0.0343886163158524
-0.00691416860852616
0.04374318669693768
-0.007834721780096
-0.025819069914898636
-7.837649430074943E-4
-0.012626669368765256
3.158455509156737E-4
0.008430646276128464
-0.01267757590818131
-0.012431665562342209
0.015826073938832876
0.009184418386513935
-0.025106610224538646
0.01871912887796806
0.003766163089514874
-0.025187829370333394
0.025290479866791924
-0.008726500161127975
4.065374714943932E-4
-0.0127786469923778
-0.0017277695309308176
0.03436533034186776
-0.014047207592298565
0.008323492329872286
-5.132399246029328E-4
-0.01226538898386333
0.006017920257651307
0.006404194842979576
-0.001979568661007774
0.0011600065962539064
-0.008213207456251833
0.008801308893609904
-0.005495356346082243
-0.012990514241937328
0.02320237069045933
0.035683965167009626
-0.008549323221739529
0.010043677392380861
-0.0075694160543694124
-0.008067703967436564
-0.011760444548726788
-0.01061243244673472
0.0017691988766988173
-0.021156411350114306
-0.0036582739674195543
3.9298803854596626E-4
-8.412894804780626E-4
-0.005291905817204796
-0.002273324521496513
0.006430440061951044
0.002789561340482546
-0.01912383030775089
0.004545438868142616
-0.012406568065525675
0.001421657358056552
0.012248994934136047
0.006243234256158628
-0.027936372678086206
0.016714869154160546
-0.01839502789971946
0.02223823845620417
0.00801336186692239
4.4701687312497483E-4
-0.002290260193136516
0.007604278346902938
6.159767652592282E-4
0.0028134991857969452
-0.02824833252992405
0.006716084865830929
0.007369897311587013
-0.017634312726342638
0.008380875565382095
0.009546118491398895
-0.0010135778762750136
0.003393504428546172
0.016193796084256883
0.011435536707207488
-0.007840270001676823
-0.004278212135336733
0.003770850372075668
-0.016832129890525398
0.01075587987916267
-0.019014788610205675
0.012798182648269521
-0.001681821132797749
0.01078149396277568
-5.668631482072823E-4
-0.006721627770941715
-0.00924377942984968
0.003197560962152483
-0.005609714256469715
0.003224105684680085
0.004967425935209846
0.0025582052880188094
6.127945579154047E-4
0.01373378184446813
-0.0010463339509021847
0.007454546533025481
-0.006266735530172255
0.01319220256009067
-0.00956823109850828
0.012803173374077305
0.013285221498440938
-0.02055983141052648
0.004262079144541383
-0.00285918723942377
0.014538807840562943
-0.017209528571925557
0.006639892948390574
0.00224279192458477
0.008914962810245274
-0.009018064220285713
-0.0011093111351080645
0.018531962650926156
-0.007316392989578097
0.011396278288891785
-0.006823347349021956
-0.012440514299095675
-0.009447653117469342
0.013375631467026661
-0.01583639862132443
0.008407270501736688
0.004464900313698119
-0.0018191424238976905
-0.005212489630397254
0.002538441311330313
-0.004659710282728333
0.006058971289502007
-0.009152573549122927
-0.01986581324216037
-0.006238688943633879
-0.017803891375030644
0.0075435715218814415
0.015197397668246059
-0.02332340946698279
0.008414842854744387
0.015979027146928164
-0.01594856573551834
-0.006389484222105184
9.599024949774448E-4
0.0012446099817492798
0.003115042865821409
0.008619412333561132
-0.009249741759514466
0.032498213691333884
-0.004166228977432775
0.0036450258347899955
0.0016332894454729962
0.0020121988889801245
-0.014285820523965194
0.023481716092418434
0.00538721915022868
-0.01864280490345633
-0.003430795822356619
0.010529212620547365
0.003218035612667801
-3.9398620465606177E-4
0.002546970046555426
-0.020713227959276312
0.01613994590296528
-0.01052119800626555
0.010226196081169679
0.0066191589586753145
-0.014890888075486499
0.0
-0.020384281258487024
0.010302119446153855
0.015785647970275096
-0.021880277786536177
-0.002395813050074111
0.010933707167934209
0.0075353754718661525
-0.007655390670301457
-0.00792566201623006
-0.011895748658767056
5.079451306083064E-5
0.012934808125267615
-0.001434223623248145
0.009620527858844645
0.012977708374974885
-0.01988977639130888
0.0028464844407506233
-9.79566557206539E-4
-0.0035466054402702382
0.005675562563133393
0.01118206750558409
-0.0044224381198657535
0.009944368606059012
-0.010086135930304102
0.010352918727700302
-0.01971145710480016
-0.018701684346268628
0.013822125490057268
-5.032913588703955E-4
-0.014286217170660366
-0.00835985363615418
0.00931808387012291
-0.0030672499063410016
0.01206159729847733
0.01049839930041155
0.003650689860155372
-0.0032005103068831423
0.0021456589490301946
-0.023836405614508498
0.010040524084183463
-0.008971160269917754
0.004385433188639276
9.326737436459245E-5
0.00677048680200042
0.014257008519439498
0.0061405250307435865
-0.009954287401891167
0.0
3.1111937097387E-4
-0.006804447725116423
0.014106082766885625
-0.015451317510941306
-0.02358589736856429
-0.002161787900042714
0.003808387160000438
0.025870409321273685
0.008182300964799334
2.9280466650127065E-4
0.0031390300561106622
1.0099531342606764E-4
0.03102198225330285
-0.006655589171797576
-0.004305405439513241
0.0024847019764986013
-0.021134412670730098
0.007079096318862959
0.030406633361363174
-0.008257322331892863
-0.004345292763212324
-0.0037276949158688826
-0.030215408236820777
0.018061075177345016
-0.011160714285714286
0.012015514636556594
0.003596210589669584
-0.01502270346169787
-0.0030747568854732586
-0.010806838458087808
-6.226241655818369E-4
-0.005789707843960626
-0.0165535778339413
-0.0012061124620660318
0.04247704334963825
-0.010137650591322704
-0.014681094278022739
0.03981448977091004
-0.007239466406676614
0.018949595511091356
0.0027562536446355374
2.724007880530784E-4
-0.00830565813961349
-0.022728339167263842
0.005510541991679355
-0.008766019509131829
-0.02581228748420595
0.011067611781720964
0.022495568722214324
0.00945155342705629
-0.0138866386285093
-0.011565343423705372
0.004130639248564483
-0.027177596113055886
0.013948857705003986
0.006549824782904511
0.012941633231467716
-0.00309968130384174
-0.008977061680721616
0.01730451655794722
0.018290489653728256
-0.003383142134746278
-0.008875823075963624
-0.004393127036666533
-0.01799270356186638
0.008340253755431879
-0.021500664745786283
0.004224146643794111
-0.0068761757214871305
-0.002573937078688744
0.0017845373391473926
-0.007753016941704059
-0.005693017681724351
0.0018369944371470484
0.032150212087034
0.005334226888294669
0.012135701345132694
0.03384461360081087
0.019401405743162427
-0.013633463675868792
-0.021138729404686328
-8.72281240344924E-4
-0.015660714975212434
0.008060136346480187
0.0185263188907913
-0.02223785789714787
-0.012851441995791277
-0.023053159163116805
-0.003806240935089654
-0.0028886345794789624
0.004644468149237624
0.005419886242923398
-0.013190093960376474
0.014165423695982317
-0.025725950168384873
-0.008434504911544412
0.03862124400738796
-0.004864694978053434
0.007313008900674446
-0.01740476689072385
-0.010716352040841759
0.017895832998083252
0.03129341556675424
-9.765231872898832E-4
-0.014292669946613372
0.02081640688112488
-0.010676708153308456
-0.021583198484329883
0.0024305006200983654
-0.015221703460045324
3.570946706023337E-4
-0.009337815344813087
-0.02277176963906097
-0.00888288164909823
0.04230623637067359
-0.004316323419217862
-0.007509943228486863
-0.012154605216336241
-0.019897132815257366
0.017840201660734453
0.006916418407057838
0.008005949526720436
0.010465587859739394
0.01041952273611916
-0.01197630563928583
0.0039146557646942345
0.006905804783256206
0.0
0.021853875778558848
-0.003530801356893199
-0.011851417128237025
0.004553571264486364
0.009605203712886623
-0.011406214014367703
-0.009034775354950739
0.029299488512800308
-0.01221000866779227
-0.0063436257958036585
-0.010356932400002867
0.013798267680878974
-0.02359774749319333
0.020405489770118572
-0.005109376822664357
-0.0022985630886921274
-0.012100147868205052
0.021643516942645213
0.0314471108463364
-0.00428749031933446
-0.004936003818095659
0.005601371428910498
-0.016372830703644835
0.016645818121466087
-0.007034016438389153
-0.011660354295362796
0.0011960016768929969
-0.01390741487536734
0.028470546607026845
-0.004909667253091735
-0.0061374852849837794
-8.587733267518215E-4
-0.001912033069217024
-0.012096130589541109
0.006265459549802817
-0.010407955115434494
0.0034886606921006613
0.009046517257423496
-0.009859101950611404
0.019431037168985824
-8.790127656711586E-4
-0.0037281010055917087
0.004521200514992581
-0.00902146944270487
0.0193761134667166
0.0029950206076158354
0.004061778731528945
-0.016527685471512076
-0.014526989879109017
0.011891565360071327
0.0027948537694869793
-0.02806227338021787
0.009247762860624639
-0.015945364186194598
-0.006440866004730395
0.0026485327310552063
0.007912591656578935
-0.016821016719901678
0.006618305791004267
0.02540012709544654
-0.018934319821608682
-0.00273126258809337
-0.0017269187327354028
0.0
0.02504497339104783
0.010658344387996026
-1.9598115160408174E-4
-0.01591724059487708
-0.004461849783808781
-0.001880109924995448
8.37766739850752E-4
-4.1939157538084526E-4
-0.006013486495907062
-0.01570747497474423
3.285440821847675E-4
0.02944689556405817
0.02998918669126363
-0.01560802831907361
-0.01173289755784615
0.0026663319445975574
0.03384568220864902
-0.0035555550519072252
-0.001091113768679701
-0.013439432851512785
0.00489718005549092
-0.01721904731281642
-0.011543791902790288
0.014953657051261202
-0.0037508655869543895
-0.00579072224963196
-0.004916780565860567
-0.005226653484509109
0.0045934407318353725
0.004674701341024056
-0.0024666018941844597
-0.010295737604158226
-0.027248770644272127
0.03457073404425243
0.010174522578130256
0.014600810123060918
-0.006386164930688531
-0.007508129089057016
0.0319684850716589
0.022237251962108764
-0.026863362194147068
-0.014194660485190334
-0.006206286743825073
-0.011410649986701413
0.006683736302748199
-0.009309552799309348
-0.011635702912690303
0.017600089360072325
-0.01587229650548642
-0.01664240888775658
0.027458491261318378
0.0018786287070685689
0.026159382374653192
-0.005335468451459638
-0.02753656223999207
-0.025122383602337352
0.008298602312851249
-0.004791118569700518
0.012599050332505133
0.022199462370470407
0.006767714604952577
-0.00315538504206544
-0.009626253606275578
0.0
-0.0119032031275345
-0.0038591428526748126
-0.008581288769778941
-0.023573312245612144
-0.016530019743156585
0.030183828853260458
0.00114129601529979
-0.0021310530603290507
0.0030306842193384385
0.013332316221591683
-0.004137364015534396
0.01969250191603678
0.06792832408260768
-0.005873378135417287
-0.01075878144074523
-0.0032620861756454053
0.019385325934891142
-0.03555577379745587
-0.005113852364773533
-0.0021139645920860827
-0.02123659957777654
-0.0059005505723249245
-0.01062709589377955
0.0023027900728845143
0.0
-0.016782616157039278
0.005602263049690133
0.021151036807860797
0.0032438261111107126
-0.013455194420357766
0.005216701151370083
-0.016183920910767067
0.01577842305035669
0.014894143147719818
0.0046371828335960924
-0.024796121779758803
0.007472039805154797
0.017193180547796838
-0.0051649319807411265
0.008460322928779485
-0.010236446553913151
-0.021394732115691612
-0.0025607504739816895
0.013658622876591009
0.02426855591431469
-0.018299127901722514
-0.008096909162873771
0.010267858906580581
-0.018032547637012362
-0.003696125732234965
0.01681797896161763
0.005031878407557077
-0.0016624789119491883
0.01084854282823904
-0.008133112942043908
-0.007023524030069618
-0.014263876145767865
-0.0024032060350120893
-0.002778956767106127
0.029383511298589633
-0.0025295067952838517
0.0032880929149579534
-0.01971092219100669
-3.3260517757918517E-4
-0.00732760685747891
0.004040402989938123
0.00409526446674813
-0.012252245682138466
-0.01740783738093666
0.004780583876896853
0.004028581666017829
0.005937290845307069
0.0018376929119325678
0.020376570087962786
0.0026125660242654596
4.278317911358444E-4
0.09702775651749079
-0.006714248049125836
-0.0065245106168709535
0.009122201461255242
-0.0014711027737589043
-0.002024112852242155
0.0026261629251898536
-0.0334705548417284
0.010880386624846848
0.008813752342879667
-0.03456492660016865
-0.018479124010813468
-0.003038426846495067
4.5215352336917683E-4
-0.016516526088346254
0.009592046054061063
0.0011557024858989944
0.017554998914596474
0.019321027383536714
-0.028228134293275614
-0.028564261983863623
-0.010407188715901338
0.010171068709727551
0.008483028598004521
-0.014001829451791773
0.009156284870424697
0.006633955380990304
0.018648163097565097
-0.010577943060222906
-0.0030891582012381284
-0.00406697995741624
-0.016396372427549006
0.020765833713357836
-0.007655448866539393
-0.023855085465378345
-0.02209017544694769
0.008387228728932751
-0.01817041115489097
0.03328264917470355
0.003422289931862472
0.0017254115538542624
-0.018834244889768682
-0.013790767999277505
0.011003042184645156
-0.004725521518762885
-0.011147925093912147
0.010507149051198914
0.015043177378377568
0.0
-0.017157017635735294
0.003817409221768567
-0.009323021373781718
-0.009758936312042124
-0.0064909302040287815
0.009058111726428028
-0.013012229430137315
-0.005462152002788395
-0.01064008571870508
0.01878988650916714
1.8747304519412282E-4
0.0
-0.001400917792540271
0.011160714285714286
0.05486120628100328
-0.0076460141095088825
0.009271593114942392
0.06897047139435628
0.04835324231695786
-0.014450577522486583
0.0
-0.0020784098131578065
0.002557271698840336
0.0010019848379690301
-0.004501477334894064
4.890791278350012E-4
-0.004230746107853983
-0.011160714285714286
-0.019684674126472863
-0.004829523184782555
-0.01484421805578008
0.004756876477901167
0.009370526651625388
-0.024015269423519628
-0.021519206046738827
0.006963920591296224
-0.025295515173959025
0.02470129416898742
-0.04346234251338786
0.006035474190415994
-0.010933241789511468
0.0337610720899076
0.026274688045236867
0.012717881615914129
-0.0016226049907844984
-0.031238810748629223
-0.014433931618499134
-0.003739539658063576
-0.007483707343467561
0.01812821410707261
-0.013763150381420538
-0.008196516612629597
0.017090564857944832
-0.002058828025730437
-0.01833951361475419
-9.455693073436716E-5
0.010473341263225258
-0.020945344266383545
-0.01236529277539604
0.0046403012454426336
-0.00919313031501395
0.009564591575503201
0.006347791810659016
0.0
0.0
-0.011695241317365152
-0.006646650108115706
-0.003915584953880639
-5.300497219108331E-4
-0.0031165871341124196
-0.007623625754417473
-0.013902590706415759
-0.008617160667297001
-0.009604050197554793
0.03320815886241826
-0.00895101338637388
0.001495151772662488
-0.01574005165468658
0.08629597055429089
0.0
-0.018434577072137824
0.01180589978246653
0.0
0.0
1.439889511091778E-4
0.011014423471991035
0.0
-1.0977082694541685E-4
0.04720034916030161
0.004297596427187922
0.0
0.0
-0.011160714285714286
0.017584950066397067
0.0
0.0
0.011020012984288138
-0.030618771481988737
0.0
0.0
0.009350338250709609
-0.009312222288349761
-0.008773116000284882
-0.002058828025730437
0.07256879206979643
-0.05306249484807923
0.0
0.0
-0.019959172330854556
-0.04690903785286462
0.0
0.0
0.0031910397996748486
-0.01015072840843995
0.0
-0.010933241789511468
-0.002645296738965809
0.0
0.0
0.0
0.02637686489815978
-0.022676108144355514
0.0
0.0
-0.03396706462504896
0.08801458693516837
-0.011160714285714286
-0.013789181041512668
0.011918102937575299
-8.824667067940323E-4
0.0
0.0
-0.02797735574074304
-0.0010279019188657867
0.0
0.0
-0.03707363440176497
-0.005170159610830187
0.0
0.0
0.0039016884971742583
0.05946392419349644
0.0
0.0
0.0
-0.013789181041512668
0.0
0.0
0.0
0.007694578649400461
0.0
0.0
0.0
-0.02984606681475619
0.0
0.0
0.0
0.0
0.0
0.0
0.0
-0.010933241789511468
0.0
0.0
0.0
-0.021128325277890055
0.0
0.0
0.0
6.742992647754895E-4
0.0
0.0
0.0
-0.008773116000284882
0.0
0.0
0.0
-0.002168598852675854
0.0
0.0
0.0
0.10907237172649284
0.0
0.0
0.0
-0.07661116617607702
0.0
0.0
0.0
0.0
0.0
0.0
0.0
0.0
0.0
0.0
0.0
-0.061185262744443546
0.0
0.0
0.0
0.11815442334219695
0.0
0.0
0.0
-0.011160714285714286
0.0
0.0
0.0
0.0
0.0
0.0
0.0
0.0
0.0
0.0
-0.026891021683699987
0.0
0.0
0.0
0.0
0.0
0.0
0.0
0.0
0.0
0.0
0.0
0.0
0.0
0.0
0.0
0.0344533623535597
0.0
0.0
0.0
0.0
0.0
0.0
0.0
0.0
0.0
0.0
0.0
0.0
0.0
0.0
0.0
0.012371489616139437
0.0
0.0
0.0
0.0
0.0
0.0
0.0
0.0
0.0
0.0
0.0
0.0
0.0
0.0
0.0
-0.01993383028599917
0.0
0.0
0.0
0.0
0.0
0.0
0.0
0.0
0.0
0.0
0.0
0.0
0.0
0.0
0.0
0.0
0.0
0.0
0.0
0.0
0.0
0.0
0.0
0.0
0.0
0.0
0.0
0.0
0.0
0.0
0.0
0.0
0.0
0.0
0.0
0.0
0.0
0.0
0.0
0.0
0.0
0.0
0.0
0.0
0.0
0.0
-0.058113412219137524
-0.019750000110279897
0.08559180991581426
-0.00772839758639683
0.0
0.0
0.0
0.0
0.0
0.0
0.0
0.0
0.0
0.0
0.0
0.0
0.0
0.0
0.0
0.0
0.0
0.0
0.0
0.0
0.0
0.0
0.0
0.0
0.0
0.0
0.0
0.0
0.0
0.0
0.0
0.0
0.0
0.0
0.0
0.0
0.0
0.0
0.0
0.0
0.0
0.0
0.0
0.0
0.0
0.0
0.0
0.0
0.0
0.0
0.0
0.0
-0.006796733098851642
-0.011160714285714286
-0.009991753808816884
-0.030164211025754707
0.019329230865062677
-0.07356877588353926
0.04604532832703108
-0.011555783418834405
-0.01913039235553492
0.07731713274474453
0.007593694334661045
0.019811375191943655
0.013651174723247552
0.017854669205591863
-0.06376099850808065
0.024526756992844415
0.0
0.0
0.0
0.0
0.0
0.0
0.0
0.0
0.0
0.0
0.0
0.0
0.0
0.0
0.0
0.0
0.0
0.0
0.0
-0.006796733098851642
0.0
-0.011160714285714286
0.0
0.0
-0.016040903890548543
0.011160714285714286
-0.005111564203982627
0.0
-0.011160714285714286
0.0
0.0
-0.01900349674004042
0.03048438750861994
0.004862221120188507
-0.022315647046438222
0.00629826928269246
-0.01901928224251206
-0.04879790564752042
0.009389980944449344
-0.015141568937956118
-0.02729844817570333
0.06233469038055988
0.011009086122174529
0.0
-0.005161192679599469
-0.025764251792440386
0.013752071328638614
0.005617589724566835
0.07517976968233987
-0.039111368921866826
-0.0020109275942774216
-0.053187865521730576
0.008224648950510808
-0.010897331454674022
0.003921726273313671
0.07606808897559406
-0.009097185673316946
0.02111207796649569
-0.00988613014500399
0.0054649321864862635
0.01401943639416446
0.022655686192468886
-0.015249555629420491
-0.0016141917652691784
0.0218254570561719
0.0
-0.008174282332924348
0.0
4.848868161581466E-4
0.005846367344905857
0.011041307258635984
4.8210778589187096E-4
-0.04031217190352146
-0.025147444823148273
0.0016986182185890833
0.0
-5.361915294973939E-4
0.01769788125825254
-0.015736197118441896
0.02310126438253116
0.07297357353280325
0.02588710015846394
-0.0018461461963283233
0.03047508675219288
0.007493459847122845
-0.03273547491205935
-0.021007247827150285
0.012000115090408475
0.0030979766911542975
-0.01015066181652445
-0.020845188181169386
-0.004602983667100458
-0.019687126898510224
-0.029058754881730597
-8.507341146262713E-4
-0.004089713443022657
0.019767927917288413
-0.010515951950701584
-0.009237086230836562
-0.010324636211593368
-0.03961651781532116
0.008496300531832701
-0.029402518794756784
-0.004486847964757649
0.010877520200509857
-0.004700874280636761
0.006008472145021965
0.01216789641150395
-0.008459537770487928
0.030093272348130886
-0.007724590292627884
0.04749948353851473
0.0166452697934764
-0.03730879975661087
-0.04894274018792436
-0.023142439492031434
0.005375222893698128
0.008235118626998942
0.044462462535593716
0.011387233753330818
-0.003206434627074468
0.004943279043202034
-0.029194443380481327
0.025167608956130762
-0.004147016308008696
0.0021853645792458704
0.005005164895495999
0.002421419019753089
-0.01771977642301968
-0.010335090391032604
0.02330166749742421
0.0019145372159813693
-0.025088532832301166
0.021823129551852158
0.023128272632859728
-0.005273553694129686
-0.019995736308934295
0.005800823236267716
0.0238478327805938
-0.026886601127150987
0.015521678767471268
0.010584443466663216
0.0010516717649624568
-0.019056628397308546
0.04490231126245614
0.026818883350618793
0.00541982911992096
0.014525971087552486
-0.017211276536554278
-0.021120890742356853
0.01076177416574518
-0.004702348826715177
0.01952592040857872
-0.0015875312824760977
-0.029878929133353684
-0.02478376511041398
0.0
0.00238271049520638
-0.027125338076033297
0.023665175845376373
-0.0064081387441165556
-0.0205451582734475
-0.012448201035435154
-0.012434869853802145
0.00811331838422327
0.010643514217478153
0.005691474483079955
-0.018629233286156916
-0.004176435192765986
0.012715034155466005
0.027189779022652315
-0.018547409438805965
-0.014991931310660024
0.007861898941405232
0.012111334563517434
0.008645644990589292
0.038757689115516844
-0.016757293839106797
-0.02868183013235978
-0.0025452391883948842
-0.0346724241226632
-0.01431519484627781
0.03350432309734279
0.011375862053906756
-0.011517265142934068
-0.016897747624484313
0.01674537585002906
-0.008513689718645617
-0.012052153859545714
0.007087096433339665
-0.005617050477703959
0.01642802847729327
0.005535704330549711
-0.013203491078140634
-0.006766011740205754
-0.0023382037217389
-0.002626634171215376
0.011715581090429597
-0.0019052757607723077
0.006620654353867458
-0.006768210965497361
0.013963021690824508
-0.017263491807386268
0.007550193335263414
-0.002739869164460722
0.00509906608334168
0.00909897588028981
0.01531638791876584
0.0051508797336102434
0.02223880914778148
0.02239287530337717
0.03300500177963724
-0.004526138977997566
-0.01201581198525067
0.0040139817022262075
-0.011159090579054107
-0.013555166644612546
-0.04016836286958517
0.0017299424356251644
0.009517373290492818
-4.3531903117367186E-4
0.005576579198826816
-7.371043490052125E-4
-0.007196497495031371
-0.011890031416060709
-0.01946843710669247
0.013065909496346919
-0.028104457419803323
-0.013084953960864466
0.03659166294904475
-0.0034845121204204656
-0.03309918714848673
0.022074557200512965
0.015645647900080273
0.010649908353541244
-3.1781746873888427E-4
0.010257036294211954
-0.01360551577703153
-0.002827857765717359
8.41271543439057E-4
0.013473726967914386
0.01316626432332605
-0.006441280825839996
-0.023134701358019136
0.024619274850762717
-0.034621876314278655
0.037084044032110845
-0.0188886656292648
0.009456839532333994
0.014580078879851096
-0.02621116894643895
-0.0010330155338047014
-0.020762068516855227
0.010410240881987162
-0.026244005605257303
-0.007698837692476772
-0.006198141038520372
-0.004111495384119339
-0.022932589786086397
0.003458271874059649
-0.00563783531918575
-0.014162041951283455
-0.004050728466472283
0.046281377690234445
-0.027360255287463803
0.019517696586932344
-0.013518933171433876
0.009829413762035331
0.01586071423672378
0.0022469244119986184
0.006887426687636426
0.039060171895665956
-0.004554048396853149
-0.00990535871945598
0.003127494681889279
0.011868346681363393
0.014443017092593295
0.0016763385448218889
-0.00921303999727246
0.004918825340152994
-0.002521949947220393
0.020180769798174722
-0.027808722882104894
0.016234817218948257
-0.006051540641255352
-0.021299326026251397
0.022321428571428572
-0.009746447028047382
-0.0023781887311358453
0.005408256345651553
0.001518461402382089
-0.003178182424182857
2.2295765637065593E-4
-0.01747802365090953
0.007633707291855969
-0.014586708599085126
0.0014537103841929288
0.01723610771147991
0.023202678898355752
-0.008329711846584284
0.004649142634924011
0.006588339141567392
-0.027954197500373174
-1.4884994268943123E-4
-0.0024817818635530886
-0.0051237580303310866
2.260856857448125E-5
-0.001801093873919699
-0.00501955976709722
0.025853357921428018
0.019045042439953475
-0.030303780097005743
-0.017026033032337677
-0.01909111532724935
0.025425505344010065
-0.016658608313129448
0.007045290457018757
-0.013660011178456983
-0.005515047268539082
0.03012572203996187
0.0
-0.002937598013801617
-0.0023990752975035024
0.010257036294211954
0.007433120258254582
0.019506346422080913
-0.010144108371210794
-0.012167129593343639
-0.004335952641456291
0.007927814786687434
-0.02526001328396426
-0.0012533898936103322
0.003794176941268282
-0.01005615695875022
0.006751295911550709
0.0245167923575281
0.0031197030120403988
-0.004020995365909963
-0.003941456692559971
-0.004571269945112549
-0.012424625359620444
-0.01383661490445074
0.014906223874601915
-0.001203442028467859
-0.00609956464660739
0.017706673495474244
-0.013726605894591896
0.004388986401067376
0.01844995201219908
0.010125470987175566
-0.0031823332664538033
-0.00824698305544805
-0.016409852109654188
0.026464676539080544
-0.0023954363315033993
0.00942014714219835
0.028651662295049115
-0.01448734591636413
0.02184530360666312
-0.006451600747926798
-0.007639422649724005
0.02833771438299661
-0.023670919021232556
0.010294228651286128
-0.02280922128470509
-0.02812247726891765
-0.0037850198068744567
0.0025779254112156865
0.011193332170412223
-0.006830676338059749
-0.015381743001771916
-0.011411138067401995
-0.00655627627232623
0.009982145541789174
0.026870799824152677
-0.0040430921245229
7.141294123875206E-4
-0.019648692571051965
0.002541764441832321
0.01195224679312877
0.002602705624807432
-0.007472922667702846
0.007397763928432173
-0.012534439719912558
0.011160714285714286
-0.005153454494016784
-0.0053217833840382475
0.008751592984296444
-0.012710826715055003
-0.022243143968945472
0.0041210412964052655
-0.007594225634296002
0.020027164203489503
2.0832309857330908E-4
-0.0129453246814937
-0.011686682906502079
-0.0011399184244353603
0.0238681244170333
0.011753344315406993
0.01026566711874823
6.202580016624205E-4
0.022675871434356436
-0.0113251566315
-0.0029070754460061316
-0.002464886970011249
0.0019014243008385855
0.011052532844509093
-2.9519834242376988E-5
0.013622520807787308
-0.02684610359627559
-0.014209490851093654
3.9265422970840473E-4
-0.011160714285714286
0.01189525259290493
0.01143897875432302
-0.009984184947533415
0.018685713085527668
-0.024241730943751684
-0.010026846902592626
0.012542798708864074
-0.01769361774016663
-0.010716238216746318
-0.010046258182708444
-0.0021288451083497813
0.024406750714748168
0.02462241043405776
0.001835927338073251
0.0168782801149438
-0.011434779461093371
-0.01565248882564987
0.015474012764077456
-0.0076791050125477765
-0.008305841253859457
0.023611974399822447
-0.0034372524827422177
-0.004866574343675117
0.0269097988939526
-0.028394529740670846
0.02852614993158903
-4.374006788785802E-4
-0.03145178481367826
-0.006077588927079934
-0.017871295328477123
0.007599583913749471
-0.013176622990743325
0.011178963380807268
0.017420937635231337
-4.744990863150872E-4
0.013961650099300057
0.004461749572740228
-0.01960723207036338
-0.0017126496738108388
-0.004242964065413335
0.016637519577150872
8.387118364405269E-4
-0.014835071880589698
0.002400312281218701
9.436382315155469E-4
0.007872402403413383
9.674022543632744E-4
0.00907934490091233
-0.007025035360431949
-0.012715371257125008
0.0027232314712479326
0.020249647304436284
0.027015559758418344
8.633400366018194E-6
-0.022312060530589956
0.0344644047248077
-0.019110747043188846
0.020771347024032084
-0.009617140242483512
-0.010425494714370442
-0.005939061430439855
-0.008158640338063964
-0.019873291604323984
-0.002170912190515823
0.0031676743820263243
0.002845578726453246
-7.858416725917607E-4
-0.002856755189145353
0.007293951855871076
0.005730432201455702
-0.007659298749820036
-0.016681133431738715
0.016728303299079914
0.004998539813976686
-0.02561753376074559
0.009021723410496747
0.0055496673952227715
0.003225231242003919
0.012574514382106772
0.020944160474354684
-0.029504921123206688
6.392920525005426E-4
-0.009509368905708965
-0.011487518768149914
-9.448193565546516E-4
0.007949291528396428
0.013460845586384057
-0.026274940941295136
-0.018056815183478965
0.029309879192299236
0.007664233074692649
0.002408905348474462
0.004949347067745675
-0.040781598953899795
0.011050890099595517
-0.012799916994246914
0.021851768199315648
0.004674554925844994
0.012111514381851218
-0.00874154358154966
-0.0011865081712699992
-0.020465196506023492
0.0037004764222044973
-0.011190955294393668
0.008055664256945804
-0.012021194709325762
0.015553177534404007
0.014452171068278136
-0.018187364591044076
0.007509546395465652
0.02784420502380709
0.0013479210300982236
-0.001503379709952269
-0.003262276613887239
-0.011996822281407065
-0.001141373564018302
0.006521142959848387
-0.010741216512410192
0.0025252768821714695
0.005477199764498123
0.016513774192710464
-0.0017661987765298665
0.011953408905786042
0.00549004726034359
7.897687592342307E-5
0.003008913932566427
-0.015354777444638805
0.011160714285714286
5.957606498931387E-4
-0.017956978801579947
-0.006609533405848916
0.013563805170279799
-0.0036011905704030774
-0.00792399559214005
-0.021721243950356503
-0.006845897565187227
-0.00920479211792533
0.016865298787733157
-0.013198203775262695
0.005076507685705493
0.006623427219341836
0.008211208186962205
0.02314742822897271
-0.03229179294130691
-0.0071689945974209
0.032788315161058845
-0.005344791016463487
0.001661646339398212
-0.0020373913718484083
-0.010587237036306466
0.026420287181635572
-0.03265482138780291
0.0022278872961624327
0.013665639339088358
0.0031338831940366492
-0.005751386796366735
-0.03289417584531153
-0.005884893380318721
0.006324994367502822
0.0
0.0013107839416474582
0.007511448800761872
0.022774085158776082
0.007204907079637717
0.008485569318694515
-0.013334225516403718
0.004965001437761655
0.009870354523699288
-0.005033745986837897
0.01536028059354281
-0.026185747382221194
0.008871583786924379
0.02342813824316508
-0.020963576770945812
-0.0064389961682321155
0.01645425337444496
-0.006591012906440665
-0.01236583870314799
-0.007677920242712877
-0.011089007887960396
0.02057177534875079
0.008929526415627182
0.0028766911488798466
4.931237786914124E-4
0.0162284993276522
0.009390876390309942
-0.016744369160362135
-0.014499324224454055
0.0027471178156966668
-0.0019300626001099528
-0.02890440564839309
0.02003442753693561
0.007071600255150638
-0.007240052087076051
-0.007676654153798002
-0.02042773639061942
-0.009573818024444953
0.009777339550433056
-0.003928949800161409
0.003675591274352407
0.004069071050573272
0.006927337943384552
-0.01016887688420057
0.011988580125290027
0.008997356281935731
-0.011594020809644471
0.03473310434625318
-0.008619814078979647
0.00992685999077029
-0.011623172602519757
-0.013980532366932091
0.03402142094221493
-0.0015388791691946786
-0.009551052330522627
-0.009244737505890896
-6.147896694908284E-4
-0.01936196301922355
0.020078711411021258
-0.0028655922291880753
-0.01882362377438858
-3.966173731343413E-4
-0.0014874829514972439
0.005079376067284257
0.013763041154408448
-0.015519276417505067
7.574012468842522E-4
0.008677482999816995
0.011160714285714286
-1.4842472345612343E-4
-0.008045420440357772
-0.0076436944030480476
-7.811229811214727E-4
-0.005656368895155408
-0.012295896376674302
0.006879925340630213
0.021931448790959325
-0.012775486138600608
-0.005179909738402395
0.006000893543136456
-0.02529097704097872
-0.008778213397672232
0.005708470943852165
0.03150255998854959
6.957150016566045E-5
0.014056445319683532
0.00785118183486728
-0.008311807705367075
0.016639512723374324
-0.022268675022225112
-0.007197899894218108
0.022137715624723935
-0.026092953126837994
0.010553250896510097
-0.013087068630780387
0.02973716405628813
-0.010420770437483438
-1.2372791182078242E-4
-0.007407490869914877
1.129865899859167E-5
7.441714969693095E-4
0.011608665458789146
-0.02390230411189439
0.014322269558567469
-0.018566338703918446
-0.002682454462374433
0.010153153597121475
0.0063748780330179075
0.002551734284857601
-0.012342986178775075
0.021454294877010754
0.012437986384948151
-0.0012582751485061714
-0.007534022619085862
-0.011296535845876116
-0.0028100793196524196
0.0033140459568667202
0.00973654903119452
-0.008624079562275129
-0.0038294345083793833
0.020125203832231646
6.655667166376045E-4
0.0021377116915222236
-0.024356111654494014
0.016503921964704658
-0.012106442373540168
-0.008246332261347114
-0.016342623429471428
0.014501427227055195
-6.615472848788585E-4
0.018814809823869863
-0.01574572145776537
0.00642381283876878
-0.005276469881041151
0.006539671668950142
-0.007800337055292084
-0.008140098139381564
0.018288980411633685
-0.020838501969913464
0.0033905901284049626
-0.010414570356977378
-0.015821161138868237
0.017774516371931115
-0.003936137374944889
-0.0012020046918930654
0.0060334767898940125
0.017330522165936828
-0.0036391377963012877
-0.011985480458060244
0.01719738388236902
0.011222301935036705
-0.00588260356657501
0.00899529901807342
0.015115800525443668
-0.002274870969976003
0.00828896135508496
0.0013836595374573154
0.01991416950720594
-0.042092426096011985
0.002659066880996621
0.0028368596521361066
0.00427420306648073
-0.012487767292955133
-2.4260513613278203E-4
0.01262790116191745
-0.02245409041233539
0.02199400654293189
-0.002109537580207977
-0.003950432824588934
-0.00826538819372227
-0.008072417389502868
0.014291656051485817
0.00272003587635683
0.011441406978287284
0.006785739186560628
-0.03669271861669263
0.007175514885655132
-0.0011586545138208837
-0.0184528209500458
0.019983032709864346
-0.01954943590731589
-6.380976869067678E-4
0.012856292025366887
-0.010120625665397343
0.001374224754147866
-0.017520932089564303
0.025537451390299438
-0.039108082849556386
0.019592799453354535
-0.012451735819220747
0.005763610270480397
0.004990736452200184
-0.010680282031350963
-0.010991431266395344
0.019755743150823644
0.02381235978374264
-0.0013219843376951403
-0.002232082087971231
-0.01788692904482053
0.02306137241965942
0.011761585736041308
-0.0197248914627677
0.003199393410877006
0.0024780912899579027
0.01817325699087765
-0.004633234178555884
-0.005424939737356377
0.00932622219905029
-0.021322224667484135
0.010864151361976515
-0.0033967147198099915
-0.008328851889402874
0.014520199238421244
-0.013491149724632945
-0.014019995982758503
-0.007238053072183617
0.00408915058985092
-0.012398294992314537
0.020475188957600296
-0.020292930859981045
-0.01125784091721194
0.011297773815798835
-0.0015740899947322923
0.02971982855466035
-0.0028333378209122765
0.0034582134117424716
-0.005139649516501931
0.009463379533150823
0.0030574521935207294
0.009757389914324002
0.012866190783359977
-0.007500356207531056
0.0048579632700014
-0.013278707504380318
-0.00462801630590038
-0.017346650680331317
-0.010126348595433767
-0.007979528612147268
0.0155692965991945
0.020926137050084108
-0.00899425111408275
0.005866465398389463
0.00899323769865849
-0.019914826135992908
0.027814061866498284
0.01895412092157618
-0.014423825505331953
0.009525394575303816
0.03232641661674975
0.009225862238318958
-0.018351174055052356
-0.00893049831229975
-0.014375540833785037
-0.010829496631813606
-0.011960967349010865
0.002197988438282167
0.012203878331342507
-0.020130534454284938
-0.009781927420293126
-0.00200810954120997
-0.007974422324259753
3.225626310333308E-4
0.0038163306765935986
-0.018154603144411037
-0.00698729282911785
-2.2326599247526197E-4
-0.003254429174802457
0.013453256644636572
-0.027504031471157
0.008347170332102093
-0.005380161014278356
0.00995546234134598
0.0
-0.0028037234255053863
0.02433936568265714
0.013688293210919578
