-0.005070596937994575
0.003777953763335013
-0.001203036604508216
0.0024956797791678463
-0.007148279145599944
0.005120492571798132
-2.976307721508876E-4
0.0023254173459526456
-0.017282230353351392
0.0037653914827835075
-0.003911573879249295
0.017428412749817167
0.01421520361074274
-0.002159727023879064
-0.004138655555769966
-0.00791682103109363
-0.015946206623852627
0.003981914664773807
-9.431630884051256E-4
0.012907455047483987
-3.601458485737879E-4
0.005262159744851018
-0.001755162106906575
-0.0031468517893707406
-0.014876937126947027
0.0033417655995419066
-0.0036912035428099937
0.015226375070215098
0.0017361485765007914
0.010826266021483198
-0.004913128295685257
-0.00764928630229879
-0.0064018323462599995
0.01080738157006266
-0.0024855911117622254
-0.0019199581120403983
-0.0020585125754337347
-0.004944342939614435
0.016090330290936358
-0.009087474775888279
0.01748234979801653
-0.02420752930657745
-0.011934368157230887
0.018659547665791837
0.04599072910254442
-0.04518324276898775
-0.03745576268157659
0.03664827634801996
0.05827415500872491
-0.06514704755083608
0.030859381916743284
-0.023986489374632054
-0.04027532180273635
-0.03724127524537167
0.02336533728075869
0.054151259767349344
-0.021762991651708436
0.030418820365830154
0.007115379252561296
-0.015771207966683
-0.06043104362775367
-0.013705537831984237
0.08160232732147032
-0.0074657458617325345
0.01102250831415628
0.015644064089890945
-0.023298667440620664
-0.003367904963426558
0.01793511124966669
-0.003069440171191068
-0.03514974373120121
0.02028407265272567
0.02045568038465917
-0.020108117024010046
-0.04204276409010493
0.041695200729455824
0.006225739886318658
-0.008591221509799917
-0.009100364622491001
0.0114658462459723
0.001899092510056797
-0.00218527187999055
-0.0074326230811583936
0.0077188024510922
-0.0037697865015547446
0.006980701028020401
-0.0038647192085866583
6.538046821210654E-4
0.010328068267826913
-0.010612933729362685
8.127448973653927E-4
-5.278794358296746E-4
0.010547885947937834
-0.001231733789203019
0.0024192363026055265
-0.011735388461340326
-0.0025752249794755255
0.0054157494051361435
1.7191361002771507E-4
-0.003012438035688285
0.006109396112145067
-0.002313083165617352
-0.0034583532240280573
-3.37959722499647E-4
0.01222458893589855
-3.134569191245843E-4
-0.014336093576041263
0.002424961559267273
0.007772520427834273
-0.004995994339293075
-0.003971154297089769
0.0011946282085485702
0.025907334369844964
-0.023162549538255185
-0.007570222250350341
0.004825437418760514
0.025731490298126818
-0.02298600567142462
2.0464140256606879E-4
-0.0029501260292682328
0.0018907985339296175
-0.0017873105767698036
-0.01331458976814764
-0.01051429410152336
0.0045082136895438826
0.007153603813297773
0.008300864422523176
-0.0014260836873868617
-0.0014019114414217833
-0.015003980063276875
0.0069269330444334705
-0.00767962085966842
-0.010304645391649103
0.006696460620043173
0.008422267765615648
0.01246269706246253
0.00461147843453359
-0.007800609996842274
-0.005554115038745361
0.00892857142857143
-0.005390450130775115
0.008843673411123729
0.005330695218811218
0.004359342665767638
0.009616699423839529
0.00972990054531202
0.00380410105539595
-0.0025724453855698664
-0.00710763255487515
0.009100891488705647
-0.016355136330693677
-0.01576701047122432
-0.008386242438259413
0.010693464711368934
-0.005307869358913822
0.002691085299565488
0.011046163554150206
-0.0020544753601757343
0.0010140320962414417
-0.008584225543623654
-0.002038081787633067
-0.021486345890934913
-0.01765045122652837
0.0273720009523577
-0.0020854622068277023
-0.004018366158274055
0.01379900662198027
0.0037927301309984684
0.0046179774221179574
-0.003503661820986919
0.015713029132948135
-1.2599100844651722E-4
-0.0031327171905733316
-0.008947507735082154
-0.01388371065498269
-0.002016925997061334
-0.004194328570349878
0.005273288077460752
0.003621384987740621
0.005385226366692244
-0.009532089699101638
0.010876366417814254
0.0012219841530723187
0.0011233558979060069
0.0036220860500711816
-0.013356699253103989
0.010871770546139189
0.001596854609215369
-0.005005645129194847
0.01701070298952532
-0.006602666608923382
-0.007800508934637148
-0.005381387630349512
-0.0037136266148821203
0.006276121350942248
-0.005644652138569304
0.008174647166486622
-0.0011070850813862908
-0.008549741015895392
0.0024615505489621052
0.01283231133800696
0.004398768288446931
-0.0035504918115464787
-0.006649377892561777
-0.013092320380281719
0.0050035589503387564
-0.004959039656493249
0.018043095215599846
0.002716900868622844
0.0033049944898123403
-0.0034059598217911925
-0.0018540544540508368
-0.01020913488186468
-0.006616771491744444
0.019467911825059775
-0.010309898013754863
0.017412070463810263
-0.0037088740149961016
-0.022529825849536302
0.010809007025156941
-0.003247948885672
-0.00849284357337086
0.004115594571308159
-0.013861939443704318
-0.013828093126207936
0.01526421198508806
-0.006187410467601036
0.0014532594697625788
0.01756703194090556
0.010272549469124589
-0.013474217041112145
0.008139796704893653
-0.008730849786098218
5.61447297610887E-4
-0.016772672687821604
-0.004087754676144654
0.02637182746206075
-0.013401048961779856
0.0182544935173728
-0.008569919649364679
-0.016978591984121445
0.003308654123103441
0.0123060342398096
0.008452025831182961
0.001992300124568911
-0.010887665625665722
0.010601443354319003
-9.430523307950604E-5
-0.004657602250586722
0.010092482921498709
0.019700737394878202
0.0
0.005678375626166146
-0.005581740038805429
-0.008858941712863812
-0.00334305155653918
-0.014030731351300884
-0.01599552807079368
-0.0020855381254345066
1.305777447638736E-4
-2.2311253398652267E-4
0.0011575831765521837
0.003302338013863127
-0.0025680795907629095
0.006243378290400046
0.004397899951358231
-0.016628426264174802
0.01101306108932871
-0.01961259046127174
-0.0063897723002179305
0.028599631126055375
-0.0024768989598523425
-0.01399020013529582
0.0258333978565556
-0.011320283966902116
0.010285468068906662
0.005339656978903642
-0.009585626803666971
-0.0019839757749550505
-0.005959327212387917
-0.009523803375084731
0.0020111276079190304
-0.02660570889323414
6.472127883437977E-4
0.015177081793272469
-0.0019679604560558705
8.749048986180766E-4
0.004080207747287043
-0.007839823845418571
-0.002765001532273012
0.009270553745954584
0.010323056933096608
-0.001440069760347741
0.007815692364897304
0.003439231977002407
-0.0074082758732265715
0.008638460512334129
-0.005699991225100254
0.012594074938293627
0.001992300124568911
-0.0014879783799088948
-0.006675248774255115
-0.0013731222367753763
0.0011973766612675147
0.013313340217214753
0.0024518321366914756
-0.011684211564179054
0.003964436332644068
0.0024694120510578106
0.004882767850469523
0.001815573355448354
-0.00897060924995429
0.009483164032716904
0.0021859258143457783
0.006493685148598447
-0.017462341818598407
0.006581739800597573
0.004570958744258976
-0.010340286065939149
0.009989106776758315
-0.0177169677483391
0.005974535473987854
-0.005220937981992829
0.006024047432106957
0.007106268877093277
0.01120091640110328
-2.1412880976188087E-4
-0.004440482466193261
0.012130892830831887
-0.005430275441869623
0.00318486343786716
-0.010130592248571442
-0.009072407414758387
-0.023031458781656355
0.021349320030812295
-0.009860175403731896
0.0032552961686725303
0.0020682486006716027
-0.002295785415475588
0.016214712721165717
0.0032689369182698482
-0.018625037502550096
0.025518024688999136
-0.010704290212555851
-0.019240663223437912
0.003954557907451457
-0.01444447768849236
0.007183167889678288
0.026469238401101915
-0.008683162482060325
-0.013403709636266465
0.0051423341074052584
-0.012476505793773353
-7.05757772322832E-4
-0.010709330618411164
0.008072114273946248
-0.006515412094223481
0.010759777739120659
-0.023883175482858624
0.04434234891737267
0.0024984802457923005
0.004969375865479416
9.848168004411312E-4
-0.00230678617608566
-0.002129725294508251
0.022367249055193772
0.005185298420679455
-0.021152405593112926
6.837275703066568E-4
0.005168229624874422
0.007776588398503362
-0.0070553780223256025
-0.0046862091249162
-0.011481923501176947
0.008264072666390562
-0.017002231966629106
0.009046364279405212
0.005762411245307107
-0.00993690163880914
0.0
-0.0038931929772030543
0.011250946386685076
0.013705647094886683
-0.015383816358961673
-0.00501389996333155
0.010255074387618341
-0.008313681849567186
-7.086048763052244E-4
-0.00928129044183176
-0.01520183189472358
-0.004044591865199481
0.005811161848177603
-6.697706560938522E-4
0.01946565106280023
0.02320095970565558
-0.020147994619929104
-5.443961441151696E-4
-5.775354985859647E-4
0.00106376944941787
-0.004718251270980668
-0.016885183336715143
-0.002957402442958659
0.02046143485001886
0.0021717736789410775
0.014136704014558492
-0.017571813369529864
-0.019025988769434326
0.006579958011724448
0.002395906102422142
-0.017535993148003394
-0.017838015103257936
0.006723652345705919
-0.010942236029806183
0.00688026914220734
0.01642755554133453
1.3966727347536345E-4
0.0013575295605744372
0.002531786184119002
-0.015801627308641687
0.0014628459465720368
0.010108391765525153
0.002182852631335939
-0.007741225079908773
0.018705477087941003
0.009849964214010815
0.004380254064691558
-0.015056633702478929
0.0
6.687322559606728E-5
-0.006532580268027465
0.0029482877092735036
-0.004628847530345212
-0.014420742365462839
-0.0033942055326038247
0.009390495271850466
0.0181092456889854
-1.8795837447979549E-4
0.004403882649210074
0.006869312152050022
0.0011101078452141408
0.017503631585406493
0.002933974353414217
-0.0012192017064224024
0.0014040597073460136
-0.006432404030427642
0.00546474218254559
0.01877206094531495
-0.005732075872637384
-6.117832601072208E-4
-0.005266496314289016
-0.02238038795340126
0.00862807678890707
0.0
0.002282024595750015
-0.010189646135412978
-0.005516720734560221
-0.00646562198787224
0.004945216391369881
-0.006321372136856983
-0.007471174192168995
-0.007289225731229947
-3.182336878666354E-4
0.016338987643371997
0.00228957153800356
-0.0015659484966236903
0.02304568155846663
-0.0074150199879102225
0.02008054672097987
-0.004889190981459842
0.007370563226397427
-0.0057139970211286025
-0.021358623110621186
-0.0046726990431788466
-6.924387456641976E-4
-0.015290863317917666
-0.014306294998174386
0.02193976982555349
-0.003221228823211753
-0.007533744987848734
-0.004749543418318141
0.015403966471863328
-0.010425265749499979
0.005382365955186987
-0.004624445713889914
0.0030493196656725483
-0.006198630563132619
0.010544289920088906
0.01364028141556445
0.016337312026106058
-8.916248625948601E-4
-0.009598411628310535
0.00892857142857143
-0.011805491198660012
0.005031888032937245
-0.006018562025563808
-0.013394744792420865
-0.027756029716938538
-0.006995563409089375
0.005813959878167083
0.00499513968536827
-0.0010094565516031322
-0.006238342164049331
0.02991641426295799
0.009538089245751665
0.005230396745674309
0.033906935351947366
-0.0035941144195197217
-0.01284059509764048
-0.010865982307968562
-8.517392531692558E-4
0.013274393616615306
0.00473845508104755
0.0014194072054158303
-0.001885630369962031
-0.017784786165910577
-0.014178839459050805
-0.004404844980790964
-4.322341617464182E-4
-0.012228041415362585
0.005620282503474032
-0.009128114696301563
0.016916166871049
-0.012636044641770277
0.0012606413322587332
0.023642710258069896
0.002172450274545495
8.58303538565097E-4
-0.019716296366776045
-0.00977782807688716
-0.003715722329164492
0.02559471821794258
0.009457573763383485
-0.005062826584494628
0.00415866289376493
-0.003419413622233909
-0.017263215232409222
-4.999155020474141E-4
-0.013112407316041763
-0.002163123455919557
0.001245651272202609
-0.023928654981227135
-0.016455354216337714
0.030239735718181775
0.01050262956497134
0.0013029868230615069
-0.012940046425538115
-0.004581485679844328
-0.0023805368256364715
5.581862738580406E-4
0.020135512294451235
0.008926937260978964
-5.413183479229481E-4
0.003964436332644068
0.0065944902464073855
-0.01202912245653587
-0.0013791319899060107
0.017899891575306106
-0.0035050230147935964
-0.013384924274595901
-0.003794329190951113
0.011064530184608767
-0.015647327530798234
0.002894500503060413
0.02624535786963436
-0.007816210615181096
-0.004531351744551134
-0.0024531238354136508
0.011103713011280601
-0.01594854708056666
0.011796629712166247
0.013294558036590862
-0.00957583778822105
0.010342660592864919
0.004713784993942431
0.017054440771265684
0.012194298795288955
-0.01332092720356072
-0.0033151868897575293
-0.015167995804735965
0.0013817049243088017
-0.008533330530441417
-0.002012350075952768
0.013617923034616404
-0.014785676911307376
0.011314891893402871
-0.007135651612119839
0.0038050257760169465
-0.0012363015131196704
0.005110228349198231
-0.015084512552295929
0.002787884642698248
-0.011453266649355628
0.006953862443187917
-0.0036410244027123063
0.0050139545719155515
0.022660715986375122
0.007410204993902624
-0.009324919496139476
-0.008358304776291245
0.002003478366819826
0.016762285601528884
-0.006136793278623045
-0.002675191906880838
-0.003941204279826056
-0.03169501773587609
0.012669519633793185
0.007739673122665495
-0.02290290167604546
0.0103574536004065
0.0028170536112433727
-0.008202584022072593
0.0011510236856708182
0.010763598482392212
-0.007190326824182913
0.003757403618494315
0.011812880071626954
-0.009740273880058827
0.0
-0.006985422026549821
0.0
0.01238949456670017
0.012383250506830578
0.003009008402253349
-0.008451164193865482
-0.002230616214085795
0.010368384321583778
-0.015673754746557304
-0.001637654972971862
-0.01199448045442854
-0.005852200587390191
0.003073711597507359
0.013692431378733834
0.02579260868836141
-0.005930645552188919
-0.018810415760215204
0.0013368091583489746
0.016102528968887544
-0.002461955089675497
-0.009512901568727127
-0.005603487489061559
0.024031956116440042
-0.005824436799227433
-0.002400159734595401
-0.008368389703440062
-0.009770411090310245
-0.010933085177248668
0.005829206810484189
1.2094587590794775E-4
-0.0022587192622441086
0.0011112832083330672
-5.909695215261931E-4
-0.0021142286516755322
-0.01875743394779159
0.011166227612083465
0.017738689300317138
0.004534559617661243
-1.9962193879803462E-4
0.001053242283229264
0.00574496090792628
0.023992425686525265
-0.0102125941629054
-0.0034653189990804124
-0.002070556286431957
-0.014864564275559846
0.006425063712541824
-0.008774890345048992
-0.008793939818211286
0.012903539076666356
-0.013955500774748095
-0.012230696084659732
0.02172150538429826
0.010693918115466872
0.007939159036084926
-0.009599101255559739
-0.018939997797807917
-0.01343043998416759
0.003509266678561677
0.003759613800358518
0.0026732527940863107
0.013613656350376365
0.004003412307835328
-0.0050856619467963115
1.0737412029187578E-4
-0.0013791319899060107
-0.005035648588087058
-2.1628704949290013E-4
-0.004123489325460921
-0.01500437202062447
-0.009900209691715192
0.01869637841527897
0.007764611770563836
-0.004470047019800778
-2.3150625409651057E-4
0.004527803673117844
-0.008271539432222764
0.01669835491907467
0.06138218767694074
-0.00743867613141809
-0.013459496949358388
-0.006521649149669795
6.599949465400973E-4
-0.007721645983773888
-0.0029704634294256942
-0.008647800169041675
-0.010006710347124935
-0.007375414461737269
-0.009713193011425583
-9.926331593730327E-4
-0.0013791319899060107
-0.004615948286936567
0.0037774144951684945
0.012964653375107875
-3.4381377965726247E-4
8.07035741918153E-5
-0.001137988212875096
-0.02024495592339865
0.003907271254027969
0.010347738470629373
0.0051198109377314106
-0.02311753127413342
-0.004726820307897865
0.015253065531045846
0.0027598003673788493
0.012537758199900523
-0.002751169557110064
-0.012445857823169225
-0.0033005110821151505
0.013118156685836525
0.03992409846990753
-0.02095917745554987
-0.011487892526077306
0.014394255033731394
-0.01514453506661149
-0.018235590599378754
0.027224119196913407
0.010482089112797913
0.005723484979157782
0.014942651159386495
-0.017711570292326943
-0.010785150700130537
-0.009894728106718821
-0.014006779901193027
-0.01201753912910699
0.033642596116135674
-0.004041344054548849
5.401188369818868E-4
-0.013204019611183516
0.0
-0.0038496870501337813
0.0028975032302722605
-0.003075900974360795
-0.002082901908630398
-0.004539796535749168
-0.007297504089125212
0.0028665584738573717
0.0071311060369327805
-0.00892857142857143
0.01085157116078648
0.008875109065629308
0.004770284071954783
0.08686768727718411
-4.532479216901408E-4
0.0026009891387550246
0.007905699818393138
-0.0014237822893020374
-0.0025027355203200404
-0.006072751400045712
-0.01777776196612647
-0.0014933609060189962
0.0025730904501587285
-0.032594004985565785
-0.00777512185806825
-0.004964135095927362
0.002406922278901635
-0.0071451781778955606
-0.0026699590444157666
7.282484996528789E-4
0.004740866427769429
0.006572682429413068
-0.02646875327301258
-0.010913832055745601
-0.018550146635557607
0.013761779725190063
0.0029902040838621327
6.858936479029291E-4
0.009919446775591851
0.0017970210643784086
0.013895204242985144
-0.003099983850320392
-0.013193856080604948
-0.0034265740990866954
-0.003645730208995537
0.015725622551468543
-0.006265551468145277
-0.010691161897403175
-0.012318751397534272
-0.011824856736266882
-0.0043488160424194145
0.025805549562612187
0.005890921355643966
5.495668292421862E-4
-0.001289577394279512
-0.016580326473814654
-0.004478067423664332
0.00523146238888483
-0.013003230976244612
0.006133959358836412
0.009528889605853106
-0.0013791319899060107
-0.011679740985681494
-9.661566781473916E-4
-0.00892857142857143
-0.0013711769629041366
-0.013037022916792328
0.019802760019580992
-0.025611574990396867
-0.010429445923656449
-0.0028209329786150024
0.02293222290136464
-0.012347370649517525
-0.004614620375562719
0.002357485437092654
0.00892857142857143
0.057824253758933485
-5.683665285587704E-4
0.008088673657033077
0.04820789339079415
0.046214225819131066
-0.011679740985681494
-0.0020052246158996844
-0.0011197142660702613
0.001147005919903955
-0.007504995080674897
-0.001297681937304647
-0.01294360370278327
0.019262633713380346
-0.00892857142857143
-0.007444641980102067
-0.009689705680272645
-0.013747457191778995
0.0050126201849480445
0.009859777836758853
-0.019981155873561727
-0.02042489019236383
0.002603654560443993
-0.014793048290174901
0.017479727963839252
-0.043729055349197736
0.011241203457574032
-0.0056624553735107434
0.026053605588037418
0.021664984235236825
0.0019543419992912726
-0.00464601167683874
-0.024257056011085954
-0.00755948582838383
-0.0018021548445989013
-0.012514674491850293
0.01838528780675586
-0.014755804822837004
2.1951779528759947E-4
0.022525970655476915
0.0
-0.01436346159790844
-0.0034569939131527602
4.470493211905985E-5
-0.017992919302741463
-0.0030398792098622193
0.0
-0.009868358423160722
0.005808936204583552
-0.006645933469687792
0.0
0.0
4.067537857137444E-5
-0.007487952311497019
-0.007182271248235048
-0.010353783644919642
-0.004206141945124607
3.0951749742402524E-4
-0.009240321668147547
-0.006864792479736066
0.003868023886473021
0.016727868771836178
-0.010943244102660454
-0.0023097294132620764
-0.0062885161566559895
0.08057894378395379
0.0
-0.006942218271873692
0.009584317083664062
0.0
0.0
0.003452635296834562
0.001981141705107073
0.0
-0.0011000334104406143
0.04198237052114764
0.00577036359185265
0.0
0.0
-0.006048650806071901
0.00959422929850512
0.0
0.0
-0.006983820138897348
-0.0090550197392876
0.0
0.0
0.009713814463960642
-0.007497263821366385
-0.006842636538111572
0.0
0.05851571334269538
-0.046361841590050995
0.0
0.0
-0.014970112621070234
-0.04166588090870796
0.0
0.0
0.009390813405087456
-0.018351920609488627
0.0
-0.0056624553735107434
-0.008117769484921654
0.0
0.0
0.0
0.010663110239911391
-0.011678003770925689
0.0
0.0
-0.01607374960646699
0.07961792854562955
-0.00892857142857143
-0.015000502867757079
0.00405725876509663
-0.006974229429280157
0.0
0.0
-0.0210093771507141
-0.003259364342649506
0.0
0.0
-0.02130179374696144
-0.013124547896469588
0.0
0.0
-0.005909403841926187
0.05853547113602934
0.0
0.0
0.0
-0.015000502867757079
0.0
0.0
0.0
-4.77966240586951E-4
0.0
0.0
0.0
-0.024796852694392326
0.0
0.0
0.0
0.0
0.0
0.0
0.0
-0.0056624553735107434
0.0
0.0
0.0
-0.015960696874840544
0.0
0.0
0.0
-0.008775486458908816
0.0
0.0
0.0
-0.006842636538111572
0.0
0.0
0.0
-0.0011000334104406143
0.0
0.0
0.0
0.08985940035679298
0.0
0.0
0.0
-0.06539402966559364
0.0
0.0
0.0
0.0
0.0
0.0
0.0
0.0
0.0
0.0
0.0
-0.04300191687553531
0.0
0.0
0.0
0.10608174807145607
0.0
0.0
0.0
-0.00892857142857143
0.0
0.0
0.0
0.0
0.0
0.0
0.0
0.0
0.0
0.0
-0.021762991651708436
0.0
0.0
0.0
0.0
0.0
0.0
0.0
0.0
0.0
0.0
0.0
0.0
0.0
0.0
0.0
0.030418820365830154
0.0
0.0
0.0
0.0
0.0
0.0
0.0
0.0
0.0
0.0
0.0
0.0
0.0
0.0
0.0
0.007115379252561296
0.0
0.0
0.0
0.0
0.0
0.0
0.0
0.0
0.0
0.0
0.0
0.0
0.0
0.0
0.0
-0.015771207966683
0.0
0.0
0.0
0.0
0.0
0.0
0.0
0.0
0.0
0.0
0.0
0.0
0.0
0.0
0.0
0.0
0.0
0.0
0.0
0.0
0.0
0.0
0.0
0.0
0.0
0.0
0.0
0.0
0.0
0.0
0.0
0.0
0.0
0.0
0.0
0.0
0.0
0.0
0.0
0.0
0.0
0.0
0.0
0.0
0.0
0.0
-0.06043104362775367
-0.013705537831984237
0.08160232732147032
-0.0074657458617325345
0.0
0.0
0.0
0.0
0.0
0.0
0.0
0.0
0.0
0.0
0.0
0.0
0.0
0.0
0.0
0.0
0.0
0.0
0.0
0.0
0.0
0.0
0.0
0.0
0.0
0.0
0.0
0.0
0.0
0.0
0.0
0.0
0.0
0.0
0.0
0.0
0.0
0.0
0.0
0.0
0.0
0.0
0.0
0.0
0.0
0.0
0.0
0.0
0.0
0.0
0.0
0.0
3.956929933093497E-5
-0.020510825064401286
-0.023590509354073162
-0.016369278508610148
0.019708860262260305
-0.05884357556694756
0.04417166146033403
-0.01874248398763099
-0.016473280798835657
0.07192184533069129
0.00734590772710301
0.01880785506251178
0.007747359551400717
0.02307661939054848
-0.05122572727398453
0.012936002470302795
0.0
0.0
0.0
0.0
0.0
0.0
0.0
0.0
0.0
0.0
0.0
0.0
0.0
0.0
0.0
0.0
0.0
0.0
9.178241464385824E-4
-8.782548471076475E-4
0.0
-0.012119641403423684
0.0
-0.008391183660977606
-0.015137032579938012
0.005895614610674532
-0.014349091384809682
0.0
0.0
0.0
0.0
-0.016369278508610148
0.02299962342956132
-0.0013711769629041366
-0.0019195862043968823
0.0
-0.009152554002654287
-0.033668541702154116
0.004463070420444328
-0.020485550282583496
-0.016414062647963294
0.05179759336738575
0.008788130740911577
0.0
-0.010317809445438555
-0.0202698640932644
-0.005559323644408377
0.017404513195480337
0.06779209534907181
-0.039641659939865334
-0.00927821868542874
-0.035345497522613394
8.186477693641579E-4
-0.00990573678770235
0.004422120445117313
0.0765868139039122
-0.018253618735231396
0.019343503369796785
-0.010985526786708113
0.017241549879245748
0.01498471967770421
0.019616244325524716
-0.008725640406863926
-0.007067468533853204
0.008124180047996202
0.0
-3.76820496595486E-4
0.0
0.004330438555356518
0.008828955781977683
0.006395059832209701
0.0035221652210045773
-0.02753486100681774
-0.009039953472569483
-0.007385304146868594
-0.0072656086477287055
-0.004304655161344266
0.017465222735332967
-0.001556437560242915
0.0013318724565570062
0.053575713416781405
0.029403106307871837
-0.009277116784896483
0.025214195886872584
0.00465845564490994
-0.0246899941425787
-0.007739608533448459
-0.013241689871652255
0.01827674523211941
-0.013422630931936417
-0.00741239546186147
-0.008098520078304042
-0.00542647309902491
-0.025157839929810133
-0.0014538734107847557
-0.00418556593010124
0.014878053435725685
3.5090296666748927E-4
-0.012624376518115234
-0.006608047562211548
-0.02481459693988245
0.0032159276054870597
-0.010510953076522486
-0.01475534170038458
-0.006298532897987732
-0.0045284578915575505
0.01626421345801001
0.009843028029306615
-0.008441324841207722
0.020190962412423297
-0.0034394041778901983
0.04292201178803028
0.013943761312868144
-0.04140756543047913
-0.04124318097532531
-0.008632589877014157
-0.0019594502613415263
0.008735375458708975
0.042494208352252115
0.018726624325668025
-0.007592272386557696
0.0028720077194924615
-0.026027025916257045
0.006815499005847458
-0.009799444326911568
0.007765654757892152
0.006362366759324511
0.005647364041211942
0.005328888736965158
-0.0011768202467328972
-0.0036638224108643544
-1.2599100844651722E-4
-0.012648491458203754
0.005161328485729899
0.015661279625729718
0.008637486314337419
-0.01834737069278946
0.001958237268230908
0.002722767952287696
-0.0021750361392443656
0.005122019509196251
0.010621688566580724
-0.0021558429717432343
-0.01828822649445975
0.043452879048144884
0.020993052185353495
0.01084433298651756
0.012436152682324453
-0.015669745279297324
-0.010323816228841466
0.008368722709893717
0.004794462395572366
-0.0015869669898893636
-0.013906563581588219
-0.03350753913668601
-0.017807426981037787
0.0
0.0010723663435495481
-0.016171622317030232
0.02494682341268105
-0.0017651478896390637
-6.369609696478282E-4
-0.022160173798474583
-0.010201800356756314
0.0150029746295391
8.073668397902615E-4
-0.007597058883606393
-0.01579064517837573
-0.008030732537545358
0.01951105226616811
0.03516528265740871
-0.006740676018020574
-0.022333047994681048
0.0029707947240413465
0.005994279131083937
0.012735053207524367
0.019546805126033538
-0.006642160494528744
-0.028998864117899894
0.002132788741179622
-0.026210439940788584
-0.01241502519154538
0.03112939005021976
-0.005624768753656395
0.005440917980635434
-0.022949470206267995
0.002751042145013564
3.0507011279818676E-4
-3.8272291120792866E-4
-0.0015989497529473023
-0.0012327577166948512
0.009599401198455745
-0.005382438016121694
-0.0032599034670158155
-0.006755032274197224
-0.003147849000613214
-0.004326429053905967
0.015594466089404705
-4.887183234242283E-4
0.00264114709501153
-3.351076110904537E-4
-0.003158127693458428
0.004059255759669531
-0.001252774256214327
0.008804941326132493
0.0053506576277338
0.009499096505715624
0.002440887945099321
0.01208074842241392
-5.546626987116411E-4
0.015130633015864673
0.029195379528850707
0.0041707319686673915
-0.0034539768158344322
0.015750176676533823
-0.006012904575205679
-0.0086028007418978
-0.03329470014537901
-0.015340095207082079
0.010167858890304747
0.0
-0.001493844100956761
0.00892857142857143
-0.006215435261480121
0.004944136202128649
-0.016665706711241523
0.0050454313950442555
-0.024527500530384154
-0.003852219650848018
0.012568632307775641
7.504720697500149E-4
-0.01580389321786951
0.0068429214682342
0.025634020325970584
0.0031957975721430935
-0.004260403813265036
-1.5395070097541565E-4
-0.015928187393380883
0.004869802446618944
-0.0027674687937108804
0.0050643010581960584
0.00699851286457398
3.619298615585237E-4
-0.016936632942218303
-8.60740964930576E-4
-0.03603416430462233
0.03779677395720358
-0.0214049779027972
-0.007874322877128831
0.018656965209115813
-0.013126523130358144
0.010811922223776964
-0.020701669523785285
-9.011661059367382E-4
-0.01247887684536683
0.008585905332614358
-0.0019309020608351225
0.0027417079096178315
-0.022715770905888975
0.007994135477349782
9.302363654663699E-4
0.005887247510402683
-0.01609026470427854
0.017067649770786876
-0.010838064086136995
0.016609713743078545
-0.01178903023960533
0.004106376185738249
0.022680687631488235
0.017044336525537704
-0.007721650471866867
0.017718792078601407
-1.7104418291303018E-4
0.009987377187123836
-4.5891199966163277E-4
0.010800862617354329
-0.0060742106807862755
0.002686113005833368
-1.3736042483646852E-4
-0.003954690535971972
-0.007642920417103447
0.015329678853550117
-0.018694827564533625
0.008830292494665447
7.900877457638969E-4
-0.01302387925705847
0.02170668881212133
-0.01374751576722873
-0.005281166983573822
-9.455513027775211E-4
0.0026646828142715545
0.003950043190434957
2.737801489296884E-4
-0.01733544386804974
0.013276243105169764
-0.017246840688328158
-9.760485666759078E-4
0.0027538210645442138
0.021365228738569643
0.015064156762770925
0.008644655314006237
0.004613968163134053
-0.02924724232342093
-0.010165507078804878
-0.023804500519697135
-5.4412098084157976E-5
0.0010631353407279686
0.002323511040123906
0.016812445284931046
0.014194057769730208
0.020239601451670083
-0.02364010537354541
-0.0035051970965652886
-0.020579976902170907
0.008237790309312262
-0.021212467315478514
0.008848844292739608
-0.011531388203693564
-0.004193401404893746
0.02770169880240263
0.0
0.011300532047697029
-0.0049885329862386415
-0.004486931654730849
9.584793551353269E-4
0.004549394475261594
-0.0139572212165349
0.007170486311401306
0.004367913126527503
0.01393955088819296
-0.026178165749493634
0.0014685482927298526
0.0029890966777268574
-0.008903140795212615
0.0054375738891842915
0.01779826358432623
-0.016776428789971994
-0.009350878159467476
-0.001393542184964825
-0.0017358625517796945
-0.005393588314161605
-0.004601103130107835
0.030267218939063815
1.5418339164808767E-5
-0.005970239815992755
0.02020149633521219
-0.023902731534784043
0.007951848184663848
0.012014176563618853
0.0013747477376992272
0.0018722911887828994
-0.0026737302969186364
7.337013384463575E-4
0.006054876983760287
-0.0011162175820354728
0.006298133368038621
0.004882081694110448
-0.006094886675856502
0.009125039551974688
-0.0038181131874531968
-0.005970430603841215
0.027343063551474818
-0.00480225390074024
0.0028508838685751122
-0.002432201956430563
-0.02221027029511649
-0.006520023084036807
-0.0065086549508603705
0.01197204195457837
-0.01553307591532497
-0.0026383166244308334
-0.0015569023686397075
-0.011069646734567897
0.012048778255476266
0.01983158506270276
-0.00936764267949476
0.00986838924348829
-0.007454555956077897
-0.007773443255298463
-0.009910364298257292
-0.0015710168242172688
0.005196192987086197
-0.007961526884588326
0.008486880956407105
0.016289551372778325
-1.8991425384343E-4
0.0030561397186247732
0.0021169071926769307
-0.005592406609009282
-0.023360815564252915
0.0016167927071037043
-0.001508010626672109
0.012094908689095575
-0.0045990590209395495
-0.015032136161913326
0.0012399054667482506
-0.0027508229400967452
0.010562469390915414
0.006183868941905157
0.007591424147971422
0.0018337096128850697
0.013072559023290662
-0.007596080364256562
0.004908677603911886
-1.1974070295873909E-4
-0.007756109461543346
0.004362829622804167
-0.015505970803177671
0.014787201269689326
-0.014663775085179664
-0.009041913729993113
0.006826550872677089
-0.0017358625517796945
0.008670654374569702
-4.4704111326232315E-4
-0.0013654750692315355
-0.0014413003566273004
-0.021802124730433865
-6.388373187102498E-6
0.006076253496619935
-0.017840872035627117
-0.009795483749769265
0.001237585423963794
0.004390743246691607
0.02215383001575301
0.006618188271995852
0.008159495422897386
0.023909122550198725
-0.011980490285597105
-0.021920328022261924
0.020096976226160516
-8.745060727567387E-4
0.0010654961822425596
0.010078410880071208
-0.0033547725803222206
0.002233493030758354
0.01886695749967015
-0.005587730688986568
0.020639889198540907
0.0015718289004450856
-0.00838972728641718
-0.002185436216633422
-0.02526906170788691
-0.015666339641798553
-0.005105236013201152
0.007991820310265511
0.0058980600052923856
-0.006652371080626831
-0.0014639514311187568
0.01331376924959987
-0.001450566041663875
-0.005139116933942962
-0.00530541792861608
0.006436895007633015
0.005731068961966269
-0.011939406220398865
-0.003696682661632337
0.0044774706011943746
-0.004675819037688681
-0.0025303587398104246
0.008919972621273187
0.011819486446984849
-0.01186502561075908
-0.0019785136008994356
0.0031654041974021148
0.018629569146258185
-0.006456948495907842
-0.015344070840370884
0.01771072969610268
-0.00783959722591941
0.008575525404357203
-0.0037840434520126053
0.002766115450073844
-0.010245193720684189
-0.0047631348166337715
-1.6559427218564363E-4
3.939285964559792E-4
0.011162064459329784
-0.0027107268601724824
-7.659589982660694E-4
-0.001284355171833884
0.006858973280855207
3.3401214192432913E-4
-0.01030770341847744
-0.005216755636058374
-0.0032077308543885462
-0.003339616690978737
-0.0049383257112405095
0.015013187663321135
0.00936165099718536
-0.009899686554317519
0.01749622110108616
5.167290564483918E-5
-0.01778565942849143
0.001135757144262112
-0.00488457549785536
-0.013945585066473459
0.009135390150166421
0.019505793577721465
0.01015902267597839
-0.003946776068603134
-0.008220868105776769
0.017232473987572994
-0.010818382241815958
-0.007719639746468986
0.002580146175556771
-0.025668768550062074
-1.9036931697032078E-5
-0.0017076642072089787
0.010043242789007598
0.004157821752200473
4.557470726773705E-5
0.0014004110478426349
-0.00892857142857143
-0.0038338038227257133
0.001460347974149745
-0.007330010171027005
0.005599446203497657
-0.0055695856046155175
0.013861782681703008
-0.001257563386514152
-0.005017701420235046
0.013365867744028087
0.006592366570152604
-6.683250821307915E-4
-0.006709411612654005
-0.001893066746625316
-0.0016000623821044288
0.005918038417035415
1.1454562258494776E-4
-0.009287745016822276
-0.007408964015860681
0.0
0.006367098227039911
0.005476542364691651
0.013851720556976817
0.005597338835117341
0.0010963105353426386
0.007559433237672563
-0.004704029207120302
0.00892857142857143
0.0021236882089329823
-0.014948955125233686
-0.010135708120990915
0.006929081909494023
0.014848220776563555
-0.017401963992582377
-0.0031581508730610334
-0.011269273035277944
0.004806413578962844
-0.006375512770328278
-8.303777559436863E-4
-0.004232740455048153
0.017247186236031248
-0.012555890082909516
0.01644024139826237
-0.013002302580821213
-0.010062310799822024
0.02350156379220953
-0.006115919134932358
-9.597533035747563E-6
-0.0030513866110836313
-0.0016471274892433515
0.013510211613774574
-0.0021878195053786267
-0.009316068760112064
0.012121556977518329
-0.003938766680204742
-0.0054610009049265995
-0.017966688728803387
-0.013415779824479652
0.009877747281224364
-0.0015675914843645338
0.006127814440036645
0.00213167919737101
0.017212054314312962
-5.694527129066224E-4
0.002423174292796682
-0.002465113963001221
-0.0013189954041277908
0.0014102645666188374
-0.0021964953916820537
0.011318809478236531
-0.013822342445981373
0.012982093125882747
0.0024057931984856106
0.002607020185211237
-0.0173051212199148
0.002643786041184714
-0.017280377990891237
0.009923129807661454
-0.0024915600289130545
-0.006673451143169256
0.01272969585511181
-0.0010498275369902827
0.007261652905634796
0.001158780978217882
0.00872502023026887
0.005719792224783001
-0.0012690393524081975
-0.010975537214969936
0.007880538191472285
-0.0072162010444408115
-0.020490750393710764
0.0059999899896214706
0.0017938840077462454
-0.01016267363637203
0.003992900959729381
-0.00939432835512288
0.003467035857057494
0.0012545790837975783
-0.00737411455976992
0.007665338894991444
-0.009019958583846367
0.015486998787632137
-0.014471431444568573
-0.001171990178970463
0.005534940003591861
0.007970129411509392
0.010208316813987445
-0.004838834902611859
0.015272871524232854
-0.017386207206475587
0.002212404259701607
0.024642538990919814
-0.005111911804933629
-0.00929312282806843
-0.0013518137568924071
0.009941240146051585
-0.02088219666309956
0.020171413584597172
-0.006447855826493102
-0.01726868625078743
0.0024232234417290366
-0.007716972023789874
0.006757218348342895
9.554290890213841E-4
-0.015597150462463573
0.0034620871418149404
0.01548847248407887
0.0
0.0018193808174883641
-9.151587236543512E-4
-0.003901758689263614
-0.0030119280494312426
0.0035860863123102684
-0.012728356676262967
-0.006936987728359692
0.024598460632675227
-0.003024530327011601
-0.001644353081184849
6.778404475295246E-4
-0.009402433690537169
-0.009910385318778926
-2.882210529362838E-4
0.018069907091729023
0.0040666999715289935
0.022580493162320667
-2.1529078407912783E-4
-0.01785714285714286
0.004867810934057405
-0.0091431691702631
0.00553606604903652
0.011643492911893217
-0.014596567636976004
0.003778450010381861
-0.011593637176605685
0.012408224798284335
-0.0018534137576318548
0.006098902826360336
-0.0022374086092497073
-0.00737411455976992
-0.003389539576039129
0.011225161379712398
-5.677253891963325E-4
0.008485535555352731
-0.0014035451853077548
-0.018327205325227417
0.002213812425571395
-7.411061940299987E-5
0.02003209302166999
-0.006901184351897564
6.038604172615601E-4
0.014915078833715355
-0.0039774009845742015
-0.022533981121129143
-0.004818555097239089
0.0022046228511128693
-0.008725010330993105
0.013169366520239334
9.396911554574974E-4
-0.010201800356756314
0.008930038878158651
0.004825711677976902
0.0016957995838725616
-0.002637378830226537
0.004831628683616471
-0.010873653477635881
-0.004760751379275213
0.0021953794353884804
0.004815475829960465
-0.0010724109729179456
0.0015275532567315918
-0.008117992897625017
0.009660093558445484
-0.007825636319383824
-0.004133765778902266
-0.004986540974665571
-0.007208642771165551
0.009520397598159036
-0.002750848957718535
-0.008001686118538343
-0.006899239511454656
-0.009484727015687996
-0.005697184525853065
-0.0022938637009732527
-0.0013779606954609045
0.00996749023969926
0.020287230513098095
0.01088692473790243
-0.002423001559363338
-0.0012417341096377153
-0.004621771955981453
0.009898751247924747
0.004492179774520941
0.020365109100308726
0.006322265094172025
0.007969830773886888
-1.9142729940817207E-4
0.010233977255204247
-0.012167381337983868
-0.001852259414532437
0.0
-3.0576238527426855E-4
-0.019745704311559763
-0.004508481936377984
0.005287446089647832
-0.003596105010854922
0.020685295071459393
-0.017190974294509557
0.0070039091358086785
-0.01684863140039025
0.004768649952593894
-0.008048192907366908
0.005960532476175378
-0.0012769733053632493
0.004239252460635922
-0.0022279825306861104
0.0033126872017822714
0.0015037715682022796
-0.021760986238862738
0.01787484481260352
0.005582735111179478
-0.006032358936730193
0.004348118156281778
-5.305797738752636E-4
5.609101933048387E-4
-0.0060490500748344
0.0031017231191679496
-0.021094698072477967
-0.0014025051805802236
-0.004864927534504113
-8.690787083169373E-4
-0.014311201241071108
0.005152245296508877
-0.003876241271894221
0.012202362023350333
0.01374645331844993
5.891577466997038E-4
-0.008310381938329635
-0.010173511763781808
0.015501436347705243
-0.007060007352684236
-0.016155591496937412
0.005451738340509648
0.010223861481124513
0.012114813372742863
0.008230306251645612
-0.006205254139514496
6.189545784669077E-4
-0.013072340636489932
0.005062043751134376
0.006854061987479825
-0.001244324970503908
0.018863905679092016
0.0021427791392336464
-0.01197034743016198
0.0
-0.009227728150824618
-0.011501451913181889
0.023028508967978725
-0.02147990889952469
-0.006258409169248135
-0.0037627362425863495
0.010792080174100088
0.009467194745712303
0.002260210873099186
0.002407781931678564
-0.0014247347157185018
0.004435375438185922
0.004812960049467064
0.011319314839545583
0.001685673802609611
-0.012820956940672038
0.001295149201971624
-0.02063204963381144
-0.001809121319745144
0.0024578578797316134
9.43123629942773E-4
0.00187183844922482
0.0072046706228206196
0.009624743804455308
7.180314088431287E-4
-7.617639691931489E-4
0.0059254018355983365
-0.016830868000081788
0.02189005625837162
0.003973423366155752
-0.013018404028252346
0.0036363377726548064
0.02337392728583531
-0.004636495107716061
-0.004536905116048865
-0.001878144395087885
-0.015528728842202686
0.0010998595923985364
-0.009142898172189516
0.008569305696814295
0.00892857142857143
-0.011155721211917023
-0.009642034244744689
-0.005903304579732465
-0.006593161092286023
0.005973926965694589
0.0033859405481625705
-0.00737411455976992
-0.014467305084969788
-0.0029937241731172962
0.009641124620625257
0.01020371629963
-0.008020821087153894
6.284626895389448E-4
-0.018625064786833886
0.0035671566448564965
0.0027417079096178315
0.003040549606628121
0.008710750644365807
0.0113754830635598
