-0.010750167617417677
0.006058410695049213
0.003991930919417816
6.99826002950666E-4
-0.013150453786290418
0.0021651734106324164
-0.0012570730637899638
0.012242353439447958
-0.020420094764666087
0.009790759012048908
-0.006175221730237985
0.01680455748285514
0.014850541681298431
-0.005148393681947364
-0.004759994952346191
-0.004942153047004846
-0.012084639295956916
0.0053721848077738135
-0.008689319134259217
0.015401773622442274
7.444598829945111E-4
0.011238665543275713
-2.8869927089543966E-4
-0.01169442615537476
-0.015050246740307366
0.011387270992175872
-9.956179715252603E-4
0.004658593719656801
0.002680487950477376
0.012475169292138294
-0.011433522526573607
-0.00372213471604206
-0.006777698070258356
0.010139886317477101
0.0029463034920766224
-0.006308491739295289
0.002441686447380168
0.0010621861780298562
0.006818598730676251
-0.010322471356086273
0.010364054459219084
-0.022260163512511463
-0.007686464771363777
0.0195825738246562
0.04924562462778515
-0.04803106801454643
-0.03285736818050338
0.03164281156726461
0.05438696312457595
-0.0589875192785522
0.025540895744006045
-0.020940339590029788
-0.047003549321709824
-0.03991049553887337
0.02914041366042529
0.05777363120015793
-0.02656592389185126
0.03511388657866884
0.005747119705368066
-0.014295082392185564
-0.05888980264529763
-0.015384305853769358
0.08436177236955314
-0.010087663870486131
0.01310687874816827
0.014197344198651016
-0.01964909997634893
-0.00765512297047027
0.028313671892206058
-0.007177443552806822
-0.038605150820484255
0.017468922481085048
0.014293396044374445
-0.01905607921717619
-0.0389768129335083
0.04373949610631011
0.012226155527375496
-0.005126347080490261
-0.01105042361331802
0.003950615166432762
-0.0027912027093628927
-0.0015844112120282916
-0.010409743861225122
0.014785357782616282
-2.305474737531784E-4
-1.203104099931489E-4
-8.389535935302665E-4
0.0011898114772765714
0.010904805385827939
-0.004480409988701145
-7.114993567964916E-4
-0.005712896040330231
0.008319769893685523
-6.413134484075812E-4
-6.733751603994415E-4
-0.007005081284878404
-0.0016696795296181708
0.00544556924562672
-0.00122446559781405
-0.0025514241181944734
0.0034079775718836676
5.416386866116925E-4
-0.0030862261082819625
-8.633901502133586E-4
0.016044062284574615
9.610462716222483E-4
-0.014049533773781934
-0.0029555747824149712
0.012662219865100417
-0.011835796300139239
-0.007963653594719984
0.007137230029758896
0.023478707325108657
-0.021547884636704734
-0.010030649547509925
0.008099826859105971
0.01935431504861595
-0.020888296033365984
0.0034457675445585265
-0.0019117865598084604
-0.006463948339963431
-0.010114303735622492
-0.012752421764893941
-0.012632826383603574
-1.113676184056931E-4
0.0039016637058651993
0.012211923391717065
-0.008977253802358101
-0.005827804889545143
-0.009153635245220929
0.011268062819563093
9.673386311613357E-5
0.003928051161141981
0.004435402734775333
0.001093822236683778
0.01834773424933305
0.015769720585440856
0.0034182141015247167
-0.017688736799657302
0.01908480800460496
-0.006940691334705899
-0.003960651561844103
-0.013595425360038287
0.012182067028692642
0.006161117386130899
0.020429116244240063
0.011726933821589973
-0.008294454213806974
-0.01356864221776359
0.024456918235753203
-0.02142420190596171
-0.021697681319150234
0.0027290272744450975
-0.003868702094414712
5.79489286835831E-4
-0.006308679019983383
0.010575714921520953
0.008957046673520742
0.006396349440268968
-0.01249711762346822
-0.011258992904908666
-0.021218479579487925
-0.014743114661344968
0.03260000715419204
9.218169053574511E-5
-0.007437023069589091
0.015324413015013092
0.004069810416282292
-0.006581590845375105
-0.0024669610762683373
0.024146457020640406
0.0
-0.0021490671985526077
-0.016610362910047916
0.008269420585813531
0.004512925072654143
-0.002689462985932562
0.005522791737636778
-0.012269709888922276
-0.003606181721089512
-0.004084339448728918
0.013499724851228391
-0.004718482967545216
-7.533422256013507E-5
-0.0010497934192261272
-0.004761943712762827
0.007363338640438422
0.0039016071660979475
-0.0014601379836598196
-0.006896382806782109
-0.00151897623027366
-0.0031562557840652365
-0.007746316461640415
-0.004469655055706826
0.01425463386476853
-0.00775387460449629
0.00892857142857143
-0.0026325912782854417
-0.009061281979536106
0.0029086044302681227
0.014660413598461536
-1.1355046477033487E-4
-8.967964089267502E-4
-0.012275477954907693
-0.025841437283198557
0.012916550225921135
1.8171150567764167E-4
0.0050308714590936955
0.018445402255339458
-0.003945668269489871
0.004540063287311045
-0.005757529215399363
-0.010963975771593935
-0.00513358090349136
0.013578403817941231
-0.0022602264673354695
0.01926028331355571
-0.004974239040784017
-0.024844329816306014
-0.0030568578507211425
0.007004301189131041
-0.001996082823641501
-8.578765654377644E-4
-0.0085705486428838
-0.009635857574368306
0.02981542581703431
-0.012900983263866721
-0.011296412887913448
0.01160265337259724
0.008076855588811247
-0.023626395675586737
0.024742991796589935
-0.00892857142857143
-0.008155073859130984
-0.004547889098656415
0.007998785571544048
0.011773811632215279
-0.00820005518909827
0.016390728568255065
0.014990537740795768
-0.017101975217809158
0.001930070109378305
0.0035064048223212583
0.001941050664299545
0.005903170031494491
-0.0066084720191488255
0.013679249579530772
-0.012329418467971455
-0.005538907601652876
0.012141616664315836
0.02111561220017614
-0.0037759891986194156
0.017981927250222386
-0.022422251260830264
-0.009863465528473194
-0.003701017538367093
-0.0229286778822764
-0.014062961727662499
-0.0034715737805921226
0.017537536707080262
-0.003665473880223486
0.002347225486914639
-0.010957375755640045
0.008843681080962052
0.005569438622358017
-0.0016387766404817395
-0.0254708605935606
0.013016736166172285
-0.020868378932313792
-0.0015114840402400643
0.007042977604979498
0.011160914773973607
-0.01550652790255791
0.03075607409390784
-0.008656411301972235
0.0076024523888435815
0.017099460374112446
-0.00565450661215604
0.008592289419360001
-0.01174263840837598
-0.005097398795262768
0.008235113860586358
-0.026020976474938888
0.006844514411136876
0.009604651841803608
0.017651158018409323
0.00501508226599158
-0.008940719524988601
-0.010254517463065492
-0.0043917739703625384
0.010686631631970627
0.01335977851199149
0.0027987582996254123
5.080588243350243E-4
-0.009595193230187635
-0.016578389937282355
0.004721224693145703
-0.013784312979327975
0.0206774800648769
0.0038560272823745995
0.005772216834075835
-0.005908133006163361
0.011508544971005827
-0.01767041741103268
0.008258729967962718
0.0032078770782759695
-0.0040972920394534
-0.012799339264436133
-3.1164721910318174E-5
-1.0073898174667046E-4
0.004805211412198352
0.00838864358300977
0.010739460716039855
0.003307585919419045
-0.0013819832950475938
-0.01301070642182323
0.007648665030984347
0.009359507507533834
-0.015316716299333972
0.0032621846659082673
3.430314014065787E-4
8.884845852240135E-4
-0.011229497355790121
2.992365657130628E-4
0.001600161361166817
0.013062955094818876
-3.667513283743514E-4
0.005644923533453005
0.020207730418935806
-0.006337108416646106
4.3039834910136177E-4
-0.0018106033576030262
-0.014418734004108784
-0.016988969578207988
0.02598127879430426
-0.006764285500811843
0.012007837708728973
0.0030890815039821525
-0.0068975968744478975
0.0055038169752404855
-0.00433322520863196
-0.012415433559418676
0.013144323715741422
-0.01554690464810556
-0.028953023410637643
-0.0021272417268279865
-0.007244090099350304
-0.002106638043121137
0.017792187796072848
-0.020345413016794482
0.011203725895930905
0.006858714798949498
-0.0025005873668934968
0.00484473953053522
-0.005677860603069302
-0.0022049370506195473
-0.004892544922389925
0.015936207736957964
-0.029914167095996584
0.04457093262490776
0.003248605074339458
0.007578997883658565
0.0039630678717397375
0.0014109092418662956
-0.005406350745838763
0.017397823894945565
-0.00354539960861044
-0.011346034823149411
-0.00403708824518197
0.003539535923129825
0.0062274063812175155
-0.012884922213434699
-0.008301665720997631
-0.009552087739034114
0.020335162281089898
-0.013570112502744673
0.004182965891558682
0.00723391286025632
-0.010732741394999433
0.004558635441861907
-0.010188011292179819
0.014293618203609451
0.021253535794339206
-0.022936909046165316
0.009316173978871712
0.002399463098081565
-0.0026737196948157806
-0.0132745245556943
-0.0037176510308675847
-0.011793727698110804
-5.659851702709967E-6
0.0
0.004944489749350964
-0.00353338093966259
0.01664283195077456
-0.01243817268335328
-0.0037551860887854
0.0027198008865048163
-0.015568258395363903
0.006026592405121406
0.002122202828891408
-0.008309597212181304
0.01983360505945321
0.0046766781061274385
-0.007000375657253291
-0.012893562974680845
-0.009997539536605876
0.02190205730943652
0.0070516409587717144
-0.005916598346476414
0.0015350827157487364
0.0031430681700160435
-0.022397914457641464
0.005391276661840784
0.014749954537798367
0.01461852480087353
-0.0019646356213193347
0.022001189655528264
-0.033068167860584224
-0.0045459346257145095
-0.0036969070445950804
-0.010816096919980938
-0.00313598872254273
0.008362186964018055
0.003872982405499536
0.0067029328357614566
-0.019102099689857432
-0.007401090042256262
0.013127526181949518
4.804469907949815E-4
0.003956173197084013
-0.01053250483650446
-0.012046750227462516
-0.013027583332975342
0.01336888780871991
0.014904013324178338
0.00509920268490356
0.01645517722386645
0.0019484861110288087
-0.0024040270122882984
0.016043429047168906
-0.005383844378245685
0.007007624043458453
0.002384870292799227
-0.0025122013169009555
-2.466151140472061E-4
0.013073602677420564
-0.005827919836593627
-0.010194154414882644
-0.008766636892253883
-0.017259395655038142
0.0245632605438411
-0.014331417895841045
0.013487206870433336
-0.01002811667344215
-0.0012652314148817352
-0.02040767151909919
0.013422505778187908
-0.0012466848365170861
-0.014981735079228793
0.0018670879363102142
6.570776661455873E-4
0.02121680706680403
-8.558299265097984E-4
-0.00593500246431556
0.04359824176638464
-0.020146895878148812
0.006875061709937428
-0.011435416459381655
-6.542961109515053E-4
0.009160566772552997
-0.009895150878894688
0.016297184288052678
-0.009931461195808407
-0.004047435056967242
-0.004891297076295756
0.018748022490422
0.005861785789633284
-0.009590565338918444
-0.011955770732683668
0.010106341021125329
-0.02060070882035829
0.007277327137267541
6.776459747385426E-4
-0.0022942491222587404
-0.00349833349425434
0.012102891450045315
-0.004550076584635261
0.016054035555853115
-0.01028204807429396
-0.015087718529371552
0.0
-0.003356168095963297
-0.0028148920270588454
-0.005401126967701219
-0.007476023278182765
-0.010168127328220363
-0.0017990328485509542
-0.008436780717643817
0.009213238894592635
0.00419879622840858
-5.737796228233527E-4
0.009972377979625977
0.01426282267595508
0.01279238477882739
0.030419955623101066
8.433653048423376E-5
-0.015309699560437179
-0.009793135443003937
-0.010680692573119769
3.022289339836225E-4
0.007996751211979937
0.006345299416528696
-0.0046997422703375594
-0.004514128743643045
-0.010505642781945516
-0.011780979551873776
-0.0027904391985332545
-0.007753117251054714
0.004836374138736422
-0.004310724252403785
0.02017675759619492
-0.019685725517622064
0.018566433187698884
0.01603856998381445
-0.0014891280406673139
0.0029524507691194796
-0.014044536397593791
-0.015023517701238349
0.00892857142857143
0.0306533929093842
-0.005259729199112365
-0.012680958808966357
0.008405045893224748
-0.012393824704161555
-0.009445806154066698
0.0015645298276568196
-0.012922060500504002
4.8152863120693064E-4
-0.005314941144652994
-0.0020055983836245288
-0.004861627026508898
0.02706312559994564
-0.007764036984590717
-0.00285694152795772
-0.0216436065593461
-0.01544646033422187
0.0013812633079624513
0.007360978535628062
0.02045211898428316
0.0016657858531080316
0.011850323750090465
-0.016917362107832505
-0.009414706895082425
0.0018201042778210048
6.496774760210667E-4
0.023721369064471746
-0.0025907907841819537
-0.005770110640663025
-0.006599669997222624
0.004019456417220409
-0.012268573474945447
0.00863073892638692
0.020826097660120255
-0.0032510683175049895
0.0051188041153285195
-0.005144021747997246
0.0018286497477171138
-0.025558520898426244
0.019865241263698277
7.160835033576691E-4
-0.0018939756223817748
0.009724302710695262
0.00819477496270829
0.014570217263779503
-0.004229349113473496
-0.0010888904701361834
0.0023746900257325086
-0.019827687959593134
0.0012421323258868999
0.0026686992515485416
-0.005592497482779429
0.00892857142857143
-0.007413303238710761
0.015221125548834435
-0.0022792163483556457
0.013216089299486124
0.0018032067216928066
-0.0018710280210514148
4.967216016892083E-5
0.0019123282710743327
-0.019713210834669773
-0.002559158034506369
0.007985498873456625
0.008577512250153282
0.01054384157328218
-0.0033254904937879827
-0.007560615904049704
-0.0011895178822505913
-0.00833586788733892
0.01496539343564484
-0.01621911216667042
0.0016626131401527465
-0.007924597804574126
-0.018047436422396534
0.0011025278649002199
-0.010145007045627152
-0.0025934352729342167
-9.638362306659811E-4
0.014315596346284343
-0.0032258507509018725
0.0091976333931897
0.0042579911852457086
-0.008490898256267488
0.004358250563919464
0.006316645494127143
-0.007003455697899916
-8.67115736275378E-4
-0.012481456708541767
0.0
0.019806840297846007
0.009711982929186305
0.010360426616386538
-0.00869372004911568
-0.002759038127057075
-0.01307310395191581
-0.005510862767279223
-0.0022821730038533735
-0.0010258115865068992
-0.008455238401791777
-0.005103110492011127
0.023653701962787106
0.02813161237884646
-0.016850251548518633
-0.00858040001121254
-0.005076418430962175
0.019227925930321823
-0.014324739567711877
-0.008358441198166169
0.00395505184795306
0.01575627199890004
-0.015392429067694169
0.0022591550288242786
4.903312744246272E-4
-0.0033118339032595567
-0.014649811121899777
0.009650665470172017
2.9561284972422566E-4
0.016586233335063025
-0.00425261152511736
-0.005943488799904157
0.0032225455550518043
-0.023273285968859764
0.024242985539119258
0.023235718855374714
-0.005146460508670471
-0.013189867670587649
0.009719688727779447
0.0047500999878555454
0.015418044060565874
-0.027962514627635455
4.144431624553135E-6
0.006642481228201247
-0.013913826302383508
5.464870108201699E-4
-0.011590658858087029
-0.012833644924233733
0.01650689390913499
-0.0028389541354332587
-0.010853740256123621
0.020147391273517522
0.0051479844115970425
0.011798806333816416
-0.003858512030350492
-0.015376793088914487
-0.012550390442172337
6.74469283091215E-4
0.00216595187790533
-0.003623273705525203
0.01948428683303407
0.0052266583805042335
0.009117387407437614
-0.009422563166993254
-0.002346094264449228
-0.00139865638005752
-0.0025714012278207476
-0.0046391514359734026
-0.021490041001036728
-0.004420776799953853
0.01403476703736419
-0.0011105627705331614
-0.0015092338486480021
-0.011188520706357253
0.012799066669581813
-0.004483657513852972
0.01709428788149298
0.057965786870133276
0.00686447564775625
-0.010487800502911787
-0.0038514709097438368
0.011531518156436611
-0.015231319081847876
4.8591829266308485E-4
-0.020362251891537227
-0.00952493204644355
-0.009323031929713312
-0.006205158290405554
-0.011726974635781266
-0.002346094264449228
-0.00475725108031079
0.0011976694563763665
0.01821260265715904
0.00435724433121883
4.932013085743019E-4
0.004152362800352142
-0.017285778994173995
0.007440476321822528
5.186001075949617E-4
0.005086103361071244
-0.016552075303025722
0.010008295429375187
0.014010163871440818
-0.0027801762730098106
0.009147234466946454
-0.008872329024293638
-0.007181715052305082
-0.007406764921748974
0.0059273437481906
0.031219531880144778
-0.028870294585332093
-0.009373166236276759
0.016968362803639017
-0.013370600152186754
-0.013057825730119627
0.014475936899917965
0.016456003649487395
0.007961621817146526
0.0023916670352639845
-0.015176607285106005
-0.004654782410072335
-0.014329698396272648
-0.007397088136690431
-0.009594362551759246
0.03316990012889249
-0.020322020809071042
0.005740144312993227
-0.027206523458083234
0.0
-0.006801435803377432
0.004972136467186357
0.002795908329567772
-6.472571361647765E-4
-0.013987322903801941
-0.002063442788261681
0.011451518234022531
0.012785462937036182
0.008315583221403659
0.004860511619224608
0.015727773964826903
-0.0059435075435874014
0.08020992789576181
5.277852226722459E-4
-0.015576591727314433
0.008059420881306179
0.005663839136582152
-4.49107218399138E-5
9.520450010472867E-4
-0.022343446731797834
0.004474981784775197
0.003293807073697592
-0.03934797790525361
-0.01133593835013882
-0.011967994993482474
0.004596040893855003
-0.0024379116333485377
0.005640978632697194
0.0028158392209983126
0.005336088582487025
0.017963823722693634
-0.027315793003484017
-0.015663624071051836
-0.01823121760844144
0.0019858039626825356
0.009110629479624547
-0.014282182060367004
0.0075321230101990325
0.016732527011917697
0.012861398921470337
-0.006103366182951984
-0.002264535468035407
-0.016710938337465446
0.003973259307212511
0.025227528551205622
-0.002760574757360251
-0.015226046548676967
-0.012783244948892195
-0.010733227004090493
-0.01374327382550858
0.0408598963433109
-0.011368039324982038
0.004232883862910165
-0.0048938059158785225
-0.0076996655989691465
-0.0043498359625613455
0.005373699517117882
-0.014726785487617902
0.006097911584023895
0.008806114744605166
-0.002346094264449228
-0.017800900452865066
0.011843027682273868
-0.00892857142857143
-0.00364210039739637
-0.0040688509499682895
0.01123280800133171
-0.017997399304048742
-0.005332370219661562
0.0013535178658898614
0.005943612757181225
-0.0020404444557144755
-0.0035407776513243024
-0.0030920267398376125
0.00892857142857143
0.04907057195324519
-0.005182424174556564
0.002584167550201637
0.05508449459894075
0.05342096342893073
-0.00892857142857143
-0.004184751589468485
-0.00929105786104675
0.007706779474020616
0.0015425706924252084
-0.003353984218581328
-0.013110556774604173
0.013926183429736403
-0.00892857142857143
-0.011334011962894106
-0.002156390822924716
-0.018549214285251213
0.005132133352205407
0.01200689149835972
-0.022600372802194218
-0.01891376438432746
-0.00892857142857143
-0.018398715551827087
0.031220346448547365
-0.03998131257390708
0.003912609466512133
-0.00833514042812603
0.024888118438740392
0.03456496583124595
4.272138348743531E-4
2.6223503691585794E-4
-0.031184752621277918
-0.012102952131716345
-0.009516445461385891
-0.0030116572716037595
0.01688051559889635
-0.015259099498249905
0.005555022485187697
0.02373522318069643
-6.069659558831573E-4
-0.021397637676092998
0.0031191046938757626
-0.0023680309359261397
-0.012093919835159164
-0.01302865765791429
0.0
-0.004510086716644757
-7.98001150962924E-4
4.432680206633939E-4
0.0
0.0
0.0014898072789239856
-0.017728246589564865
-0.0035925120955043197
-0.0057978794677299205
-0.0016139686275980347
-0.004482946610803644
-0.01303534959757157
-0.008276183233673962
-0.004086500421198974
0.02127566629422585
-0.008579758232057744
-0.00892857142857143
-0.0028803818307735042
0.08787963612916275
0.0
-0.012204063663981149
0.002637327380244108
0.0
0.0
0.004104281949328322
0.007475119827629276
0.0
-0.0013484294215290067
0.0409054720592817
0.011297402036814182
0.0
0.0
0.0
0.0015198529567884943
0.0
0.0
0.004365427678673385
-0.020260060146132866
0.0
0.0
0.012527452722354773
-0.011807065187069702
-0.005366510963614134
-6.069659558831573E-4
0.07424099888813424
-0.05392567892823165
0.0
0.0
-0.02049335560546761
-0.0376617617813155
0.0
0.0
0.004213100931695804
-0.008674165676454269
0.0
-0.00833514042812603
-0.01399819838818143
0.0
0.0
0.0
0.013789160424803113
-0.018192019017025038
0.0
0.0
-0.026785714285714288
0.09245244361157962
-0.00892857142857143
-0.016275388086313066
0.007695629854255319
-0.008501357593697077
0.0
0.0
-0.023371575931823235
-0.0011388591393711998
0.0
0.0
-0.027343807882027647
-0.009675718543911452
0.0
0.0
-0.0025309221726624656
0.06020165990552105
0.0
0.0
0.0
-0.016275388086313066
0.0
0.0
0.0
0.0040700948006433535
0.0
0.0
0.0
-0.03479825603604011
0.0
0.0
0.0
0.0
0.0
0.0
0.0
-0.00833514042812603
0.0
0.0
0.0
-0.02073803964832157
0.0
0.0
0.0
-0.005470804498811628
0.0
0.0
0.0
-0.005366510963614134
0.0
0.0
0.0
-0.001955395377412164
0.0
0.0
0.0
0.10159182349019141
0.0
0.0
0.0
-0.07049601445235391
0.0
0.0
0.0
0.0
0.0
0.0
0.0
0.0
0.0
0.0
0.0
-0.049809992063844365
0.0
0.0
0.0
0.11651219469257368
0.0
0.0
0.0
-0.00892857142857143
0.0
0.0
0.0
0.0
0.0
0.0
0.0
0.0
0.0
0.0
-0.02656592389185126
0.0
0.0
0.0
0.0
0.0
0.0
0.0
0.0
0.0
0.0
0.0
0.0
0.0
0.0
0.0
0.03511388657866884
0.0
0.0
0.0
0.0
0.0
0.0
0.0
0.0
0.0
0.0
0.0
0.0
0.0
0.0
0.0
0.005747119705368066
0.0
0.0
0.0
0.0
0.0
0.0
0.0
0.0
0.0
0.0
0.0
0.0
0.0
0.0
0.0
-0.014295082392185564
0.0
0.0
0.0
0.0
0.0
0.0
0.0
0.0
0.0
0.0
0.0
0.0
0.0
0.0
0.0
0.0
0.0
0.0
0.0
0.0
0.0
0.0
0.0
0.0
0.0
0.0
0.0
0.0
0.0
0.0
0.0
0.0
0.0
0.0
0.0
0.0
0.0
0.0
0.0
0.0
0.0
0.0
0.0
0.0
0.0
0.0
-0.05888980264529763
-0.015384305853769358
0.08436177236955314
-0.010087663870486131
0.0
0.0
0.0
0.0
0.0
0.0
0.0
0.0
0.0
0.0
0.0
0.0
0.0
0.0
0.0
0.0
0.0
0.0
0.0
0.0
0.0
0.0
0.0
0.0
0.0
0.0
0.0
0.0
0.0
0.0
0.0
0.0
0.0
0.0
0.0
0.0
0.0
0.0
0.0
0.0
0.0
0.0
0.0
0.0
0.0
0.0
0.0
0.0
0.0
0.0
0.0
0.0
9.858939881651624E-4
-0.01785714285714286
-0.01523283949060564
-0.026785714285714288
0.016538400784325502
-0.050069430541785
0.04166460335626938
-0.023517879452579254
-0.012951964695884026
0.06446878995481235
0.008900931696896182
0.023944015413728665
0.008534548671561601
0.017655127642766517
-0.05498179553890887
0.018704455354094627
0.0
0.0
0.0
0.0
0.0
0.0
0.0
0.0
0.0
0.0
0.0
0.0
0.0
0.0
0.0
0.0
0.0
0.0
0.00892857142857143
-0.007942677440406267
0.0
-0.00892857142857143
0.0
-0.00892857142857143
-0.012814042381280748
0.00892857142857143
-0.009053466601318571
-0.002293901936577747
-0.00892857142857143
0.0
0.0
-0.01785714285714286
0.023635243549102965
0.0061001816296412225
-0.013197024394418683
0.0
-0.020417124789771385
-0.02520743826387641
0.004124800309259324
-0.008569667797396522
-0.02052840739862448
0.05357864678514544
0.006010575566044533
0.0026037884037038864
-0.005425333169579898
-0.02468175982731011
0.0027224264398220165
0.0038667871044887397
0.06664008411245996
-0.04206352515045846
9.591695453330176E-4
-0.038487693203218605
0.003750508515500327
-0.01605463525147511
-0.0039719003127828825
0.08074481700357
-0.02514794696069493
0.01707978965567284
0.0032335874747271252
0.013735501527191132
0.023652793682736012
0.024019041982806712
-0.02741778279425799
0.003689962542443911
0.022285706756894605
0.0
-0.013751158085333006
0.0
0.006585138425196112
7.346429707087494E-4
0.009393086171318985
9.422600755426692E-4
-0.02492461845810353
-0.016775848899447283
-0.00892857142857143
-0.0043527567527866275
-4.97585630575767E-5
0.016093460815785582
0.002342535861121882
3.182172402447364E-4
0.05982889568247752
0.03905744245265556
-0.014649712115042936
0.02832440839836743
0.0021401160767940573
-0.03439446037707008
-0.007734134786041532
0.0040251355655003115
0.010533702989298545
-0.011677696425336285
-0.017699100266591973
0.0017826521967824636
-0.019445071578507868
-0.017285778994173995
-0.004700463627924209
-0.0049990564430188004
0.007772350819824697
-0.016081344223576585
-0.0014274429014368697
-3.4504154388618254E-4
-0.028192634229656878
0.008401130994265482
-0.007580551326153739
-0.022083947411669053
0.007962626650895473
-0.0029192545319128263
-0.003062113445721419
0.007564727494534204
9.948521355743782E-4
0.015361271474989155
2.1414069870654426E-4
0.04761857354387465
0.009410432330190514
-0.03195177504994431
-0.05147102679274289
-0.009402645686206995
3.817317818665903E-4
1.393541797704411E-4
0.046430129654244104
0.0158599433540613
-0.005474264864749566
0.007031107991367311
-0.014320954999167954
0.004026236883431871
-0.015447869995369356
0.009513021474331697
0.006698908333996872
0.00892857142857143
0.0035385583164630656
-0.010754733364789658
0.016465305569853688
0.0
-0.014270356680717453
0.01791061864823166
0.012521672880792844
-7.311918770248598E-4
-0.017978331900907488
-0.005426578075500756
0.008093036469515919
-0.007040946986421779
0.012538658510898202
0.014021594609516984
-0.006754506279794789
-0.029787922810585864
0.03555114620267848
0.02804154378908908
0.0061275921876765335
0.010829954969511706
-0.00656330193895183
-0.024980629912093846
0.004427594586670431
0.007385927078720255
-0.001313735591026234
-0.007314611764126789
-0.036047192683745954
-0.006407336200470005
0.0
0.0055660531109329335
-0.007658682482971234
0.020669350540312548
3.600935684780846E-4
-0.006416954216060547
-0.02498695609762784
-0.00889732630650338
0.0017177205217822882
0.001130401727387897
0.005830771332813369
-0.016622250136786056
0.01265528355484197
0.01808646488689266
0.02884319281743488
-0.015947824836327836
-0.017188281997264417
0.0047470737653262695
0.008571823849954033
9.393240128518078E-4
0.026023615631903585
-0.0015058996601075465
-0.017066081584691372
-0.012407901512567706
-0.030371124977948798
-0.011577856704689676
0.032790371249697144
-0.003833810608441229
-0.004442468478804672
-0.010905020450217904
-0.003240944379016865
-0.008400698933925992
-0.012369447884247528
0.006904293560532556
-0.0018741770803463835
0.013672000992388113
0.005269810276684978
-0.012417443745457567
-0.014211797458632054
0.0
0.004113408866206919
0.008618492009900768
-4.663567950320916E-4
0.009344564483588247
-0.009560264768624411
-0.006321447712628306
0.007208060574452543
0.004131731031784594
0.008343702541667082
0.0032191942348297935
7.02358350046832E-4
0.009494910592297701
0.0030671632397560682
0.009624065475834135
0.024370026505735696
0.030143410458419236
0.004213166218071386
-0.011709980990050441
0.019122618547871544
-0.003924557608429064
-0.020174674300585747
-0.02728271164723306
-4.0915991634254967E-4
-0.0022706970891133594
-0.007691221294846146
0.012761270859188505
-0.0026260631405456954
-0.012919259273356045
0.003973470084872362
-0.02806581123133526
0.003164160322088807
-0.010175116704537331
-0.011772778563641104
0.00995670882578976
9.721419348645011E-4
-0.025965665076508024
0.0125215836644021
0.020065731394094483
0.006998446075234652
0.002996619240417614
4.109541397429575E-4
-0.01094598402637995
0.00806285883095603
-0.0012533981272378186
0.020208525796650886
0.013866332207680214
-0.015141441275761166
-0.021594602012183276
0.0036441136884756906
-0.032926267805450105
0.04078265226131758
-0.017955113184423502
-0.0062195550987410985
0.0021123062139646823
-0.011677479930007804
0.012547845143908807
-0.0042860616093759185
0.0012399180968996788
-0.022132697340644263
-0.0014452880858187344
0.0
9.021288286236656E-4
-0.02706161802460748
0.004945461856138955
0.006802366384724741
-1.0541531179497588E-4
-0.014071580500789178
0.02781124409948096
-0.021849699562357883
0.0374380144840394
-0.015039974023708077
-8.070182612901942E-4
0.014361444503488814
0.001485283414100955
-0.005722634186887679
0.03465149240714808
0.013369588206222839
0.004917073724977405
0.0026710414259981524
0.006291455764080916
0.0038344682365469692
-5.882492793147305E-5
-0.002812556694748205
-0.004636371333064532
-0.006624411665308642
0.004487048457031018
-0.01856791825889559
0.00603640899462907
-0.0015714461449417537
-0.017017797489534164
0.014952565564384804
0.006955831667928692
-0.0023467581623549255
-0.004079308495635545
0.009312934385621183
0.0
-0.0031575814160894715
-0.021507803337480664
0.007117795758040167
-0.017237366285975792
-0.0025799278272564414
0.01887610116670968
0.02786993262217044
0.002639726281640771
0.006681007822850764
0.011541607847006965
-0.03547661909475441
-0.002780088344982958
-0.02248414041290603
-0.0037126166724580772
-0.003952812608333534
-0.005572775603584988
0.010953672736045915
0.019401922495736697
0.015485660417565859
-0.013507915204482973
-0.0063163186478160365
-0.01444184152928665
0.012130345263794216
-0.011500352881515317
0.00892857142857143
-0.01858233679711463
-1.8185415939941246E-4
0.022302368561865488
-0.0042860616093759185
0.006979292983727251
-0.004011633841272205
0.004113518205930579
-0.0013116120429809484
0.010766766823489501
-0.002613757453410826
-0.002300908983288531
0.0037783311431547678
0.0012762612965361375
-0.020614511769207505
-0.006858616507605014
0.0029020708818843118
0.001034144044233399
-0.0021475651510833903
0.01724489714570116
0.004050762169322072
-0.006776366053967078
-0.008199181437007454
-0.004822586656761576
-0.005940976892032737
0.006520433986418521
0.006614779344671669
-0.0030897948984464165
0.0014591569136264276
0.012195306499330393
-0.010544437501527365
9.095034505841471E-4
0.008360749048508028
0.0
-0.0058115637268986746
0.002283013044817153
-0.01796271862840206
0.012294273279761302
0.003661392153058723
0.012326000709104497
0.009592779330075775
-0.008484255627798079
0.018641048805836065
-0.011147511454299703
-0.01537319298574423
0.028553588509883487
-0.002001698632821068
0.005998445136128814
-0.007520559637607168
-0.01835870907790474
-0.002120220630240654
-0.009683072461059272
0.026188403229733936
-0.017348747765074335
-0.01263019062867705
-0.0079517918332089
-1.5824573035173178E-4
-0.009157044113162989
0.021475488303049864
-0.001962629068544973
0.011230848411263764
-0.02081516043396339
0.006073009938597148
0.004329149941964053
-0.009565172975671516
0.0032306063644760583
-0.007234731737954132
0.0038864642362991036
0.00892857142857143
0.0028195906155463017
0.007048910369912698
-0.0018568684256656761
-0.01754405635371359
-0.008778157267499262
0.0027843772764419264
5.134539493624919E-4
0.01562448148050053
-0.009025569091567587
-0.025369274022922286
-0.004083111206863057
-4.6602342225098795E-4
0.028649800186820236
0.006900792769684087
0.008638439496259058
0.006590515526622578
0.008661059034817868
-0.0035791702984160454
0.009532613936200978
-0.0038950316036071727
-0.00622685514726509
0.0057912976444281766
-0.004680660817289726
0.018246963350149005
-0.021010589777304613
-0.0052071099863309845
-0.002148333129226484
-0.004822586656761576
3.45951007665617E-4
0.0037428355875060567
-0.001571446144941754
0.004346758369065971
-0.017872671685055186
-0.00894047689536037
0.008415890565327305
-0.017235087629844895
-0.006462721868769108
0.0033795137056195214
4.1927277095267414E-4
0.01285876147569722
0.016927151666160455
0.002400866708826497
0.01732891387931535
-0.0155455021052545
-0.014839583128621577
0.013681869938323531
0.0010167338236239487
0.007178523080826885
0.0164703871327934
-0.009194771834194645
-0.0015128445597791529
0.02349141767994716
-0.029578631637450236
0.012960076763100091
0.0040353026780858715
-0.022699927837778883
-0.0029247116403534265
-0.009891313791143403
0.003673553050602139
0.005426679573685415
0.005086317976474547
0.008821160975577173
-0.012180171203923175
-0.024421663691237976
0.0065676563524610515
0.002228279388654786
0.006434720963100497
-0.0032101853375982375
0.0233076448255133
0.0012055699844082434
-0.007781331998931761
0.015313761684832226
0.0011600926955256203
-0.0028531402636558217
-0.0218864374421114
0.006696374014942281
0.019748190744999748
-0.015218862787742253
-0.006100857655883736
0.005513418805321868
0.022901368085495113
-0.012267061719033233
-0.022453591886506287
0.03190612939397262
-0.018771509245032618
0.006169390940609158
-0.005477580254532027
0.009078194506101218
0.002736738479158115
-0.0074524399457012065
-0.023848632678874403
-0.0015243834130970156
0.010374162372954238
0.005092030516420977
0.00892857142857143
-0.0010486515539449388
-0.004727459295012636
0.00992004824272647
-0.004992824284872041
-0.00891060305971889
-0.004891413011546477
0.004592399079595002
-0.009750946836300763
0.0020479571437255263
0.027934370622171113
-0.0059313669320737936
-7.145027362668128E-4
0.006706290884135301
-0.009797749338994757
-6.529324097121923E-4
-0.004263026502611299
-0.014338035077844142
0.015296655267645816
0.005687449588824932
0.01707348889427296
-0.008840497401394922
-0.011980278807719978
0.02045598209476633
-0.005483262941623381
0.006155135172154892
-0.004924080952690376
-0.027877477085183167
0.011095725533414947
-0.010923600121643742
0.015169845603007425
-0.008114022007136573
8.354728843524995E-4
-0.008505276939106812
0.00263344035514379
-0.0023731985894253575
0.0
8.018572195688423E-5
0.0076117091016274716
-0.009926810508611777
0.012575792285545753
-2.4225020483956486E-4
-0.02652298993031485
0.02146765414598687
0.016324589702832046
-0.008823693385396444
-0.017597240060264675
-1.4111009866481141E-5
0.007599303274402887
0.013004065172358425
-0.021503716251500438
-0.0042488498546636045
-0.005630043831768411
-0.0037706718922447886
0.018722515603887328
0.0038845352715307087
0.017267625430098833
0.009582457393428733
-0.004853606835777711
0.007048888483422232
-0.01081050151798045
-0.0026467300204228127
0.006582477164122202
-0.010218551879836162
-0.004090122540968597
0.006550328191373315
0.025473635095675552
-0.003556570439755464
-0.014232178192477716
-0.00869198011530455
-0.007668321758474152
-0.001019880970018529
-0.010651309118874387
-0.004830165799229343
0.016258482595099624
-0.011279445633054259
0.02114209044354269
-0.017243912315412467
-0.013771544123664194
0.03809290734656842
-0.015213448654402162
0.0059840748243315724
0.003175997359253015
-0.015063418181342766
0.022942382614900246
-0.01249930387780254
0.0073794357644430715
0.013457646278026935
-0.009113739946343461
-0.0022035997754766006
-0.016286210752666862
-0.007130287878158796
0.005826468589330968
-0.008836389738035685
-0.003721382742642813
8.322010269819955E-4
0.014582751274802276
0.00144020773904873
-1.9077970059247116E-5
-0.022117417020051783
0.006130901215060402
0.014903889165806051
-0.011798679556145346
0.0019324880276334394
-0.006888679060591919
-2.3357076045759685E-4
0.011641303860497564
-0.002176454433186164
-0.012920313577148065
0.012899279379923216
-0.009069668765435931
0.00847598374762183
7.947267226064043E-4
-0.009316630044695911
0.019098544582659985
0.00741166846297058
0.009785092926177392
-0.003599430586915438
0.011418804473674566
0.00815775920151241
-0.00885029485490266
-0.016399367861347037
-0.006659214592021968
0.007207959957164544
-0.029135632999609154
0.01720263793019551
0.005174057271021524
-0.004731966964696921
-0.00843366643080559
-0.015237606486249921
0.0031773825358553526
0.00864487287054953
-0.0066427156397007876
0.009960231479532206
-0.0033070542402713413
0.005492429268679362
-0.005510656454229325
0.019471409554567363
0.0029755196884885533
-0.022391921334201106
0.018199780698317746
-0.006631129677159443
0.013013434873665672
-0.02170589227689894
0.005937484384681782
0.02004272779216521
-0.008845909429968855
-7.310104180659597E-4
-0.008150686885865198
0.009823293685438904
-0.020906295079591488
0.015677502997316847
0.0021654672639883675
-0.02163016978952758
0.007212683867811564
-0.0035955742664844324
0.004475760727223451
-0.0029544304634793635
-0.010833124773151827
0.006820353081563725
0.010204946092812618
0.0
-0.001899713227916244
-0.009075461598747355
-0.00485257786728415
0.005950219872561994
9.222256436201941E-4
-0.022736758274716218
-0.0041158057090867105
0.024390541196147714
0.002904195224641012
0.007299850246826944
0.002587953573720424
-0.015028234316659573
-0.012484490546894437
0.004206655273445102
0.01937997639214683
0.004890468099139051
0.016194430853339707
-0.0035147327770839063
-0.02208167491417548
0.0046472020420791765
-0.011260193964588846
0.004097787106772376
0.014045509276367534
-0.020302080420124418
0.0181027122651182
-0.010496786334205276
0.01894622380591828
0.0038491798138011726
0.0
-0.004197991973025038
-0.009512075307448877
0.00471792829471333
0.015207027482284693
-0.003003443002369274
0.005212801675988917
0.008299072715735921
-0.019492568220355055
0.008100481745682495
-0.008779305443631423
0.018318986578951216
-0.016147558807934462
-0.0038941752534185463
0.008313680675194206
-0.004478494371920997
-0.00615684383323426
-0.006179816064019632
5.038645149445533E-4
0.0033011773161342834
0.011518886213954466
-0.003696173661040039
-0.005291476769208253
0.005691677555183817
-0.008021282099015224
0.004151156969842196
0.004611631762908375
0.0019747607752803767
-0.009205670168821352
-0.0025018656154404493
-0.0017469103877126354
7.203439220817833E-4
-0.011111452912684137
0.014651960472241658
-0.008132989481986838
0.005932627076671179
-0.005940344628741585
0.00432708308210479
-0.011730522057137253
-0.010633164729437632
0.016732537179296094
-0.012811121161813615
0.001581625536596078
-0.009666713170880177
-0.006311223082219736
-9.968736685778698E-4
0.001563959035090743
-0.00460075163230768
0.004055747423462224
0.008000856539630136
0.019632888108050958
-0.014080479972674389
0.02013621203133467
0.00672813303992355
0.006058335688074011
-0.0021639068177971496
0.028571255477996514
-0.001202278671626296
0.011774929932264214
0.007561330786002934
0.007316273036996606
-0.019656033808955323
-0.0011088363724326466
-0.005086590475304532
0.003288701741602007
-0.022544176479233145
-0.0095488068515964
0.009005992494574169
-0.018100890243366773
0.02696616981159944
-0.009866484479245558
-0.002436912084223829
-0.009237968470308795
-0.006467776168612257
-0.0038988503815181787
-1.19788560991505E-4
0.0057065436499146105
0.004609345371407003
-0.00665779579984666
0.01450126507965256
-0.015730699200408586
-0.011177589254200048
0.023866484507196636
-0.00339564789279541
-0.003935842604630278
-0.0019250415259049476
-4.185142134423654E-4
0.002250340843466
-0.0012198534072892907
0.004076140262092153
-0.018668367492126216
-0.0031843217673383686
-0.010815568204585665
0.008171259583738521
-0.012061070483456627
-0.00240992999105529
0.01739063468664232
0.01768143687422766
-0.005585188441324096
-0.0012749650013446363
-0.007658971136317354
-0.016192399889562066
0.020616613758878334
0.012344572891675908
-0.02794078238092374
-0.001389778096595332
0.003773438263386988
0.019908376955769313
-6.859863811096122E-5
-0.012499305715230311
0.004934536372399091
-0.007940629162507123
-0.00924833097525006
0.014791245119421478
0.004889402851895503
0.017121185792954755
-0.011406198294452947
-0.016149789218524932
6.89701347782862E-4
0.0030461343827443707
0.00262874075528681
0.011836224197693106
-0.027070591288704014
-0.019519767282736515
5.946133436940443E-4
0.016167809690406446
0.018334205684692018
0.017685819229321165
0.0046337538888386745
-0.006864621873473274
9.349995095778623E-4
-0.0031669097103183604
0.017025653693271563
-0.003137812972690529
-7.26836177141749E-4
0.002686608788290374
-0.0022124643951108216
-0.004010921719983827
-0.006290571453721035
-0.0037330617540624286
-0.010296710544649344
0.014711351225896896
-0.005665271601926852
0.002955094509074139
0.003516219541254929
0.0010400902523094654
-0.014530253980631718
0.013340331044978145
0.01303407056193689
-0.015495567023055337
0.01328676282958268
0.012379237797690613
9.365935153629679E-4
-0.0022308722568536703
-0.00894630921198532
-0.015079596007187028
-0.003363020195279829
0.0034532897598892427
-0.0043854081264625006
0.008152271990694303
-0.024055233768765227
0.003589784462842978
-0.0025799889681088935
0.0
0.0032629061669317058
0.011068687505365488
-0.01526747822151158
-0.011999170582814161
-0.018898607796755226
0.0032790164834420555
0.023319068148713012
-0.012801588175503212
0.007143174876469002
-0.017437541847574727
0.021846871406824887
0.008287725025489792
-0.0034317873813991973
0.003626640878869162
0.005139313543211885
