-0.012743937311173455
0.0323449632772464
-0.036958989799503704
0.017357963833430485
0.015366483544369595
0.005297954389896983
-0.04203108236729866
0.021366644433031743
-0.008789875620178546
-0.012113132875216141
-0.030860443677173995
0.05176345217256896
0.01323370813979467
-0.02159322322728824
-0.03490655777510851
0.0432660728626017
0.0066603782289882466
0.004913737325082195
-0.03325257157612837
0.021678456022057955
0.003543184397165264
-0.012063778514703135
-0.01918949961747015
0.027710093735007994
0.027286335239773207
-0.011728450363126388
-0.028015063453129475
0.0124571785764826
0.004603998898176611
-0.013167281021562713
-0.033505742876167324
0.04206902499955348
0.028048712081626424
-0.022706732587047935
-0.02377598594056386
0.018434006445984825
0.04940631936020108
-0.047159661713649256
-0.020704370938911174
0.01845771329235887
0.08273053259858748
-0.09277685096005318
-0.08333659534636216
0.09338291370782736
0.0972688020038599
-0.146045368768549
-0.06531103486250382
0.11408760162719292
0.1287027728534838
-0.2003593543889897
-0.11801518292572763
0.18967176446123346
0.07414664568774271
-0.18029498325334795
0.05897444443102243
0.04717389313458255
-0.029677807119606485
0.058026551297182205
0.25434825765819324
-0.28269700183576885
-0.3098876922721038
0.24408688406213183
0.11467119001675725
-0.048870381806785566
0.003000653990550297
0.15672343499552124
-0.19407289116594223
0.0343488021798703
0.13293257000739164
-0.10780132799363372
-0.17054414654719063
0.14541290453343247
0.10082954220777589
-0.04884878599115636
-0.13329222626131934
0.08131147004469924
0.09936910163892876
-0.07534789969579436
-0.1242929777179773
0.1002717757748423
0.002588656274366845
-0.013609618846183568
-0.043462683107834924
0.05448364567965161
0.019512689325900594
-0.023494458340696956
-0.01846885588527031
0.022450624900066832
0.012088218729542782
-0.02615223361525518
-0.00553003007604282
0.019594044961755066
0.01369991665741798
-0.007019555693223621
-0.01563231007059032
0.008951949106395903
0.034865055504721576
-0.02261890666971575
-0.021517052842274027
0.00927090400726804
0.03205797699961525
-0.0391666204535185
-0.02082996839411697
0.027938611848019622
0.050310238019872305
-0.02966727066871593
-0.030266899977512366
0.009623932626355688
0.03480639421189177
-0.03162250763673195
-0.005002182831431785
0.0018182962562718862
0.05702261735193294
-0.05084632148945682
-0.021855583103609827
0.015679287241133686
0.022239927236573188
-0.00892493236191354
-0.0037138669381067344
-0.009601127936553185
0.010876495157100003
-0.04387818572931487
-3.82628632930526E-4
0.02405453890290685
0.008341877680298964
0.04083581997983381
0.0017140665887262763
0.01672251388178344
0.04713086453442352
-0.012504958063107158
-0.021559491795346865
7.381543353312866E-4
0.010217730943724862
-0.054636225038209946
0.01244851956981504
-0.0528630296262081
0.005272004845528647
0.05006398089305273
-0.046123141951487256
-0.030219470430194934
0.020680176848472148
0.03823208326971106
0.004813772797551143
0.04726880130672598
-0.03054902339705584
-0.00966126442728495
-0.025773251771197523
0.012703473377810522
-0.006069602618763031
-0.004031055662448834
-0.0075918173669916045
0.01332929756381816
-0.02215009812820053
-0.023366105591111488
0.023838486218675653
0.08482934153025094
-9.298768619212319E-5
-0.033178844483183714
-0.026476003782779336
-0.05843486513644154
-0.008719916034905049
-0.03459869916542093
0.013283608245021866
0.01447595202076797
-0.002520201222790331
0.018469859931512
0.035161458021806674
-0.017479974536513707
-0.004773117780467706
-0.03074779080252944
0.0403936036145201
-0.022321428571428572
-0.01896474130534601
0.03511420030169692
0.020905154450773424
-0.09218307032173345
-0.03413605460997124
0.029653702088427675
-0.04213941022495627
0.059625232520164356
0.01666671715396518
0.02212034962316068
-0.013373367658374876
0.051517985355529636
-0.02474082837553997
0.02942603199450396
-0.041277706412570066
0.025817786887566464
-0.017017481172742464
-0.0473567939961932
0.021513347749638777
-0.005067173810606198
0.00617411411397243
0.016314898765975354
-0.06830575786822828
0.06354306423705845
0.04241403241808635
-0.0010933469568792861
0.003629493791133663
0.011392802179193667
0.004449183211369254
-0.03164907018323307
0.022685086708396928
0.014479125800699873
0.003463534759821807
0.0023180655339628646
0.06511217165200256
0.010109487122270853
0.04052312172927648
-0.007869307518104472
-0.021822789735613052
-0.009874034421287444
-0.0498089031333112
-0.012148824821799088
-0.00909983662512676
-0.015569055689428533
-0.015345953331165622
6.187925081447068E-5
-0.03861881499058256
0.027628759563425108
0.02390014684826947
0.013723161196172218
-0.0166088120787548
-0.04812571553307224
-0.045178583235763146
-0.023932718494361797
0.05021037806280108
-0.05728762187915493
0.021574141992420883
0.04653538359306983
0.007320528086434517
0.012112758582148898
0.025523450800449314
0.008820119752884948
-0.007435380971079562
-0.008613545326118022
-0.03485671254297311
0.0263512529068527
-0.02062260286338486
0.011050991353519125
0.0023883779937924135
-0.009157928171015812
0.020422585102709227
0.012991757640769389
0.029772066063831717
-0.03193602607993799
-0.002008447382884939
-0.0013233138443827942
0.01729101746333291
-0.0022280151298324155
-0.009769178400993454
-0.01540797162739408
0.005972202279721457
0.018464474647953675
-0.033165471177126045
0.015387755064421228
-0.059761784052288665
-0.020606694284861646
-0.012242195670305371
0.027963858341620445
0.020409517159601764
0.036408314408479886
0.012546124081798105
-0.010051828724306332
0.018219516553917257
-0.02626155869131646
-0.031720270537950096
0.015251800567725028
0.014454840176783102
0.005685952015308703
0.025841695343005656
-0.050946801894302805
0.019251717108840136
0.04125385585358916
-0.030741502945486783
0.019630034442559192
-0.07640350542316664
0.009528779349975695
0.022533651450642782
0.0123086637546597
-0.022415726294260033
-0.026419990994076
0.035346698957127595
0.01739604893248663
0.013393512237247239
-0.025295320545203604
0.0106486601160052
-0.02339190722555558
-0.004942002894371214
-0.03159925514584911
0.020702454695201586
-0.0036567810933122794
0.033100294019794335
-0.0119350001135751
-0.0031419304804248607
-0.008650197848408897
0.03974552607364777
0.020699065754071454
-0.003067315350084889
-0.013425939136606582
-0.05902103298541904
0.04780880101967045
0.00809788295418623
0.004471534746015807
0.003932660909134848
0.014050058723995357
-0.019436786318956047
0.0012958045553823835
0.04343362589647297
-0.04463972954324779
-0.02568508829276788
0.03350438316707394
0.05487501350901414
-0.009430903178672373
0.01920429396647823
-0.01180807050018206
-0.029559357885645267
0.026182286367969855
-0.04515033462311116
0.01431690707963313
-0.06102326979228555
0.040561291375040165
6.719949850546442E-4
0.010579918100289885
-0.025787328001848128
0.015796381622059832
0.0
0.013804885115999307
-0.05438761194798834
0.04621779837302882
-0.006048098917631946
-0.010982565799075788
0.0082154167886026
0.02725522762203184
0.034200594809329396
-0.023007332082234624
0.017958191291733965
0.004824929008355093
-8.5002937727802E-4
-0.010510323686739969
-0.05913934043602258
0.024133012144203242
-0.005688820682190898
-0.013784270335411106
-0.024035747820784555
-0.0037327332751285816
9.163250958663799E-5
-0.013842560342358416
0.04785784932401243
-0.053127892102911856
-0.01038632106105446
0.01875432898682764
0.0039895290037473465
-0.01591650581801474
-0.0037130676481796875
-0.026077985777099612
0.06277610489964862
-0.03421720823137911
-0.01877989943574023
0.035453919013720456
0.039783351766092614
-0.007203401999614657
-0.010128106701948702
-0.0019119114118268058
-0.021495877054375
0.016268792201550777
-0.01464804375136065
0.00923749270581754
0.03152837773016304
-0.03980753232035679
0.005138841526152155
0.009393069823289732
0.011987883023099813
-0.04986732030286471
0.036895864784424574
0.02809459284435877
0.00674905537797069
0.01718250607404647
0.016711570387892366
-0.02440812633357568
0.0017066074345922205
0.019051375228408194
0.03919900870549302
-0.03410623144888043
0.021591924671860236
0.00771886128048925
-0.0012310720426303556
-0.024959993053234916
-0.0013965731259189245
-0.03644838484405272
0.022053295063529262
-0.02275344514700067
0.03448023882552373
0.01480157609569414
-0.04513165489985245
8.678711512293581E-4
-0.015496324600561457
-0.031141972865852324
0.01616337390393975
0.04705333765111465
-0.030394833542681896
-0.020132256404279587
-0.07359153594723958
0.08813452126800417
0.06766351897280277
0.013360656353748428
-0.04439248997411392
-0.017330288662393622
-0.046880904498464125
-0.009548995955237106
0.03294080254910084
0.01594192613795915
-0.020851491811670297
0.005715331094751287
0.009538678765254858
-0.004740335803312127
0.00436971091719263
-0.013361705418044021
0.01853908967574729
-0.008299355689146864
-0.015217528686692508
0.038507378102164494
-0.04019751208433618
2.92341128604187E-4
0.036278604454937996
-0.02783625359519976
-0.006936596311655956
-0.011668435063204549
7.501211999501019E-5
-0.009469672033457301
-0.027623876704704453
-0.007136598149814087
-0.03936762228171272
0.0342431570346759
0.0168093744302816
7.422354832486884E-4
0.023976941012599815
-0.014370050510981822
0.039134481030164134
0.014827755106885289
0.05551514855692921
-0.003955523253398872
-0.02441250624798647
0.003479875104424438
0.03254196416869408
-0.02973361014919069
-0.02699858729232285
0.018789065892123192
0.007606370037628943
-0.06209066876078212
0.04293085643136495
0.00913756401727307
-0.01096947242432204
-0.013031069402929385
-5.554954557647832E-4
0.005289273175424498
-0.002527409537810094
0.039788770013361334
-0.05368726858986793
-0.018140288743327782
-0.04316844690336565
0.02550273660154046
0.017029937190881417
-0.015209165465206304
0.003903644670070556
0.026425945354188476
-0.028367390410630026
0.03531498505635437
-0.02683879230040238
0.0014397638980019126
-0.0030497610644112556
0.029518961715919716
-0.03444072316273364
-0.006775181598157768
0.008043461961396967
-0.010628377435847314
0.024213043049162785
-0.03667892017072466
0.01307621987259559
0.007857713741807847
-0.010298300528237856
0.004408849986808589
-0.0019731251443200273
-0.03161156819809173
0.030595242506143372
-0.025056322129101024
-0.0071610510734210295
0.057239538705249754
0.021905669307707414
0.05086343524743424
0.030104259745347948
-0.027847006127698432
0.041235389722376045
0.013169039136014644
-0.01644484381750361
-0.036909985940008674
-0.024452994978434634
0.002317075226580801
-0.010981768698698127
0.009715462485795263
-0.060216333285229295
2.3839897879097526E-4
0.028941319717171884
0.006072977015361625
0.01638520117025393
-0.013490108740491991
0.013146818366728872
0.02441077436760209
0.010979218457004478
0.010783409651628764
0.045735396466113465
0.012423475834492204
-0.006934532897340574
-0.007972108289312885
-0.018188587273905217
-0.006856824670550831
0.005265373018340841
-0.05193511568932044
-0.007321554635707508
8.555001042380248E-4
0.01321538587109036
0.026285302332550973
0.018909206767503812
-0.0035879449342779268
-0.031199113330388415
0.02048180467265714
-0.008228488442014875
-0.008794957482614076
-0.013155781294899634
-0.03023605177661011
0.009779423708366194
0.020275135316794094
-0.028260384222428207
-0.0318722342817086
0.023618939203587836
0.011041307529264995
0.02654864799660373
0.0421586468605324
-0.09315272813258395
0.0012041524764748353
-0.02092658955702599
0.007933852689784065
0.021741600162762238
-0.03768766148872457
0.011148443056484842
-0.02426629776332971
0.005116620460476881
0.00960980642408479
0.020971854324757917
0.012829709555807187
-0.011570408441836186
3.252879226020716E-4
-0.03156697038607095
-0.02927027299818285
0.015133928315538274
-0.021726040435094813
0.014878518565699387
-0.010288116918500399
-0.04053089855899337
-4.687317434431404E-4
-0.027169179619769706
0.03927227374606394
-0.007709724714024896
0.013781642711305544
0.06786862092931471
0.016878574361384728
0.0097444708074245
0.0036290845138316416
0.05436574041851877
0.0018068637926808243
-0.013459326434403538
-0.01813101312491897
0.01095196797027466
-0.0383834588356627
0.022225659807520632
0.030889398512275953
-0.006681564102861269
-0.03932107915802163
-0.04444684643501457
0.044486715013084495
-0.06696428571428571
0.02471644019426586
0.027650459782361983
0.01489832721236206
-0.03444596185162306
0.04854292947642047
-0.003547861854896802
-0.036817071634611155
0.0033298058503133006
0.03247961352538375
0.03758005365557865
-0.04447852293570612
0.025146884198164323
0.0035497190186705337
-0.021616386246482606
0.011637392657515237
7.23159867877507E-4
0.0056646439388456545
-0.016922345426092226
-0.023993333260920516
0.030855688447851925
-0.01581517358075756
-0.031052874488364534
-0.02009869113425493
-0.00936182098155679
-0.05189469193897805
0.0425588779926656
-0.0045045491553195385
-0.039871713615383525
0.002825858983107568
0.032501559296305896
-0.006457972483116987
0.02715727217037119
-3.5800044112176826E-4
-0.03064657009682916
0.04065705814921332
0.036704537609015916
-4.7497058028861047E-4
0.014178312492232076
0.015437584529025866
0.0025334227292616376
-0.009346599908172593
-0.022722632901088325
-0.02456325597383785
0.014860748678799298
9.425100347037352E-4
0.00939296406661282
-0.010724775846647178
1.0243768546284743E-4
-0.012094266234724652
-0.022377414149016592
0.05022042276821512
0.04977579215415813
0.008354903957704886
0.013645155162055661
0.01570415334984486
-0.02884134785273819
0.023904693069349434
0.027220047391958317
0.01177625649948556
0.06813217653112805
-0.08032526049790216
-0.0223690187232583
6.803524045996337E-4
-0.00974188665298163
-0.0536449481553936
-0.001165371862385167
0.004943015306001216
0.04323432827548852
-0.03363895650361936
-0.03138056905831143
0.029238572854735096
-0.07999040594444284
0.011182074825904234
0.032870026513481226
-0.031206832552372242
0.004782428316918212
0.04970236876708291
0.02266933103317784
0.0024878304374976005
-0.06563655138239212
0.013679353584978463
-0.003390268983804132
0.012690537228630217
0.0512377867612632
-0.0032883904264126886
-0.030204968482807813
-0.024290072693323877
-0.009055048128365373
-0.0064215317350660266
0.007141136151160209
-0.02366754740926855
-0.039910671931820504
-0.018385116565660827
0.013687981367384191
0.020439097811518623
0.057588440577287674
-0.022584089015114973
-0.02511998393995831
0.029056991718621174
0.0017646314304870063
0.004976339834686986
-0.033396615615604676
-0.012325771640143498
0.06136198580307249
-0.009508937059440116
-0.04322449443734876
0.009300263150981487
-0.039091557897048296
0.025801685964781714
-0.035993319252792214
0.006987321295482801
0.01712043253857311
-0.00258104100593181
0.025674337390691186
0.0415687459455375
0.23205757904136964
-0.06857732913169998
-0.07199396867597799
0.05452625738770525
-0.005101148765676657
0.006868499082152404
0.00817943375539397
-0.03354288720950989
0.00964166526755884
-0.059150626520759766
0.027222958496478558
-0.05905099523794591
-0.007956633245539286
-0.0468950600880271
-0.040254727716794836
0.10343330292147376
-0.04456040080147267
0.04402266624851292
-0.037100475215106135
-0.01888660635440804
-0.042439098676987086
-1.6113813422578838E-4
0.0973853369756326
-0.035628801063672194
-0.04277261586574002
0.08765890600811943
0.027014157396448375
-0.047893731919576805
-0.03799700386575216
-0.03297044141590429
-0.037105242445738346
0.07427482741622107
0.12116800889107336
-0.0774758954449999
-0.027374898140899967
-0.022404840285995962
-0.02031436309246887
-0.01421689464852762
0.049879458156199825
-0.038554522746901666
-0.01324313999218108
-0.02884233715998595
0.041832626805132875
-0.021752175228454313
0.011687363623387839
-0.036255445843113535
-0.07159680182123493
0.12675948599005926
0.02344753157788403
-0.038504461003960044
0.01310814180861537
0.0012792226979476849
-0.023733932325832627
0.019360473622211254
-0.03697087256637602
-0.023786393321464493
-0.03550673645960106
0.07467700898891018
-0.014419325597368134
-0.028752234327397434
-0.027108273306162216
0.02441670667274869
0.006883163923090882
0.08406769290911277
0.2824159387439589
-0.012558191964900186
0.008668271914151121
0.05358670001564449
-0.03626404171664671
-0.04525434115004709
-0.04356099445614599
-0.01545564200930723
0.0403676656304373
-0.05930675711132691
-0.013789601378952732
-0.09063250736352639
-0.022321428571428572
0.04848273120374301
-0.08730109195045067
0.07565382276338514
0.005542231157288506
-0.010066312646940166
-0.04389334197330273
-0.04317111939801081
-0.015871509496637366
-0.021807956081198687
0.09247998091029795
-0.04294957541085179
-0.0015888200345511305
0.06147872086505331
0.07023325681082954
-0.01164980132048134
-0.04903575978141135
-0.04025734069865618
-0.05077075634579996
0.008551252484319254
-0.01579285285022247
-0.04249226453030445
-0.012020750727868559
-0.011574958941567876
0.028664526136300373
-0.015016699681822029
0.05547788403377507
0.005217240828030434
0.017177729118320675
-0.013447772548154591
0.039562291927989726
0.03835816860253594
-0.008374521892551653
-0.10610469447055397
0.0015440631410349598
-0.04451398349130378
0.010176420472112004
-0.01006861644830991
-0.03299024825515298
-0.028492102562714942
-0.10945852158698283
-0.022065021504813452
-0.030879966041210075
0.07069926845871005
0.0016791056556942144
-0.05285193585567512
-0.03570614439576801
-0.055194633464928304
0.0013866118698038464
0.14097709823491655
-0.03506803613915427
0.2812396352713007
0.1578551606642745
-0.001634991913014125
0.11783493674860626
0.008286632023270369
-0.07555771909148519
0.023347287765298298
-0.031032668593255153
0.008057714328987331
0.04724791940301644
-0.030293394113152048
-0.09508442838504849
-0.002106165946989102
-0.030171011719373263
-0.07452151904835448
0.028344963243591037
0.04669608663748756
0.01497723967776143
-0.04829271462743834
-0.026556379736618223
-0.0730576919776714
-0.05239825668640395
0.03279855869487934
-0.05620540997169848
-0.028338910454658146
0.07734349167168347
0.044978724749594017
0.018336363507022998
-0.06714167548158351
-0.03445960638456533
-0.006413842581982406
0.05693076409747863
0.0014539767356506381
-0.03507217938034441
0.04088389037848161
0.05169018715612775
1.3378221563613985E-4
-0.02502644961186665
0.03866590680626869
0.04415905578854411
-0.12192625763304951
0.004105394497805798
0.02012554218231031
-0.019352820182317442
0.05542168646629983
-0.06717007368812955
-0.06542258807476044
0.009679855959966049
0.003794032256523856
0.012479571252700508
-0.07297079993420562
-0.03241380742386179
0.014559937729779173
0.012985039390490515
-0.05178574744679626
0.03952222842734608
0.04237627389840905
-0.049960012438208995
-0.045537953860857405
-0.06703579167853169
-0.00906206331677181
0.11696813813038758
0.015778657770380716
0.020157395473671003
0.16802653565326203
0.009333792711168565
0.0757201101349065
0.1305751788100801
-0.06538928944176318
-0.06898269643598455
0.07333758958883946
-0.0640480806776028
-0.022321428571428572
0.02181324096495846
0.0
0.06471228876877981
0.02402940701051567
-0.03900409608348098
-0.08547679965242079
0.08038928727665068
-0.005985731549734655
0.0038966288628463977
-0.00507502376081739
-0.10633392234851353
-0.032485068752780774
-0.0922337161492001
0.19432849908710964
-0.019836783473450578
-0.039231993644808796
0.04727317436516422
0.0
-0.0030316890459654872
-0.04779827966826212
-0.00623071791114151
-0.028473827791049837
-0.032800209572997174
-0.03232642458512273
0.08426153359271231
0.040174830331497165
-0.02337814221848421
-0.022321428571428572
0.02172997306439125
-0.013462359267007274
0.003003448519198722
-0.02199814335868783
0.006720196623627425
0.0
-0.149680407479039
-0.02017646588346303
0.01483603484727275
-0.08375388441864913
0.026214892816504333
0.019814738475827435
-0.027049825935857644
0.027801439192529358
0.006737261653076292
-0.022321428571428572
-0.03423690326103709
-0.15189336562696046
0.03201628485770219
0.02353469209557874
0.0450555933751382
0.0
0.0656053949629353
0.004451990436633201
-0.016860019750184127
0.014799343479205094
0.24420345480931835
-0.022172147255415168
0.0
0.0
0.07044212923086966
0.0
0.0
0.0
0.1386213558981156
0.0
0.0
0.0
0.0076003758961587405
0.0
0.0
0.0
-0.14251721533740108
0.0
0.0
0.0
-0.17372334278183052
0.0
0.0
0.0
0.10231036378198113
0.0
0.0
0.0
-0.04886513077415239
0.0
0.0
0.0
-0.06001687347934644
0.0
0.0
0.0
0.12086220532888822
0.0
0.0
0.0
0.0
0.0
0.0
0.0
-0.022394412793289437
0.0
0.0
0.0
-0.039493348104576276
0.0
0.0
0.0
-0.04725879889753387
0.0
0.0
0.0
-0.1829051683829146
0.0
0.0
0.0
0.3180074253294762
0.0
0.0
0.0
-0.04066956491444512
0.0
0.0
0.0
0.0
0.0
0.0
0.0
0.0
0.0
0.0
-0.029677807119606485
0.0
0.0
0.0
0.0
0.0
0.0
0.0
0.0
0.0
0.0
0.0
0.0
0.0
0.0
0.0
0.058026551297182205
0.0
0.0
0.0
0.0
0.0
0.0
0.0
0.0
0.0
0.0
0.0
0.0
0.0
0.0
0.0
0.25434825765819324
0.0
0.0
0.0
0.0
0.0
0.0
0.0
0.0
0.0
0.0
0.0
0.0
0.0
0.0
0.0
-0.28269700183576885
0.0
0.0
0.0
0.0
0.0
0.0
0.0
0.0
0.0
0.0
0.0
0.0
0.0
0.0
0.0
0.0
0.0
0.0
0.0
0.0
0.0
0.0
0.0
0.0
0.0
0.0
0.0
0.0
0.0
0.0
0.0
0.0
0.0
0.0
0.0
0.0
0.0
0.0
0.0
0.0
0.0
0.0
-0.3098876922721038
0.24408688406213183
0.11467119001675725
-0.048870381806785566
0.0
0.0
0.0
0.0
0.0
0.0
0.0
0.0
0.0
0.0
0.0
0.0
0.0
0.0
0.0
0.0
0.0
0.0
0.0
0.0
0.0
0.0
0.0
0.0
0.0
0.0
0.0
0.0
0.0
0.0
0.0
0.0
0.0
0.0
0.0
0.0
0.0
0.0
0.0
0.0
-0.04392136634900924
-0.076533909158495
-0.09919927688993266
-0.0902331398746669
0.33610398596317603
-0.09225360355463143
-0.020121459044374828
0.020357960697961874
-0.23971859612243177
0.26789605531512295
0.025275152631011363
0.061218578193054735
-0.04946336950118482
0.0576148923935247
-0.10002730786264617
0.043005403163520764
0.0
0.0
0.0
0.0
0.0
0.0
0.0
0.0
0.0
0.0
0.0
0.0
0.0
0.0
0.0
0.0
0.0
0.0
0.0
0.0
0.0
0.0
0.0
0.0
0.0
0.0
0.0
0.0
0.0
0.0
0.0
0.0
-0.044642857142857144
0.04673296050946951
-0.04002573816588696
-0.005985731549734655
-0.022321428571428572
-0.06666356786060991
-0.014177156268933663
0.02662824354247714
-0.04914404234515929
0.002629129688819891
-0.008041507090736122
-0.044642857142857144
-0.022321428571428572
-0.022321428571428572
-0.05082448794894202
0.005234205217132254
0.24227116697405593
0.06445909051776758
-0.0677008003703192
0.09707452884167182
0.09314282075700808
-0.11593945431452643
-0.05718324053061474
-0.012273729466498384
0.044386020226554676
0.016491840975865413
-0.03913780749004128
-0.04186151275675355
0.031642009319934744
-0.020521068597001438
-0.11185090651341144
0.12108792648844005
-0.04297958048820699
-0.09443729447593961
-0.013016006872570932
-0.08928571428571429
0.03376096668035824
0.0481475852890151
0.07098619312978423
0.11500131021596552
-0.10716187557689752
-0.006687035785291637
0.07747131590278798
0.061652748090412504
0.02016518764644995
-0.008425133680001438
0.0018480547234709307
0.04763046950313531
0.0037789964462305557
0.007043068899943897
-0.0029726407385030663
-0.057312794108856216
0.026526576657102452
-0.03913890327239705
0.054124357159342315
0.016102861849476995
-0.049798663931822716
-0.005867928496634392
0.046755059855697875
-0.09111577528988694
-0.024371298072502077
0.08669681117931546
-0.0167988353283147
-0.0025212746149779024
0.17714745673104648
-0.01394019379718948
-0.014144692156690137
0.009365155012055506
0.04468203304182823
-0.03639309199896918
-0.02845590572750697
0.04396479013588936
-0.00385811089925147
-0.05244192794626537
-0.07437716722002169
0.006962019918258348
-0.028308998443637587
0.022250848448908917
-0.10317816734979517
0.05372660624189049
0.08000600986213897
0.012406761814649923
0.053311742206722204
-0.014615578360470925
-0.11785570909937097
0.0456652118106098
-0.009105474363255844
-0.09229836850650128
0.07709286565993255
0.01024745699327663
-0.011484504898788417
-0.02210566426484255
-0.03467370476328879
0.07559646357754964
-0.010413244963355807
0.11494917229051628
-0.029822869928299446
-0.06011878946006528
-0.01829956915132182
-0.053477333087638274
-0.008003694940922453
-0.04440943486977468
0.07577785010075176
-0.016798713907295374
-0.028874554530504557
0.02529420911390321
0.08035146392169681
2.759426726129839E-4
-0.00806621100315081
-0.04366058389614616
-0.07591799515556187
0.011677392955773688
0.03067488041288777
-0.01857381371384897
0.023394217630461334
-0.030380814007046095
-0.03932292940617054
0.04199575615896281
0.009790065833795035
0.0229662877442967
-0.014356326984770722
-0.05154948542614918
-0.06193527585245656
-0.04978508680382075
0.004369406499309572
0.03878182719939129
0.031394430884007694
0.09688566201102114
0.2643961554627339
-0.030993760652376363
0.019516567402459464
0.005086514864956766
0.0017893317624190965
-0.04157818575212667
-0.01429154491983468
-0.026145636246911557
0.02830444131837839
-0.0173470558832477
-0.005981900378673813
0.039286213472714715
-0.027014055282030772
-0.046446748396664295
-0.021617437108376557
0.0059696703439718266
0.01298404240908061
-0.061885234772670626
-0.06491291325674331
-0.0066861947843024246
-0.06354115037396492
-7.730382490892564E-4
0.05519036985281413
0.015982259871068757
-0.0677296526424681
0.09963339723914112
0.04865814501982339
-0.03255535377271243
-0.0443195719301164
-0.005690416653894142
-0.0017055662069728403
0.009549550257372804
0.09129213081919002
-0.0494237812569568
-0.07419553865032098
0.062331062333493586
-0.03301793988825752
-0.03439144190747562
0.07361854846023079
-0.07465891392973237
-0.031027422862878427
0.0042403194378229925
0.004734363884082292
-0.04539274450859669
-0.018943911584968217
-0.02430852267465664
-0.04433772880840782
0.022937374590240686
0.005532644940830417
-0.004300679529659349
-0.06032908355333294
-0.007582389568605748
0.017695669922804736
0.07441093998656692
0.036878472653432734
-0.036016527233100754
-0.06253009150142415
-0.003284546250567188
-0.053643154880984326
-0.03865718395172948
0.02549848106960019
0.06679085562005925
-0.02187457722717262
0.2068240740367148
0.1028431265969341
0.04894394858541855
0.06652571642952113
0.1558921820199611
-0.0032958897108820036
-0.06939414460597493
-0.038558578848815105
-0.03535484304599112
-0.02637032878595322
-0.04582374387217623
-0.1023331296988967
-0.005393765700911619
-0.045124957792154315
0.058198276761965255
-0.04584541944506628
0.0859210933207975
-0.024671403324161123
0.035232036205318576
-0.009257781659818767
-0.07837693979833729
-0.041686031451393296
0.02572377027718445
0.07377779793819868
-0.06014726268611448
0.009577745978405083
0.08950694574225235
0.08825409035536949
-0.03594293602938395
-0.002085512441426157
-0.03298908765819464
-0.002970030079238215
-0.08279418735981695
0.0480142262644746
-0.07129024221219009
-0.05641134851346777
-0.053295361227209
0.047654620948908745
0.011639207434428187
0.06883107944594678
-0.04488279328613447
0.024042913277863093
-0.040424730625002146
0.029210497110376477
-0.019061226118989884
0.04832185698285278
-0.02541593981382917
-0.022162127712465302
-0.0780628582168822
-0.03338182101678294
-0.02261470661524158
-0.044642857142857144
0.03586032704736646
-0.018526392389127067
0.010201422783148294
-6.000114156903789E-4
-7.298510834866938E-4
-0.048953605996842835
-0.027376771886628654
0.0021164238551885685
-0.015321355322646897
-0.033769890866348726
0.04227414065333826
-0.04939700372612046
0.286173423167431
0.055953417798256036
0.013794138598219369
0.015270806121649596
0.007785766002339626
0.002785761459746558
-0.04970906725353022
-0.02322763885960423
0.06042198061669332
-0.0419602449057148
-0.007890893996695863
-0.01814276743584403
0.024207635451632136
-0.043748836024119386
0.042822952224443926
0.04717570732632749
0.01383038451512925
0.020122701658796326
-0.0027178345923333097
-0.05242107973186944
0.019162520062912813
-0.035189443358907085
-0.006907963979558493
0.01428358199405078
0.005984081233200823
-0.010002461557525263
0.027440509655684182
0.07775077560742095
0.008261463414060087
-0.023924894579598007
-0.07059798604702572
-6.002704082354662E-4
-0.045991599066867575
-0.002904411320533911
-0.024805353899642203
0.045279986926148874
-0.05927349723250065
0.03542212713604581
0.004730122073749555
0.008205329231714853
-0.07247587908306492
0.04797309869511161
0.004478806003227618
-0.005307746995638827
-0.029896276080662542
-0.02811073201929621
-0.025139262678389018
-0.011794835689333764
-0.010674452784913337
-0.04561006724094145
0.006784387401736893
-0.03541069322936265
0.04157786895149079
0.026527533952682723
0.00963427101796395
0.015272150774877712
-0.009366565802244663
4.8482433594864306E-4
-0.017413059290299463
-0.08577095477577319
-0.01767539123276622
0.06169431529594897
0.07200177642175204
-0.009031206741799101
0.0865725859356275
-0.016067925078812974
0.03104570512135353
0.045128852793026045
-0.03254499193998961
0.0317417965021348
0.008721112287339843
-0.011296017317456712
-0.03611155396403717
-0.010626511040318014
0.012198730509532144
-0.02898356628012488
1.3036689747715296E-4
0.02786780683226053
-0.01375060351595763
-0.010042084632481317
0.005177539100420993
0.026445097753628397
-0.0052620128582153945
-0.035578433438766544
0.04394132773292154
-0.05472880406241312
-0.022160779203151893
0.040786344750110934
-0.006149399625921113
0.017059021116504296
-0.026530800999796447
0.032773574903490796
-0.008768371879159548
0.0016708107523532717
0.008132421386983849
-0.017652554676825777
-0.007587060497926776
0.029670501106842904
-0.03160631535335346
-0.006329986681660388
0.0047610174959911294
-0.021995675493009337
-0.0055955510132504604
-0.005469510287868254
0.03967609916604456
-0.013223532229838676
-0.026823284080679848
0.02185936759961425
-0.013283244888930807
-4.728673227113629E-4
-0.03372671736292079
0.02910193425058114
-0.010004918012685524
-0.009859566508331013
-0.03128620516339496
-0.019224909490888658
0.02628053383555
0.02290694636843074
0.024638007008518512
-0.010419193642178776
-0.018038279813989276
0.011232641850581076
0.0218391409640127
0.009425804291348917
-0.01674819261898352
-0.029531521817758886
0.06401491865772509
-0.03960965221596338
0.04886317397497303
0.004712681674208635
0.02347583984405498
0.003363330246535092
-0.0013637444914713776
-0.005108260722916785
-0.08343010775556543
0.011350083062129788
0.04007945716274218
0.0164870853505443
-0.024640218526837874
-0.03241131975360563
0.02455997611160968
0.011567916805284559
-0.0036119515226404955
0.04619412933125636
-0.011712207489427376
-0.015484184143879375
0.03319829534912483
-0.013839047502078396
-0.025950800388023988
-3.622778283500841E-4
0.022751161023066697
0.0044438782081258656
-0.021229972323386533
-0.03969220132758916
0.0899372235332069
-0.010938124066753024
-0.025705274636257505
0.0010985669717091598
0.0012440628265451628
-0.04433333826861596
0.02136757423245867
0.04985172486794004
-0.03175649998246406
-0.012270398541722068
-0.0013832066468252198
0.01642709210644808
-0.02915544056165436
0.02104500306259397
-0.027632868214319123
0.0056978920043412925
-0.028093113015960885
0.03577054236255372
0.021699859163394914
-0.0014957420801797992
-0.012577383807163865
0.022676228316278687
-0.04727254491853174
0.020158612471073135
-0.020825241851186876
4.47360482398608E-4
-2.465026581413253E-4
-0.026091674959352593
0.046695325049035605
0.007241627609740598
-0.003175258533593104
-0.04407805828556256
0.015666433873909393
-0.037137812723904845
0.027347079860868703
0.0200107437536991
-0.005897940168693411
-0.017234451895523032
0.03957038287529903
0.0558646425478382
-7.266368846626341E-4
-0.01440431637317465
0.01850514557934153
0.020401361923743273
0.012243845160811551
-0.04355929931105812
0.01500648558603217
0.023752916081374767
0.025496104029183096
-0.014508323929491819
-0.0570394514959328
-0.026002177139832206
-0.025061752082611556
-0.007517109282589571
0.029636784320571413
-0.020896129357538214
-0.010406382260410876
0.01809409330274287
-0.0019267030889651288
-0.0021074744979161114
3.672429566613025E-4
-0.010845627580896106
-0.030553203122966582
-0.007154533438434606
0.0027546063346037784
0.0470024828226991
0.0014780362237219432
0.011837106386162335
-0.00895630018471289
0.023665003296335103
-0.038504451406341164
0.02857515782485692
-0.028939447684414858
-0.00662386091513046
-0.054597131483577754
0.029419160073292806
-0.030726090100433315
0.06019949062385285
-0.006022234732394806
-0.03830467473344777
0.0038478589949467136
-0.018926763946407864
0.00866686550319912
0.009474021580665393
-0.02066794576171912
0.021537272524318054
0.03755829215635145
-0.012314937708537064
0.040725931375262356
-0.004701828933803619
0.007472320717591342
-0.04352540048286331
0.010466342762437849
-0.02366960809188028
0.03588545314035313
-0.0012223560720706003
-0.02089043058424254
-0.020271322263593048
0.04968667640330218
0.007068372517427783
0.0278541472595853
-0.02698733478419649
-0.005981980293018
0.016768860193081835
0.019065687229465642
0.0023744500876729108
0.013019735796399453
0.008072260530459341
-0.011596029298523072
0.06087854352545288
-0.05670131021161516
-0.035016742613654624
0.019656245015919706
-0.006255700291230828
0.013980284969599886
0.022912345062880514
-0.03662508052423217
-4.421778200706557E-4
-0.0163914549941877
-0.04850735045776157
0.029284113943200376
-0.018686662942280375
0.04209754647309823
0.009764565484756241
0.03459159168099463
-0.023994954029365915
-0.028009862356907562
0.018849539997164533
-0.011307644465263786
0.011352509848269823
-0.03676944974015223
-0.02030567943734366
0.010233078330074506
-0.003812971562956277
0.028202073541249352
-0.04175307899351367
-0.029036402068821056
0.010352821838613295
0.03750801106114322
0.03751255529924649
-0.050311463587543126
0.011776858844957574
0.012230188217830128
0.009275964042296886
0.00789620944869138
0.004338072961331891
-0.028214173769113785
0.0015641162712963334
0.009683700785441314
-0.014712911124996987
0.006257220702549802
0.023703327521248235
-0.031186690451656552
-0.0152771247249452
0.025137810999776827
-0.013837570461530134
0.01957255402921967
-0.0384483499120198
0.005881515574872008
0.032686220528337404
-0.01846827593324676
-0.02903289666481286
0.025512783823589288
0.010368644032651187
-6.182145872389716E-4
0.028760523572263576
-0.015802308240112087
0.004427172530286358
0.03532384926569271
-0.0457627181762347
-0.04377654535668955
-0.029170002641475793
-0.023504675286905044
0.0025592927682122485
0.038242093812357
-0.0028627906215859186
0.013957716583205972
0.027886885203356797
-0.060218326905916206
-0.01500688616295989
-0.019015872946559976
0.05218726134230198
0.09959860209763562
-0.01659950178473833
-0.01427795999429245
0.006181894942303706
0.06620737768965902
4.2437479336267583E-4
0.029705284379853637
-0.021422728578329647
-0.016450277770738583
0.020200741127873147
-0.01881359859299883
0.026058147195996934
-0.017233191301846522
-0.030755537018124966
-0.017778128263006288
-0.02502453394672579
0.006958730452036444
0.04667261337958886
-0.010801473032558604
0.035143568251952584
-0.045219726644838656
0.017346503335125992
-2.852381508681341E-4
-0.013348882538038339
-0.005935848580119004
-0.01661829200261226
-0.010568208175076338
-8.867053017520311E-4
0.008475191332998698
0.046901387138948245
0.004851322006038064
-0.03626151142564185
-0.04098175243542125
-0.017915418320332006
-6.919184447486838E-4
-0.011496094448292062
0.044642857142857144
0.0236251079115874
-0.004462694590365537
-0.010365016611058585
-0.026123912706118566
-0.0016735373046904375
0.008434299558536178
-0.01178955983129128
0.014821260641685166
0.021314303659619456
-0.0017399749846625442
-0.003926198824272382
-0.013382598841185145
-0.0072164863670107545
-0.02147184986081017
0.026115452196821886
0.019157749835803917
0.038843892418066156
0.024955499438405034
-0.04323626040603643
-0.011010633656341771
0.02433584740594536
-0.0062022238168010215
-0.00499345962203555
-0.02907351339737924
4.318756656877384E-4
-0.009391749354315252
0.002713527231397405
0.028100309288218075
-0.005570767730516093
0.0045457201807753735
-0.04953653317870055
0.06278756412704155
0.003429611298485624
0.01649728846314909
-0.010504131982391826
-0.007970091427527939
-0.011520762444828955
-0.04217923045881519
0.02761818770721009
-0.016495529762780275
0.02970162564413176
-0.01683626384080336
-0.002108975121699431
-0.02102433192624814
0.006297696502364482
-0.009661902307433013
0.010550064088517625
-0.008139737084464527
0.0255151794541111
-0.0448864009583773
0.01047142274997414
0.0019100081279590482
0.00481157200189419
0.03764033973806683
-0.011532043268710528
0.010348898795059916
-0.015083994465385551
-0.009964586794433981
-0.04185762492180911
0.012751139948549794
0.03231816006386838
0.008771725616901514
-0.00842918910787324
-0.0102074289554138
-0.04706816528413317
-0.01205865687929636
0.04172248596482174
-0.016278317989582982
0.011761061665536822
-0.006949841376835044
0.011693753347914594
-0.029529956490954454
-0.05617995161632533
0.055569624573891044
0.03631114149116721
0.016492166824332744
0.04610631748665407
-0.0036219892970667175
-0.01665572572088138
0.0
0.019735293289233156
0.02447853578943504
-0.04878311269559313
-0.01324702275364139
0.03068378492118204
-0.019819993216043733
-0.011449286686701525
-0.020714711019671057
0.09027080673232886
-0.012996433597632038
-0.048129400697067976
0.034453175485338286
0.004384984814329508
0.03360357368422657
-0.007571918585985878
-0.009696122026040494
0.00644912048046721
0.033403843322623125
0.008697963302063617
-0.06404319704127348
-0.07298996811315832
0.0012593750762336549
0.050103914660838134
0.020080194702454163
-0.013973583985938925
0.013823979179166907
-0.009963315392605854
-0.02323611474611575
0.023513511393889765
-0.0436716982101974
0.013173696423952266
0.036372209020902796
-0.023078195385839367
-0.03614848816796712
0.04685680297826179
-0.005321075338839714
0.022128151408297825
-0.005229814998846835
-0.034129234311704726
0.04001733606663231
-0.02761301830697883
-0.020308992525350057
0.008249806938537775
-0.02507789696226292
-0.04256713855944427
0.0011835409931403341
-0.0251238552923899
0.02537700808680246
-0.0068729589391029414
-0.003303596740984141
6.422892028345398E-4
0.02891129106159099
-0.021360401824279576
-0.002363882487279107
0.020090034508535443
-0.0013076815179206662
0.02220591194029277
-0.011134280292915313
0.03213575826429675
-0.006888105776821734
0.0063919368522029375
0.011461186316087519
0.013994884051067902
-4.103320839292336E-4
0.007752934334611446
-0.02302913645612982
0.0022818194935148254
4.8780979810634367E-4
0.01703255072256807
-0.022104336414443038
0.009688685513868815
-0.04079470299729876
0.0021013984979297157
0.043139193972111585
-0.030149952163749067
0.036962454775372515
-0.016278215615034557
0.0022478982269479378
0.006151567303315491
0.004112009529529188
0.056083198756636185
-0.003404955459546978
-0.0192479233426111
-0.015000025751371198
0.01736630314261977
-0.03590109002597833
0.0015639936057500973
0.02438473606517531
-0.015963977536982865
-0.002988031302739797
-0.020219829227024474
-0.014528166005416458
-0.003163241757773917
-0.0025129330598437707
-0.014800726838056458
-0.021061531952283864
-0.004718577774021833
0.04960778361324186
-0.025911330306900477
-0.045132191158255605
-0.01012220344820593
-0.023251528360845018
0.02975320401273331
0.028235955967284995
0.037343225257689794
0.01983131870463904
-0.010532131337056947
-0.008567274393777118
-0.014793116464704246
0.048868598371438136
0.02131115910209748
0.01550347537087247
4.776004980901541E-5
-0.007693114435515697
-0.042078467389158845
0.019108094538135056
-0.01909594443654848
1.275096568616324E-4
0.006511835465231871
-0.005250551572384321
-0.03774410334422186
-0.06332329570819889
0.0679693451188712
0.012349111933687422
