-0.005630107
0.005171346
0.001628051
-0.00116929
-0.00767506
0.00470937
0.000658186
0.002307504
-0.018179178
0.005710997
-0.005046012
0.017514193
0.011525267
-0.003830268
-0.00300634
-0.004688659
-0.013507645
0.004402199
-0.005431486
0.014536932
0.000709384
0.006872697
0.000964275
-0.008546356
-0.015812586
0.003186445
0.000263876
0.012362265
0.001377112
0.007833969
-0.005210324
-0.004000757
-0.007477015
0.005680355
0.005255343
-0.003458684
-0.002115436
-6.06158E-05
0.012649016
-0.010472964
0.011195084
-0.022379945
-0.011469173
0.022654034
0.045909664
-0.044944802
-0.037488021
0.03652316
0.053421244
-0.064724477
0.026749225
-0.015445992
-0.038238825
-0.039221719
0.025948692
0.051511851
-0.023144947
0.031907772
0.006274659
-0.015037484
-0.062356016
-0.013972174
0.083461586
-0.007133395
0.010117685
0.013170492
-0.021542549
-0.001745628
0.024190576
-0.008057999
-0.034759851
0.018627274
0.014760562
-0.01998768
-0.03953179
0.044758908
0.006894345
-0.005535053
-0.010656494
0.009297202
-7.96729E-05
-0.002883519
-0.007184392
0.010147584
-0.002481741
0.000748631
0.000668246
0.001064864
0.008710005
-0.008685102
0.001320029
-0.001344931
0.007768061
0.003103454
-0.000715944
-0.010155571
-0.002484374
0.004485489
0.000767696
-0.002768812
0.009459386
-0.005468054
-0.002278023
-0.001713308
0.013871961
-0.003254402
-0.013391128
0.002773568
0.007928713
-0.007915877
-0.003947701
0.003934865
0.023253919
-0.015051478
-0.01185497
0.003652528
0.021388467
-0.02093615
0.000317816
-0.000770134
0.004244327
-0.012786394
-0.00358728
-0.009802071
-0.003843959
0.008407288
0.010982705
-0.00370136
-0.006831316
-0.002745986
0.00268048
-0.004366878
-0.002155859
0.005936043
0.000621023
0.01131913
0.001109333
-0.003242998
-0.01354239
0.012300725
-0.005849834
0.010149336
-0.006300612
0.008771987
0.013022481
0.009629785
0.002543368
-0.004410852
-0.007500499
0.015725918
-0.015236979
-0.011997422
0.00091412
0.003083191
-0.00137937
-0.000618941
0.005431734
-0.004464437
0.004586927
-0.010915672
-0.003890959
-0.021445204
-0.013324472
0.029024385
-0.005279906
-0.00320764
0.022730016
0.000384278
0.0010147
0.001471639
0.01658976
-0.003443412
0.005410366
-0.010413667
-0.007665425
0.004123994
-0.005635491
0.005785411
-0.004457874
0.005081307
-0.008338417
0.003828713
-0.00028589
-0.004235004
0.002292962
-0.008239782
0.006991388
0.006237912
8.77824E-07
0.00338687
-0.007312718
-0.007549592
-0.001030808
0.000459059
0.002282031
-0.003629561
0.007008148
-0.001059267
-0.009067293
0.001554714
0.004045231
0.001363664
0.002269217
-0.006529805
-0.020634386
0.015426042
-0.007721093
0.016607956
0.005358392
0.002492683
-0.002902371
-0.00334511
-0.008158653
-0.011221177
0.021822601
-0.004163822
0.021593479
-0.006458566
-0.024429054
0.005958857
0.001203381
-0.003416949
0.002570188
-0.009132615
-0.015751667
0.013223903
-0.003645313
-0.006385422
0.016160582
0.006281806
-0.019716383
0.022601956
-0.007819803
-0.000707299
-0.009763194
-0.004984385
0.017328686
-0.015004152
0.019638468
0.000320032
-0.011409661
0.009826072
0.013846811
-0.004435053
0.001338507
-0.010183177
0.012130373
-0.007814721
-0.001735349
0.00965072
0.018534117
-0.006337619
0.008028777
-0.01130233
-0.005934471
-0.004833959
-0.016465859
-0.003243853
-0.006093585
0.000871655
0.001294881
-0.000631713
-0.001214062
0.001233473
0.001977641
-0.001035574
-0.012444475
0.009400966
-0.011379021
-0.000269784
0.012176009
-0.000135393
-0.015612109
0.01801232
-0.010977483
0.015752117
0.0074918
-0.005370277
-9.70591E-05
-0.001778683
-0.001793635
0.007107503
-0.027126926
-0.001020684
0.008929874
0.00168055
0.008806084
0.006585211
-0.011699859
-0.003189715
0.009305772
0.015164961
-0.003201277
0.00305707
-0.004586616
-0.013064322
0.004404274
-0.006920774
0.018166059
0.000699025
0.006993194
-0.004685905
-0.007169345
-0.011319758
0.007331586
0.000572762
-0.004539053
0.001804003
0.001927437
0.000971201
0.007763551
0.001515938
0.008203607
0.001168386
0.003540697
-0.010059759
0.005062162
0.010699369
-0.011300476
0.004340821
-0.004339718
0.007966094
-0.007114484
0.000616882
0.002980157
0.006501746
-0.002889013
-0.003851202
0.01737711
-0.007484575
0.005905103
-0.003224815
-0.007791586
-0.017017331
0.020399449
-0.010168003
0.006845416
0.004217153
-0.00748056
0.004296268
0.000906
-0.011907127
0.015706331
-0.014409103
-0.021463772
-0.00661956
-0.015597483
0.007234573
0.015243464
-0.018411639
0.004030609
0.01128908
-0.005923343
-0.001874802
0.000319469
-0.004825675
-0.004251578
0.007976871
-0.010933062
0.040800506
-0.001726229
0.012080077
-0.002185945
-0.000655062
-0.00031316
0.017168939
-0.001999303
-0.016830196
-0.004298465
0.008382489
0.002160668
-0.004378879
-0.005800681
-0.005973393
0.008402274
-0.008721793
0.006897634
-0.001702988
-0.011041038
0.008237108
-0.010271867
0.008009167
0.016011262
-0.014604234
-0.009774377
0.006919872
0.000531536
-0.006014659
-0.004398645
-0.009020001
0.000497689
0.006215894
-0.001470763
0.014631139
0.013225349
-0.014184845
-0.001435066
-0.000574156
-0.004993399
-0.000558041
0.000425684
-0.006660913
0.01729236
7.31472E-05
0.007422285
-0.016293758
-0.013647275
0.011150451
0.003306126
-0.005965675
-0.006593687
0.001537125
-0.00379431
0.006382706
0.01222262
0.003879919
0.006997771
0.006169843
-0.021715001
-0.00356752
-0.004490235
-0.006053014
-0.003598539
0.009850385
0.005439147
0.003741002
-0.010858388
-0.004487863
4.06536E-05
0.002899556
0.001185164
-0.007527277
-0.014262867
-0.003758801
0.012837682
0.015470516
0.003556243
0.004462466
-0.00109246
0.006892159
0.018726614
-0.004667042
0.000865125
-0.000752553
-0.006970286
0.004970069
0.014736914
-0.00203322
-0.003714788
-0.004455923
-0.020078412
0.012981361
-0.012053294
0.011635125
-0.002418995
-0.006061311
-0.003460744
-0.000485465
-0.001985861
-0.009528519
-0.0102636
-0.000743104
0.028285527
-0.00056155
-0.00573069
0.031824203
-0.009646883
0.007979016
0.000808655
0.00034789
-0.00467942
-0.015286758
0.002746221
-0.005435928
-0.012251744
-0.001672337
0.020171291
0.002652342
-0.009178554
-0.010975078
0.012749249
-0.013663659
0.007613762
0.002247225
0.000897775
-0.005214226
0.002277978
0.007999958
0.011155353
-0.006164738
-0.006556187
0.00365522
-0.009857764
0.005106718
-0.013529852
-0.008623409
-0.011530989
-0.005117771
-0.003982394
0.002790569
-0.002295891
-0.002754521
0.025318671
0.013840629
0.010859367
0.026482471
0.003424729
-0.011599123
-0.009118487
-0.011954504
-0.001284069
0.005603886
0.003271374
-0.00813116
-0.004298061
-0.01077082
-0.006363704
-0.000357674
-0.002994179
0.001417368
-0.009375388
0.012883127
-0.017566603
0.007138506
0.016548768
0.000124381
0.008373715
-0.013060839
-0.011179596
0.009697318
0.019544916
0.002251397
-0.006536755
0.007356742
-0.008533418
-0.014479826
0.002327312
-0.012357285
0.002403495
-0.000600741
-0.010563232
-0.006436519
0.030681192
-0.00509459
0.002406605
-0.00777276
-0.017075013
-0.003652759
0.000823081
0.015822432
0.000562501
0.008790158
-0.00951109
-0.001491891
0.000604318
-0.002244093
0.018037124
-0.005321253
-0.009502931
0.000801328
0.007735801
-0.010076577
0.002950096
0.019888914
-0.006838194
-0.002786492
-0.002035344
0.012152549
-0.02814074
0.01995957
0.007116415
-0.004635045
0.005262703
0.003572707
0.020124246
-0.003443234
-0.009119988
0.001309657
-0.010174405
0.006850675
0.001273868
-0.004420128
0.006411231
-0.01057042
0.01646851
-0.002308095
0.001724016
-0.000980258
-0.006024059
-0.00985876
0.002253821
-0.009958897
0.003148357
0.009029346
0.001279597
0.014810607
0.00462983
-0.007658182
-0.005287337
-0.003434527
0.016411812
-0.006723905
0.00318438
-0.010638102
-0.013586205
0.006703991
0.002317077
-0.011718041
0.000956648
0.00056875
-0.002899001
0.00249554
0.006040346
-0.014404354
-0.00066671
0.016747449
-0.010788354
-0.000954934
-0.007172285
0
0.011633084
0.016258166
0.003314209
-0.01117045
0.006897392
-0.007814853
-0.009842836
-0.002240143
-0.00717864
-0.003319592
0.000966598
0.017411883
0.03029693
-0.017700451
-0.014943887
-0.003701364
0.017775321
-0.003697627
-0.004577707
0.00047265
0.018767962
-0.009866625
-0.004079297
3.0486E-05
-0.006811981
-0.009547211
0.003903915
-0.003798128
0.00249905
7.5706E-05
-0.002038481
-0.003250752
-0.019657331
0.017460364
0.019253023
-0.000379953
-0.003695366
0.003559041
0.011383894
0.016761783
-0.016617786
-0.00414164
-0.001561245
-0.013969951
0.001136714
-0.007907933
-0.015466051
0.024119679
-0.002470713
-0.015891114
0.02189647
-0.000441742
0.009424557
-0.004273113
-0.014246894
-0.012541194
0.003845519
0.000474409
-0.001560226
0.019156977
0.003999678
0.004499868
-0.001907429
-0.001826713
-0.005747345
-0.005641968
9.65555E-05
-0.018509498
-0.014496887
0.017837717
-0.003759509
0.001842461
-0.007053238
0.012380633
-0.003862303
0.018689293
0.060783602
-0.007802911
-0.009411207
-0.005637112
0.005446691
-0.014001091
-0.000151209
-0.012327201
-0.012751756
-0.003213649
-0.014387467
-0.004002977
-0.001826713
-0.010180841
0.003583947
0.023764456
0.006584809
0.001865891
0.00204461
-0.020595378
-3.90165E-05
0.005143057
0.003076599
-0.015950986
0.003462133
0.02154029
0.004179666
0.007486253
-0.006724517
-0.015047721
-0.003116483
0.006030178
0.03322449
-0.023238545
-0.011318032
0.011332354
-0.007339334
-0.007533675
0.013006609
0.00912342
0.001697369
0.002967466
-0.010611614
-0.004755028
-0.011631268
-0.009545017
-0.004647658
0.031917479
-0.013930345
0.00323312
-0.015384376
-0.000555885
-0.005049961
0.00141115
0.00362273
-0.000817729
-0.008600216
-0.001603427
-0.000454674
0.007578458
0.002603695
0.0110611
0.002480538
0.003932858
0.089966859
-0.000288576
-0.010918744
0.007903018
-0.004345455
-0.000676556
0.000124187
-0.021044621
-0.002010906
0.007858079
-0.031214239
-0.008701938
-0.006086347
0.0004848
-0.005852876
-0.004001598
-0.003364961
0.009884545
0.012195226
-0.02569643
-0.01700523
-0.008504324
0.007568558
0.002960438
-0.002696888
0.002797423
0.010001612
0.009452582
-0.006838468
-0.007920284
0.000295881
-0.005509624
0.013450799
-0.00503676
-0.010721119
-0.013885389
-0.004624331
-0.009619347
0.034289411
-0.000355053
0.004317521
-0.008036095
-0.014432784
-0.00312273
0.001606134
-0.010907316
0.001917848
0.01369004
-0.001826713
-0.014801681
0.005969585
-0.006919994
-0.004379431
-0.010190746
0.007198164
-0.016340466
-0.000632986
-0.009819677
0.011812155
-0.003059148
-0.002108354
5.20408E-05
0.008516361
0.059184923
-0.004197431
0.007457367
0.058672893
0.036293155
-0.009823836
-0.001455741
-0.001553343
0.002590447
-0.003982367
-0.002868512
-0.008599227
0.011975054
-0.007487086
-0.010463209
-0.004475962
-0.01617254
0.003779873
0.006420197
-0.023794018
-0.016760498
0.005128297
-0.018601977
0.021637837
-0.03715513
0.007670726
-0.005185265
0.02242813
0.024266729
0.005753946
-0.001825795
-0.029972485
-0.008735369
-0.003524131
-0.008213504
0.019014918
-0.008300542
-0.003355722
0.017532318
-0.00138519
-0.019991676
0.00057407
-0.001614245
-0.01358886
-0.009204222
-0.001108304
-0.007562828
0.002251391
0.000988507
0
0
-0.003565204
-0.009861831
-0.007344661
-0.008366777
-0.000369026
-0.002210296
-0.009811183
-0.00426743
-0.002291446
0.021247273
-0.010511014
-0.000206318
-0.008461717
0.08254279
0
-0.008898257
0.004956567
0
0
-0.002072269
0.007736329
0
-0.002350742
0.043617511
0.009061821
0
0
-0.005176621
0.006546905
0
0
0.001435539
-0.016831461
0
0
0.007520831
-0.012140368
-0.00627264
-0.00138519
0.072526736
-0.052811268
0
0
-0.016411235
-0.040355421
0
0
0.004859204
-0.010407958
0
-0.005185265
-0.008750188
0
0
0
0.011828507
-0.01387991
0
0
-0.02673074
0.083780419
-0.008764845
-0.014223749
0.004302841
-0.00343155
0
0
-0.016056439
-0.004001711
0
0
-0.029404851
-0.011253921
0
0
-0.000682797
0.059306185
0
0
0
-0.014223749
0
0
0
0.001699326
0
0
0
-0.025714402
0
0
0
0
0
0
0
-0.005185265
0
0
0
-0.019358064
0
0
0
-0.00840575
0
0
0
-0.00627264
0
0
0
-0.003735933
0
0
0
0.098567903
0
0
0
-0.068883278
0
0
0
0
0
0
0
0
0
0
0
-0.049001393
0
0
0
0.109278089
0
0
0
-0.008764845
0
0
0
0
0
0
0
0
0
0
-0.023144947
0
0
0
0
0
0
0
0
0
0
0
0
0
0
0
0.031907772
0
0
0
0
0
0
0
0
0
0
0
0
0
0
0
0.006274659
0
0
0
0
0
0
0
0
0
0
0
0
0
0
0
-0.015037484
0
0
0
0
0
0
0
0
0
0
0
0
0
0
0
0
0
0
0
0
0
0
0
0
0
0
0
0
0
0
0
0
0
0
0
0
0
0
0
0
0
0
0
0
0
0
-0.062356016
-0.013972174
0.083461586
-0.007133395
0
0
0
0
0
0
0
0
0
0
0
0
0
0
0
0
0
0
0
0
0
0
0
0
0
0
0
0
0
0
0
0
0
0
0
0
0
0
0
0
0
0
0
0
0
0
0
0
0
0
0
0
0.001338548
-0.015602095
-0.02315614
-0.02493633
0.017136549
-0.059683244
0.044614176
-0.016039656
-0.01401099
0.07194191
0.006233425
0.019297241
0.005653577
0.016513921
-0.049234011
0.019933117
0
0
0
0
0
0
0
0
0
0
0
0
0
0
0
0
0
0
0.003616469
-0.00227792
0
-0.008876119
0
-0.006725976
-0.016524097
0.005690749
-0.01162122
-0.000701571
-0.009370202
0
0
-0.015566128
0.027558013
0.002026237
-0.012818129
0.000370429
-0.016482724
-0.037739796
0.006976525
-0.012437249
-0.018578776
0.052273457
0.010670196
0.000249299
-0.004252739
-0.021228462
0.004231329
0.005210216
0.072655936
-0.041530514
-0.006118719
-0.039017694
0.00869494
-0.008380118
-0.002426328
0.074053416
-0.019299501
0.020477978
-0.005769907
0.010824855
0.012963503
0.025750396
-0.018893476
-0.000523182
0.009686966
0
-0.004033388
0
0.004159964
0.004180847
0.005640871
0.00253224
-0.026650391
-0.014757396
-0.00238285
-0.005443373
-0.000370314
0.014054742
-0.001831223
0.008079913
0.058079456
0.027178525
-0.005300846
0.029943779
0.00298764
-0.032074482
-0.004775795
-0.005641641
0.007454334
-0.011115652
-0.008454234
-0.007238215
-0.013264934
-0.018761944
-0.004704656
-0.004193651
0.021203286
-0.006303464
-0.012591394
-0.00593625
-0.02947097
0.004612613
-0.013796891
-0.012159938
-0.001672086
-0.000676722
0.007207249
0.005332627
-0.005669202
0.023859022
-0.003647502
0.042880113
0.010854258
-0.037644388
-0.050972298
-0.003290338
-0.001615515
0.00578225
0.046343968
0.013174085
-0.003898562
0.01233467
-0.025533154
0.007993264
-0.005055796
0.000905723
0.004379647
0.004699636
-0.006417026
-0.002778918
0.008290456
-0.000124264
-0.011871634
0.011560266
0.013232599
0.005655445
-0.016341783
-0.009164267
0.01586508
-0.0068524
0.009459094
0.012299086
-0.005074019
-0.019483344
0.043088694
0.022963717
0.004646412
0.013021152
-0.009529362
-0.019438409
0.007029536
0.00238999
0.000542507
-0.010626182
-0.02993068
-0.020559727
0
0.004111018
-0.011885627
0.028367536
0.000276861
-0.007025972
-0.022166975
-0.011054393
0.004519135
0.005671587
0.002656271
-0.022966347
0.00380743
0.019097842
0.026867569
-0.00876896
-0.016385398
0.007059113
0.004281544
0.006072692
0.020600975
-0.006815297
-0.021658848
-0.006584927
-0.0275278
-0.008271856
0.029502634
-0.002324948
-0.001838306
-0.010528476
0.003719492
-0.002267769
-0.006974202
-0.001171237
-0.009284866
0.01666558
0.000210392
-0.007289907
-0.006210155
-0.001241167
-0.002067738
0.009819438
-0.000377204
0.010927392
-0.007117635
-0.004318227
-0.000841034
0.003230366
0.005288791
0.001227795
0.012995436
0.004390732
0.008025562
0.00600326
0.017033606
0.033114494
0.002831432
-0.007798006
0.013679765
-0.00688065
-0.014580426
-0.028606445
-0.012506071
0.010303376
-0.002597217
0.005835771
0.004036896
-0.013134785
-0.001956132
-0.018191556
0.004261553
-0.01871963
-0.007460001
0.011436003
-0.002046685
-0.014148558
0.016048736
0.011131548
0.016201406
-0.004570452
-0.000675125
-0.011782045
0.001886834
-0.001403576
0.015444265
0.00635909
-0.008565507
-0.017843852
0.009519831
-0.025970328
0.035054936
-0.024979482
-0.006136693
0.010355103
-0.012157929
0.007754865
-0.015219267
-0.001107464
-0.013991893
0.001952535
-0.002899998
0.001479623
-0.022329807
0.005679374
0.003434507
-0.002518836
-0.010428596
0.020739615
-0.01904931
0.027925071
-0.01053655
-0.002232723
0.015190164
0.012565693
-0.006776351
0.034517034
0.00276651
0.006037429
7.86341E-05
0.009731124
0.000803569
-0.000778161
-0.002023641
-0.002351349
-0.008471575
0.01177746
-0.017420315
0.004514276
-0.001842793
-0.013660913
0.023060426
-0.005326335
-0.006754976
0.003097033
0.006951179
0.005032534
0.004986028
-0.020630299
0.009636062
-0.01884296
-0.002368234
0.015136123
0.020862303
0.002629228
0.005517298
-0.001808705
-0.026954669
-0.002022999
-0.00815355
-0.007143685
-0.0052996
-0.003120858
-0.001265565
0.020874155
0.016266954
-0.015070268
-0.004437284
-0.008994561
0.010009238
-0.015576537
0.010097382
-0.015161548
-0.000613885
0.016933117
-0.0030929
0.000912037
-0.000572884
-0.000547699
0.003196043
0.007607143
-0.005633639
0.000342408
0.004045896
0.006708707
-0.026554698
0.00095558
0.002492411
-0.003223585
-0.001123221
0.023785603
-0.001875379
-0.006961422
-0.005569318
-0.000828797
-0.007448769
0.001017979
0.015454656
-0.006121053
-0.003956722
0.018571171
-0.019097542
0.005640422
0.012693141
0.00647586
-0.002234289
-0.005839612
-0.01274583
0.009160056
0.00154644
0.00975941
0.007824011
-0.00716579
0.013471086
-0.007056469
-0.007601822
0.027725032
-0.006890068
0.005012596
-0.00442044
-0.021370825
-0.00407406
-0.006056845
0.013195411
-0.010884571
-0.007816996
-0.00572504
-0.005463942
0.004161203
0.023769073
0.002161395
0.007908564
-0.020506469
-0.003092108
0.002586541
-0.00173424
-0.00715017
-0.001455582
0.002862539
0.015668971
-0.000621339
0.001029579
0.000187087
-0.013489007
-0.018682713
0.000890755
-0.002573785
0.016198224
-0.005006222
-0.011829757
-0.004993593
-0.006042165
0.022553118
0.00721816
0.009640272
-0.002401644
0.015670082
-0.001649716
0.002624451
-0.000685217
-0.004976107
0.006282021
-0.009927973
0.009073353
-0.012294002
-0.005878476
-0.00171117
-0.003850023
0.004838131
0.006313418
-0.003908867
0.004218356
-0.024990375
-0.006381112
0.008575424
-0.016744752
-0.005771751
-0.000217761
0.002064942
0.017717621
0.015264056
0.001724462
0.018879431
-0.007988876
-0.016343021
0.012467312
-0.001725326
0.000135514
0.009151477
-0.002256679
0.005517931
0.017865736
-0.014922855
0.019734237
-0.001893606
-0.0110911
-0.011115243
-0.017363656
-0.001339477
-0.003952539
0.008194042
0.011190889
-0.007186425
-0.000364958
0.010787484
-0.008404879
-0.00152135
-0.00625854
0.011759703
0.003197132
-0.008190313
0.008001733
0.004209682
-0.006004967
-0.00675222
0.004093398
0.013642151
-0.013468171
-0.003661024
0.011852602
0.011135277
-0.011194529
-0.010206083
0.021937366
-0.008856297
0.005394983
-0.007857385
-0.005997658
0.006836332
-0.007311519
-0.01221954
-6.20563E-05
0.009551542
0.005549808
0.000157162
0.0010767
0.00199587
-0.001058212
-0.00783713
-0.007302443
0.003734102
0.006167802
-0.01651047
0.010500772
0.01787156
-0.00855737
0.009180667
0.004712785
-0.023690465
0.004593511
-0.00356278
-0.009310971
0.014039568
0.011828377
0.007144632
-0.011226225
-0.017230672
0.020336358
0.004185033
3.5126E-05
-0.002384833
-0.030366815
0.005193885
-0.008258063
0.014056834
-0.002312705
0.0055905
-0.006749043
-0.000617076
-0.005590551
0.001258629
-0.004376114
0.003836981
-0.00021913
0.011089565
0.00252379
-0.014913212
0.015035801
0.013857069
-0.001840943
-0.010880022
-0.001528112
-0.002232564
0.0078578
0.001185628
-0.015076212
0.002902072
0.001154319
0.008081751
0.004552516
0.012765054
0.007366285
-0.005826594
-0.000611409
-0.006943197
0.008190575
0.005093662
-0.015240363
-0.007683826
0.006238506
0.003187934
-0.002407593
-0.007986262
-0.003119479
-0.006854642
-0.005147149
-0.003394616
-0.004381276
0.018457849
0.001356013
0.016247427
-0.014344334
-0.012845752
0.02033573
-0.0022389
-0.005786267
0.00532266
-0.006816142
0.014341778
-0.009357594
-0.001381371
0.019047181
-0.000898369
-0.00166486
-0.023546425
-0.01171221
0.005723592
0.001665551
-0.004864849
0.006167744
0.013043634
0.003085217
0.001100067
-0.010182873
0.000549311
0.004106886
-0.000845085
0.000601417
-0.01482533
0.001572048
0.013382497
0.007118073
-0.015770118
0.006876007
-0.005115386
0.005737254
-0.007545558
-0.007181613
0.011066842
0.003948028
0.003562
-0.00175678
0.014428683
0.006583844
-0.008459457
-0.014888065
0.005452666
9.92961E-05
-0.025146717
0.013079907
0.005075891
-0.008700647
0.000351749
-0.013083921
0.004498801
0.005908841
-0.004539588
0.005616215
-0.001849178
0.009641458
-0.014407842
0.006194712
0.001442618
-0.006171533
0.017588168
-0.003431844
0.007767224
-0.011235093
0.000546452
0.022966238
-0.007824754
-0.010472014
-0.001777272
0.006263053
-0.021680512
0.015011121
0.002873665
-0.017691027
0.010330722
0.000367492
0.00314328
-0.002392679
-0.011818895
0.000112339
0.013356938
0.004770432
0.002323614
-0.000986136
-0.00372011
0.000498633
-0.002346592
-0.014956404
-0.000927962
0.025030597
-0.005999514
-0.001441066
-0.000589653
-0.010121895
-0.014122018
-0.001100654
0.020919918
0.000400401
0.019023836
-0.000173815
-0.011779287
0.004768662
-0.006972797
0.002610373
0.009658264
-0.019019572
0.007140992
-0.011975133
0.022252432
-0.00098259
0.002457721
-0.002557176
-0.005392926
0.002415106
0.011374314
-0.003841131
0.000672831
-0.002384797
-0.009745493
0.004296883
-0.003614192
0.012849053
-0.011671802
0.00341279
0.011689979
-0.005211602
-0.007668283
-0.008117703
7.59922E-05
0.001008369
0.011783415
-0.0064931
-0.007652468
0.012424322
-0.001792898
-0.003898427
0.004493495
0.009438654
-0.007179178
-0.0047806
-0.004624688
0.004170388
-0.010635811
0.012249815
-0.010789313
0.007075101
-0.004902665
0.003876787
-0.008915735
-0.011609101
0.006019771
-0.010794816
0.003286349
-0.005647172
-0.015182489
0.00599153
-0.006085924
-0.001766508
0.010035488
0.016246021
0.010660056
-0.007660151
0.010023179
0.006716569
0.00181938
0.000720268
0.019305453
0.007334481
0.009918698
0.007154814
0.007613053
-0.02328866
0.001889535
-0.005451002
7.46112E-05
-0.016939551
-0.005358717
0.008577416
-0.013286449
0.016784853
-0.008876734
0.003808815
-0.011900668
-0.003150469
-0.001249095
-0.001108818
0.006659132
0.001704098
-0.015040399
0.003241768
0.004794518
-0.012410441
0.018198071
-0.003392784
-0.005952176
0.006088203
0.000877719
0.011673278
-0.012810486
0.00063269
-0.026387959
-0.000798531
-0.006945767
0.0069123
-0.006519414
-0.005041615
-0.000658668
0.018336618
0.010595465
-0.000979836
-0.005978387
-0.012387789
0.015555698
0.003295006
-0.009265163
-0.002483843
0.002643116
0.019005363
0.003277297
-0.006446578
0.001984874
-0.009790074
-9.58273E-07
0.000742551
0.00360229
0.021433537
-0.006200741
-0.01773057
-0.000957579
-0.00315904
-0.000888524
0.010170966
-0.021317235
-0.010849175
-0.000161084
0.014781405
0.01343069
0.006243544
0.003223364
-0.007103728
0.007012883
0.00632425
0.018205736
0.004386343
-0.009418962
-0.004736405
-0.006656418
-0.00387378
0.000595739
0.000932381
-0.012484453
0.012007979
0.001876952
0.002901734
-0.001457444
-0.00434227
-0.012177259
0.013615506
0.0138564
-0.01134278
0.008123702
0.022005127
-0.00256482
-0.002543117
-0.006293474
-0.017000665
-0.006035422
0.000667715
0.001249532
0.004248148
-0.013528955
-0.005302714
-0.003101884
-0.004968324
0.000309672
0.00037904
-0.01276131
-0.008556552
-0.008928912
0.005577562
0.016117405
-0.01045967
0.002887026
-0.009357467
0.006659287
0.003414072
-0.000511576
0.013943233
0.010191381