0.0016226097104692777
0.0032404597026437824
0.0033110204055591228
-0.008174089818672138
-0.008818438877095346
0.0038608349495157517
0.007543751673374314
-0.0025861477457948083
-0.02026315642504578
0.007235894369617232
-0.008894983008164603
0.021922245063593186
0.009553811141263212
-0.006508842782511237
0.0018964760287853103
-0.004941444387537238
-0.020892341548128683
0.004806324002677383
-0.003495378238280247
0.019581395783731588
0.004026934489102593
0.003094456306742655
0.005028326694514858
-0.012149717490360062
-0.01342967997155194
-8.628126245777811E-4
0.0014136138845954405
0.012878878711534246
0.003927104233692433
0.0067169191647783455
-0.0040390347430582715
-0.0066049886554124864
-0.012672547472850708
0.005200271477073433
0.009541499650851298
-0.0020692236550741046
-0.003693782073387176
-0.0045174368397056155
0.018538057054185035
-0.010326838141092268
0.011675296159449802
-0.028112649592100615
-0.014414609758448958
0.030851963191099754
0.04973636543587106
-0.04854519960466348
-0.041991953264190814
0.04080078743298323
0.046334711654480554
-0.06110173913627401
0.02207985272836557
-0.007312825246572058
-0.036957202492689176
-0.040416440839003885
0.028063241571732706
0.049310401759960376
-0.023848386175207098
0.033716264295793365
0.01239278594824228
-0.02226066406882856
-0.06607867965216226
-0.013325481254841343
0.08349841194059665
-0.004094251033592929
0.009852643499214964
0.010110615722796083
-0.016734115291031665
-0.003229143930979424
0.026579384582888298
-0.004253568414519149
-0.03422738099924856
0.011901564830879428
0.020777013941839374
-0.02012207378141537
-0.03807574851190543
0.03742080835148145
0.00973257648244677
-0.005438621515318574
-0.01378680391357288
0.009492848946444627
-0.0011395082976003237
0.0018565618326977294
-0.00971284293388042
0.008995789398783049
-0.005347533772676888
1.6865910192934326E-4
0.0016672720418883461
0.0035116026288592077
0.004255586556378314
-0.003375852670390549
5.485917656116585E-4
-0.0014283256515994335
0.006693154245030903
0.0024917210418596604
0.0013280576480825612
-0.010512932934973102
-0.006278238527148116
0.006652200390887587
-0.004381348167568818
0.004007386303829363
0.010129612721152419
-0.009991513433199532
0.0024374409122911254
-0.0025755402002439753
0.015399904393330574
-0.005772123163565872
-0.016102864203337272
0.006475082973572567
0.010851275101412044
-0.008283524481683794
-0.005660035095603361
0.0030922844758750822
0.022014163398547053
-0.007773615246275567
-0.015384768370173638
0.0011442202179021317
0.025785967221089813
-0.02558623265687484
0.0023796636094817712
-0.0025793981736967784
0.011478088259561476
-0.01784868729694774
0.00918884420545879
-0.00883350974966725
-8.683452838413909E-4
-4.2072526534072535E-4
0.0036074399450548855
-0.006227522162442845
-0.00627868097002158
-0.012842465627316675
0.004808461377490761
-0.0073840180197961595
6.887282233613E-4
0.005430179164145815
0.007739184160018207
0.01938563875075238
-0.007152846808877617
-0.015782303435831573
-0.023410375314109305
0.015625
0.003247016344048833
0.019222630402302456
0.0030795656317742096
0.010082100854352887
0.011270313942082484
0.00556917564832689
0.0016558146725931212
0.013197026024167913
-0.010474615221813857
0.012687529603709186
-0.014089917415357483
-0.021485655224724363
0.006610779086421527
0.0019853641308222505
0.004889175876221386
-5.298702280870649E-4
-0.0024826192682998304
-0.010415014872842944
0.009529749864579449
-0.020174360369877308
0.0031501060359243873
-0.011922782111460136
-0.010813224887356178
0.023194384420081524
-0.009784275196371482
0.002167636047001459
0.022790630539805113
-0.0048846586610030015
-0.0017859093424805912
0.002744889778637484
0.015840613267671222
-0.0018376913058883305
0.005352287149975019
0.001674666386079156
-0.021627999151172937
0.010281964745166877
-0.01543179610824548
0.01735345513640211
-0.01689008069945532
0.008908062839956717
-0.007801387266469012
0.007632346681930247
-0.005192865081380513
-0.007394646849398794
8.764236164611038E-4
-0.006277075398177644
0.005187882633136957
0.009362880343204377
-0.0039042517833865354
0.002701614955182728
-0.011520686427024798
-0.01617741356809097
0.008534845367937867
0.006410186139152259
-0.006741157399204828
-0.0016956160726432031
0.009236123324507212
5.569126297361882E-4
-0.0053691072378860465
0.0
-0.0025009987764865104
4.564451326194447E-4
0.01454382694667022
-0.007250934360920518
-0.013222097198677087
0.02083028628123925
-0.00632649059297607
0.008779858160611853
0.002152129181008749
0.002391548192464791
-0.005915458488342663
-0.004039462594895268
-0.00870056461934375
-0.01620841602193644
0.01956252844603152
-6.913647375517257E-4
0.02952937876350661
-0.009400634072825952
-0.02557068731002088
-0.0018481144809199632
-0.0074695259250958535
-0.00727603632274985
0.008432785002975188
0.004470160290822684
-0.01974759999489184
0.006611742659194701
-0.005810748545187854
-0.002292423655842618
0.021619709597081302
0.005298596089661475
-0.024796910355438923
0.03579405993310614
-0.010069572125212749
0.0015958683859739354
-0.009153309846028268
-0.009744535876025969
0.013656635992337388
-0.015334726159352486
0.020586602546127236
0.009009179117674567
-0.012240717921239631
0.010579471267840184
0.02504746833959653
-0.012139189483111766
0.00180389364275697
-0.009444626540533855
0.00973993831635796
-0.016478527402954857
-0.0010021808231907392
0.00153873708984227
0.03113510942902147
-0.013836434217404544
0.005946037754760277
-0.007995561806219296
-0.006524831909349877
-0.005051039991601319
-0.014132962196107563
-0.0020149110150854688
-6.562141043423206E-4
0.0018117997392933672
-0.006255812241193285
-7.778331281676018E-4
-0.0016768542302270676
-7.702047750741173E-4
0.008593024098155905
-0.011709000961317904
-0.0213358068338876
0.013512544782227506
-0.006710309114270561
4.6710928200192556E-4
0.006470696421952081
6.936421646362009E-4
-0.006689425174901156
0.01620256622387578
-0.008718356566345398
0.010377426046472328
0.006218145601238874
-0.005711265254998266
2.983882511303597E-5
0.005545064829664483
-0.002661931880919153
0.018639227546623248
-0.02498622935087852
-0.012292409682010437
0.00939740459098564
-4.026846157141155E-4
0.007324348561314777
0.009673879722065633
-0.019032965474104033
-0.00709590779599404
0.003447748602869182
0.029261228574090078
-0.006556608287691927
0.013373840838558259
-0.011839748449741776
-0.015144175907617415
0.002769303685749986
-0.01033527884324624
0.029721243459741017
0.00180389364275697
0.008823964927411684
-0.002803111574376049
-0.011723445409619256
-0.014094941786489006
4.0197298594735805E-4
0.005547163448243186
-0.010340775779838798
0.003528088514712771
0.0
-0.0021167654313483455
0.016177899095938815
0.004563034128009088
0.013966802874671225
0.0033307338983200666
0.0012751471938369906
-0.010874468887032283
9.229050998130406E-4
0.00638947191548082
-0.010171473523043307
9.927813396508178E-4
6.598466154040666E-4
0.009283225824935935
-8.313379178717132E-4
0.005422582181528072
0.0018525914655472108
0.002768476706632229
-0.00671772967634195
-0.008715743970267992
0.011433661590717945
-8.989554224888282E-4
0.0066413739078427765
2.8101808281514717E-4
-0.013305809094875878
-0.018837725436242993
0.023976854900749446
-0.0025675690839381156
0.01178829391474465
0.005804420996936534
-0.01905168937832932
-0.0029942578690541413
0.0059425750149838625
-0.01310347878088831
0.023616036724687473
-0.025233592850171502
-0.03225185171375542
-0.0042654531585292945
-0.0040551330587573165
0.0011190580718766305
0.020390367240462916
-0.022723252790381728
0.002761260435728108
0.012210535975230159
-0.0020163766531069586
-0.007107085815841482
0.00711030887318692
-0.014254444251895815
-0.006852784528646459
0.004994231302590434
-0.008245520280455576
0.05508261638108015
-0.0042980646402406494
0.009478262086066887
-0.011774472373472575
0.0
0.009801434372533332
0.020301601029586183
-0.002044590812430632
-0.02329046756564484
-0.009180620957266261
0.016427772320282384
-0.0020599974910688905
-0.0024960186308642216
-0.0048260361118840365
-0.008747788369716205
0.004599289170254396
0.0031682535863278875
0.011921294210998329
-0.010646582338456402
-0.024974960993087877
0.012550797231939052
-7.022720609771698E-5
0.0028448088395094523
0.01736905508211967
-0.012499049312162572
-0.019122723042596667
0.009918717567609005
0.006044358122044766
-0.004753436977607226
-5.687501229099106E-4
-0.004054570154265865
-0.0023845340777239477
-0.0024665383774407816
-0.002170579271202726
0.019635443633357556
0.01831385869091762
-0.017969825435139038
-0.009965513273741611
0.005945472936752095
-0.009327445524318606
-0.0015224194202495857
2.706543539060854E-4
-0.002316219390332562
0.027155164985072127
-0.01058754894764203
0.0071305404699284975
-0.01575821725260866
-0.009840931847419371
0.005813889295397551
6.7924856663951E-4
-0.011990208899992144
0.004912417660664875
0.00764968559246325
-0.005216841147187036
0.005328996451648581
0.009068764835208543
0.015227413186643298
0.020925787334119428
0.0065634217481701325
-0.026433244278789427
-0.015888680717583148
-0.0150947415421809
-0.0083900571053501
-0.004986011850993222
0.014148671928238113
0.006547060555414213
0.003824733305376452
-0.00962923975838185
-0.004626208262408237
-0.0022216100292877876
0.007207066930430519
-0.00828825765477446
-0.010785758387750127
-0.011213658775136835
-0.011263634078740464
0.013340070365517234
0.022389298426504403
0.004740378947783196
0.002288015182314706
0.001074550128539322
0.01619858888833131
0.019442668492965574
-0.0027625266290296144
0.004317838643655857
-0.004020956445742491
-0.011713221649025007
0.009588136422000694
0.0076713597847568975
-0.004722888857447129
0.0026230287498847462
-0.00880439494006566
-0.013342916292989322
0.008146358083283005
-0.012628735480540354
0.014242680061694811
0.006739432189945261
-0.010748927644244689
-0.0039919610282921555
-0.0031507830351567385
-0.009458383018822297
-8.730645740429602E-4
-0.01845115325280781
0.0024782055763499424
0.03526592376655734
0.0020333690682411646
-0.008044549392626521
0.03377221731155827
-0.017459169712718377
5.5361853202177E-4
0.006992552515641012
-0.005832280533168489
-0.003451299507586495
-0.007288786408405015
-0.00607199886112239
-0.004149794574129826
-0.004174477680520086
0.005256330986064322
0.02648939836683489
-0.001377019382765222
-0.008428743452719437
-0.013781349684644114
0.02200598708130082
-0.010277529712853645
-3.079809073882898E-4
0.008685872732785812
-0.0013198816733531408
-0.0018352195941246322
-0.0010516319862539326
-0.004633634962596293
0.006771720550456158
-0.007342747389990284
-0.0015608732312154781
-0.0016606721766295118
-0.003127368496341331
0.0047605050546136425
-0.019048799668554484
-0.008499166219627742
-0.013985090175530356
-0.007966489360389763
-7.193185370948409E-4
0.006533970425417741
-0.0010642915137516777
-0.004626040109765187
0.020970004867889407
0.01841493849015365
0.010831061159196732
0.019973517132169133
-0.0050425492011686845
-0.009611599936189999
-0.0054005012045053695
-0.01742516161577899
5.099024889194401E-4
0.004909908703058458
0.004719535460883512
-0.00763090186965267
0.001495107614104319
-0.009459636492237172
-0.007979839682844618
-8.730645740429602E-4
0.00921521422316645
-0.0016606721766295118
-0.01142018589103888
0.012129033659839852
-0.01348194400906923
0.005970751208928997
0.010034655956672132
-7.372852091943804E-4
0.004820979882205008
0.0013314770405162876
-0.01305159362865221
0.013388822671221347
0.014064225128555171
0.0010582862589160148
-0.002317461511041541
0.004734641570068055
-0.013382486470340921
-0.014004729282163408
0.0010127570377365964
-0.0030787101613221133
-2.9190634047235233E-4
0.004957235727086553
-0.0012259581316667089
-0.013157640114113441
0.030615073441296096
-0.009507671897266735
0.014341149141993937
0.002497927499620675
-0.03061402941984238
-0.01805443267196307
9.390167773407473E-4
0.01569402672491584
-6.830316562333018E-4
0.007969807927485043
-0.007640513725988224
-0.0012961661843927299
0.008662633444203587
-0.007746309685826793
0.013407432552330867
-0.004074260272263944
-0.011546281691097567
0.004162249235667141
-0.008603391839389699
-0.017952023929927334
0.023026817975725672
0.02673510335758561
-0.010318709943877995
0.003007516149927136
-0.00782622575909998
0.010881009027958495
-0.03359879704992974
0.027371203727004082
0.006808126925218021
-0.007797415022386139
0.005107033967638244
0.005656139635383308
0.02026336037360829
-0.003298859530335704
-0.00761200751952204
-0.0069425224715205375
-0.006858020351645722
0.011258784236181615
0.005562756342981525
-0.007574959915281641
0.007420404379794209
-0.011838123493495336
0.014309708445171002
0.003067014493355137
0.003952236852777987
-0.004513330618473196
-0.0032877186693466842
-0.02136375640860852
2.8756583006819044E-5
-0.010771628716402368
-6.343476209078099E-4
0.010803176417129322
-0.0027218789320719167
0.01695272425717339
0.009610730636557499
-0.0023306266867088275
-0.0022554741190175228
-0.004128666748856
0.019039364453971946
-0.005410900578248581
0.002107676130913622
-0.018330440871801447
-0.009089939025229136
0.0038658670528010208
0.007456575216020387
-0.01192867887233025
-0.0070543216001366215
0.014451256103970925
-0.003007079131360131
0.0035822659260686326
-9.780978060488126E-4
-0.023838588407178493
-0.0032560566207873675
0.028352063286316058
-0.014339666389620486
0.0
-0.005337327970802922
0.0
0.008135514300418367
0.01889139694122546
-0.0021825976512713213
-0.0022811937195044403
0.012887733398483286
-0.0138236238147116
-0.006353667668167504
-0.005386971578111936
-0.0017517279378677052
-0.007338512928316672
0.0024730230379701474
0.009802633324864852
0.040830187534470756
-0.028874279778006107
-0.02560176288728533
-9.435354095865822E-4
0.018800512314443456
0.00340765664529831
0.0031818815898178787
-3.627329074490041E-4
0.02624182298785181
-0.0029391248528855525
-0.001686949720052437
-0.014085036476807113
-0.009317217191907357
-0.00789743253089934
0.0018740627302015686
-0.015300599520055655
-0.0029807154162700238
0.0067949913442974545
0.0011956455828395335
-0.004145030937386175
-0.012408913095240908
0.004200605305409206
0.019868906742532493
-0.004610951731899515
7.059093679187209E-4
0.0066924215205878546
0.00424300569387312
0.013924757938984478
-0.014448020526722373
8.421703202283579E-4
0.0017277738011834878
-0.016402284433262235
-0.006690083676141166
-0.0113544647193716
-0.01573891893485404
0.03137052398828362
0.012371459613475586
-0.024935071802824112
0.022229366106808868
-0.005177467682592231
0.009861127861039898
-0.009990519915864322
-0.01523882262479426
-0.0035724314036266087
-0.0010698439669938054
0.005141138178548398
-0.006713166058783349
0.029048674688540457
9.822429519985047E-4
0.007354825236824132
0.00679751943507441
-0.0026909263882745394
-0.024198103713002614
-0.004109231279285494
-9.192804099257545E-6
-0.012766160141098267
-0.01821186746915692
0.01961606806511067
-0.00728724927567013
0.010264945357675841
-0.008793201416313769
0.00793759867073154
-0.003256709135241494
0.02630021824965329
0.06491970889981502
-0.018657017171990538
-0.00774009636075117
-0.00638096397301524
0.0029043024781736163
-0.011874501141862163
-0.003098679259062315
-0.014010049993505254
-0.014877237390463906
6.185486747983292E-4
-0.015892367351011828
-0.0031964607375480234
-0.0026909263882745394
-0.011957207206918655
0.006686391188705112
0.0315527736595244
0.010952511020554289
0.0037001252973950394
0.004036196827562031
-0.02412387802583585
-0.01922510424710827
0.006740873395758437
-0.0019155057457471598
-0.0070363045343051
0.003553238437474534
0.02863447006225358
0.008024149111693859
0.005059104023638001
0.0
-0.021437272165818776
-0.006713385326615502
0.005233345029395261
0.04491165296707927
-0.025706646702138375
-0.006896815340524063
0.006288801823236694
5.531850035040194E-4
-0.004108070657252129
0.016113933490679248
8.197969800175045E-4
0.0032503928240687424
-0.00433555512181228
-0.002675616939179188
-0.016209236689720966
-0.01946218458677524
-0.012763791927293745
-3.1881315690268294E-4
0.03907702508719828
-0.018282465255742487
6.003664416804361E-4
-0.015946184287875254
0.0
-1.3756798835945928E-6
0.005180346762214214
-0.005425316450354396
0.006269820006632733
-0.014000614822382882
0.00797776980566135
-0.008999039113014591
0.008653845467096345
0.00723128217583251
0.008842362050661759
-0.0012308045517928747
0.008803169310174466
0.09767017578884139
0.01315846162255922
-0.008991895327622715
6.646655479282046E-4
-0.013948094175512165
-5.04747499990587E-4
-0.013175903964821635
-0.01243442649472905
-0.002419090171254021
0.00683179858368623
-0.01743495656807625
-0.013524651005944422
-0.01063677824544787
0.005999334652773815
-0.008760024176531916
-0.010818572406408421
-0.011323166976937577
0.005296137449936631
0.015016792257853436
-0.024758755176166714
-0.014710754363792756
-0.0035274015794990853
0.01752628293423172
-0.0033494786320815203
-2.952441969344636E-4
0.006034134571646786
0.00745798495530204
-0.007522443294498988
-0.00792622009562645
-0.00347827207615513
0.005789030772703353
-0.008341276142081883
0.012043405269068943
-0.01084513056002264
-0.006850761711592068
-0.016421733948757747
-0.005282150662847443
-0.007699640065135996
0.04602090461543204
-1.43880466547632E-4
0.010883754026623341
-0.007401221764370886
-0.022979036869853666
-4.6369683910541144E-5
0.002558930194688628
-0.006313181080594178
-0.020904918151622758
0.018966421100993665
-0.0026909263882745394
-0.015072114271460121
0.0028412118605173906
0.0
-0.004933723051535605
-0.016415813912653805
0.0013085297743874857
-0.01727490205956749
-3.477783996820986E-4
-0.010455540761797512
0.010923534144875421
-0.0016968268300017585
-0.002307626896896773
-0.016708542445196782
0.014293078183183688
0.08938940424520225
-0.002587107406584279
0.004382532568743495
0.06613758800503124
0.027766474525507758
-0.01209906257711322
0.0
0.009748574009367256
-0.005112157191240952
-0.0067808336856138305
-0.00439007031531512
-0.007819820148356815
0.021006071228441812
0.0
-0.009430211651214238
-0.013583518513212734
-0.017502093412569288
0.006294231563189834
0.0023769391602654014
-0.023468233501350095
-0.024077659475793114
0.008141399987243133
-0.017746796803459898
0.007330764577748915
-0.025872970818811625
0.009311761484594724
-0.004154885284344354
0.023114723035828125
0.023408214123151118
0.008850212280684142
-0.001408862113486723
-0.03044079348131765
-0.010203244338805477
-0.00244407404535245
-0.01163389445968027
0.0195395736060297
0.002360036157755779
-0.00894880381427452
0.024826352807028898
-0.0016432354071501396
-0.01922514295643962
0.0030795898075665013
-0.002679477571395516
-0.007248756648023557
-0.01518382992589989
-0.0036540928126874853
-0.015843253264871113
-0.005718397324795262
0.0024254525879981465
0.0
0.0
-0.009003533931374524
-0.00930816111190794
0.0
-0.012658690596009478
0.00517943654650019
-0.013021406899662984
-0.020904918151622758
-0.0018507768181510818
-0.002097599288796426
0.015270460886302626
-0.015215505122718966
0.009794653502886105
-0.0019635299643955377
0.096580358381934
0.0
-0.0038916680600975255
0.005154718171350632
0.0
0.0
-0.00994536459461315
0.005070941863941777
0.0
0.0
0.042795593866267835
0.010409800312068496
0.0
0.0
-0.008486790286376784
0.005227480381939261
0.0
0.0
0.0011200437238976235
-0.01402651012804223
0.0
0.0
0.016850319665008533
-0.011680526613204314
-0.010748927644244689
-0.0016432354071501396
0.07789145035211975
-0.055632675218503375
0.0
0.0
-0.016122232740365082
-0.047109445125790114
0.0
0.0
-0.0010480316048239388
-0.014246368940251428
0.0
-0.004154885284344354
-0.008920324704861718
0.0
0.0
0.0
0.013460085032416216
-0.007511538081764892
0.0
0.0
-0.025239491931503162
0.08125214466808271
-0.01151173642458387
-0.0180502654837126
0.00320162399404864
0.004829255834941652
0.0
0.0
-0.012041205450044702
-0.004846468076641268
0.0
0.0
-0.035546212040460635
-0.016160027243260537
0.0
0.0
-3.615309248184992E-4
0.07166200414337588
0.0
0.0
0.0
-0.0180502654837126
0.0
0.0
0.0
-6.180319469751999E-4
0.0
0.0
0.0
-0.018288905062001377
0.0
0.0
0.0
0.0
0.0
0.0
0.0
-0.004154885284344354
0.0
0.0
0.0
-0.014056575084511039
0.0
0.0
0.0
-0.011456052825903803
0.0
0.0
0.0
-0.010748927644244689
0.0
0.0
0.0
-0.0016432354071501396
0.0
0.0
0.0
0.09860091721034314
0.0
0.0
0.0
-0.06889444023146027
0.0
0.0
0.0
0.0
0.0
0.0
0.0
0.0
0.0
0.0
0.0
-0.050210045883063534
0.0
0.0
0.0
0.11103218406760777
0.0
0.0
0.0
-0.01151173642458387
0.0
0.0
0.0
0.0
0.0
0.0
0.0
0.0
0.0
0.0
-0.023848386175207098
0.0
0.0
0.0
0.0
0.0
0.0
0.0
0.0
0.0
0.0
0.0
0.0
0.0
0.0
0.0
0.033716264295793365
0.0
0.0
0.0
0.0
0.0
0.0
0.0
0.0
0.0
0.0
0.0
0.0
0.0
0.0
0.0
0.01239278594824228
0.0
0.0
0.0
0.0
0.0
0.0
0.0
0.0
0.0
0.0
0.0
0.0
0.0
0.0
0.0
-0.02226066406882856
0.0
0.0
0.0
0.0
0.0
0.0
0.0
0.0
0.0
0.0
0.0
0.0
0.0
0.0
0.0
0.0
0.0
0.0
0.0
0.0
0.0
0.0
0.0
0.0
0.0
0.0
0.0
0.0
0.0
0.0
0.0
0.0
0.0
0.0
0.0
0.0
0.0
0.0
0.0
0.0
0.0
0.0
0.0
0.0
0.0
0.0
-0.06607867965216226
-0.013325481254841343
0.08349841194059665
-0.004094251033592929
0.0
0.0
0.0
0.0
0.0
0.0
0.0
0.0
0.0
0.0
0.0
0.0
0.0
0.0
0.0
0.0
0.0
0.0
0.0
0.0
0.0
0.0
0.0
0.0
0.0
0.0
0.0
0.0
0.0
0.0
0.0
0.0
0.0
0.0
0.0
0.0
0.0
0.0
0.0
0.0
0.0
0.0
0.0
0.0
0.0
0.0
0.0
0.0
0.0
0.0
0.0
0.0
0.005468201161063058
-0.016763490691441656
-0.02676921150544673
-0.028014178616336927
0.019156712918229103
-0.07120118623792383
0.05138254129730378
-0.012663549232450395
-0.014964175392658662
0.07730571159133197
-4.148631206418638E-4
0.02157173886256515
1.9190481258151044E-4
0.02076958106082963
-0.04093258196224679
0.01587684505524272
0.0
0.0
0.0
0.0
0.0
0.0
0.0
0.0
0.0
0.0
0.0
0.0
0.0
0.0
0.0
0.0
0.0
0.0
0.005468201161063058
0.0
0.0
-0.002502052750770831
0.0
-0.014261437940670824
-0.01057546138253682
0.0
-0.01619375012290991
0.0
-0.01012313105101195
0.0
0.0
-0.017891047565324978
0.03359081600315538
-0.00423674970227093
-0.010197353382655353
0.0
-0.023269422688634148
-0.03974893796830479
0.0061328727428308725
-0.014315698323815771
-0.023485995758748764
0.06382561870537261
0.012125503589698761
-0.0010825852390188293
-2.986466194191545E-5
-0.01900514874302734
-4.0311150374144444E-4
0.006774575676260308
0.07963704680768105
-0.040672418248215506
-0.008639892880185024
-0.04528891107193919
0.01736776087020362
-0.013552506744991748
-0.004710633655219379
0.07820109112133944
-0.02355378878772847
0.012781111722750552
0.0027060238367170577
0.0076517901076189965
0.005002736168615166
0.02831825922634209
-0.018256761311859618
0.006507504779467516
0.0032371521891681205
0.0
-0.0030452473765866083
0.0
0.0058437763616707526
0.01043404318219417
0.0
0.004491761516964703
-0.028381488386481007
-0.007273165552785833
0.002619336015839353
-0.0078972640388193
0.0013192488994772681
0.007378378459188404
-0.0018325681122403053
0.009011785808817351
0.058801218040736764
0.025873569930661075
0.005185481157776736
0.02660474587082998
0.003817605011303334
-0.03305958328873871
-0.007013174205939311
-0.008654015467111755
-2.0677885291096442E-4
-0.004347631187781372
-0.003743609725964091
-0.00811627271170751
-0.012376723774780461
-0.025238490650095244
-0.007673696647063483
0.0
0.02004879212726273
0.004264609071057811
-0.015372689801695516
-0.008998596853384801
-0.02412393796830479
0.005053542050784358
-0.017771285752568464
-0.008527772611784307
-0.008671054339651157
0.00421104064113193
0.0067019039561396695
-8.196511700089489E-4
0.0
0.018756510979033497
-0.007678328706260966
0.04303753410104502
0.01370708591685405
-0.035786618724840305
-0.0598242871829892
-0.0040929143245196226
-0.007803377368438258
0.005931464838399472
0.05596492598548189
0.015240551419894235
-0.009172886794695703
0.022446116526519306
-0.022711407734987605
0.010695291322509256
0.0
-0.007874085580223336
0.0049305828285874966
0.0016154435814167093
-0.007372273691587532
-0.007871999716991646
0.011413262763717746
0.0
-0.00896743286577551
0.013871290719488753
0.010842299531062072
9.453315577278376E-4
-0.006340072849480271
-0.03297199327303188
0.021216427692697153
-0.00239680249802637
0.009436851351307125
0.0266201838832109
-0.012542152669899555
-0.019112063865398276
0.04093151872186618
0.02818722050802024
0.003096319735185031
0.01296976342819459
0.005282325707399296
-0.025302350959684652
0.007684465592701258
-0.0011848797805289598
-0.00262031343644987
-0.01281155819246054
-0.02151606958148939
-0.021650291852790427
0.0
-0.0015382590852042414
-0.011710481829156651
0.026761975607286447
0.0
-0.006086488598127064
-0.024201087346088092
-0.006789567247000063
0.009199817613787305
0.0038661338094013002
0.007086811735435752
-0.028356048838690487
0.0025046228707811973
0.00919276199329272
0.03339501556683666
-0.0030696348728743847
-0.012717273531397427
0.005041775852924819
-0.004487008577683667
0.011166601154882282
0.02184917714334062
-0.010890106778933692
-0.030844112886423837
-0.004505750314721186
-0.029470939895085785
-0.005896152556944242
0.020075113228817658
0.004629511930050347
-0.004211605007816895
9.722540873140003E-4
-1.1873806401047939E-4
0.004821403172398502
-0.0050626941365848315
0.005842733337524749
-0.012806239578495542
0.011388765320322049
0.003824399518289492
-0.007750515512372225
9.86243570609397E-4
0.0
-0.005883023529181859
0.008640073634624235
-8.101097520990782E-4
0.010317178278582521
-0.012333558948550281
-0.003028214195723924
-0.009976741916684288
0.0023749198663219886
-0.0015598766079503073
0.006122071141029948
0.030359816188972422
-0.009381096904988603
0.021792608651752695
0.002241857083518508
0.011267813273544196
0.031302816374680895
0.010390157931868623
-0.009031273206544888
0.013533496265223738
-0.011432271371960213
-0.01934149478745272
-0.02750589501700787
-0.01925084489924758
0.015135597776990658
-0.002246524901944725
0.007271671418878142
0.0017598049346448028
-0.0051105055851048825
-0.002975431682763095
-0.011177272592870905
0.014622055425660294
-0.021341171253107336
-0.009982169999479902
0.001359104112789368
-0.0048281824694906515
-0.005241047716422177
0.014608708843709788
0.004985251498471889
0.030199862873562747
-0.015757542410888826
-0.004693783154806608
-0.004443205279142194
0.003856964145861584
-0.009314214122499363
0.007347867282906158
-2.633977006846885E-5
-0.008054299211440609
-0.015928082823432922
0.01798624352032814
-0.021824060647745717
0.027395610850321658
-0.02923255003048182
-0.013318223414669214
0.012016302576126849
-0.00314153356870872
0.006226920411903572
-0.015214610769844518
-5.502119832014167E-4
-0.01173251327890271
0.009973732345004324
-0.0075879191434144715
0.0037956427410862836
-0.017779967667982257
0.0022323997943778807
0.0060275056766212285
0.0018602682076304805
-0.010450524522448434
0.018031071884472002
-0.015631329258294212
0.03126604334189234
-0.009483326643561715
-0.004795301236399846
0.011698886907882525
0.011618679348885325
-0.027627258440916787
0.04424593736165111
0.0013358929370578584
0.010222439557730712
-0.0064071010692999305
0.013425893682992643
4.006902793250045E-4
0.0042353129890729205
-0.0037335190075981745
-0.006068596799134336
-0.011566825405702483
0.01876316994280262
-0.0068676336273449335
-2.731090899735847E-4
-0.010844094131348427
-0.01289981945411912
0.03135654277634657
-0.011346667098360505
-0.007110193982304173
0.01164786104752322
0.006096761370007369
0.013787308694111669
0.012387048623450473
-0.02754867550889989
0.006960194045016162
-0.019434528693437494
-0.005063072154883431
0.0228388229250826
0.023544353700596564
-0.01566970434718942
0.00799330320455035
9.252039682526255E-4
-0.03613589691001548
-6.574074971797076E-4
-0.010043287988410008
-0.01183675539898197
-0.00641420371048859
-0.0053880915188257925
-0.002798783536120392
0.02400333693414279
0.014770777582670508
-0.015213628581209702
0.012082217614747356
-0.0055152793914976465
0.005974680241447594
-0.014217460702652576
0.008394776564670779
-0.01922170500457936
-0.005576571528962132
0.01721317451047627
-0.007468053744694197
-0.005047369097888497
0.003997775301487221
-0.0019383843776178543
-0.0058194566847019425
0.0021627129761694203
0.01158392445181826
0.005969752762134118
9.597757308879152E-4
-0.010633306972998541
-0.03091668712919617
0.006847215731993694
0.011812528900798428
-0.0019272904098825636
-0.006566124444596441
0.036475835952731774
-0.005343250027438217
-0.010278696166725979
-0.007501510819770743
-1.6218576441557817E-4
-0.0056354443577465154
0.00689390025551157
0.011023082336818021
-0.007295362126199608
-0.008832920478611657
0.01915286730705036
-0.016781977369664233
0.003735262432931595
0.015774624182087717
0.011741855453823368
-0.005875272673934199
-0.00175448048131622
-0.02056521914907725
0.013006819903622104
0.0029264000029128627
0.00880149792449543
0.004452346455209364
-0.008808738565600407
0.01091137016827626
-0.003702290667399983
-0.003079639516975206
0.02831516048876275
-0.0022263346823697956
0.006572190782489007
0.011709676259092335
-0.028370290651446042
-0.010961714666118212
-0.007124672253175498
0.008727137445954996
-0.004157099992397655
-0.005452638497073215
-0.0027053031714347666
-0.00984555590415732
0.0055573624303411045
0.02622312524152693
0.0035184747356783144
0.007026576137999547
-0.02061985467084846
-0.003219850349013268
0.008547842067365242
0.002290202226606998
-0.009559291328727076
0.0011617024975253609
-0.01720567180322717
0.02401977656467078
-0.0038124710992015727
-3.033271322040645E-4
-0.002547463794594012
-0.013029969432676512
-0.024640694399667065
-0.002919279647026249
0.007466332579041413
0.005131047545975542
-0.013144647787068703
-0.0010806040097710214
-0.007827845856363291
-0.008543801394536272
0.03534796615218116
0.004625421365497242
0.010255349744525698
-0.020316188282897416
0.021733632774711
0.0015628586584656226
0.0038581416838311096
0.0071538606184311775
-0.0059830503704042986
0.008616156825250425
-0.015028414427980408
0.010720719532307757
-0.011230871952206487
-0.0010402022921893184
-0.008780721734047117
-0.002244794523592722
0.006096194753060663
0.002082608759177144
-0.002547463794594012
0.0037846371076244883
-0.026637286929257507
-0.008629541961879025
0.007423568544141061
-0.010745127804253001
-0.01280584073809556
0.006971203805587802
-0.004418405542654036
0.019075034942238736
0.01778651988121919
-0.001530149145630176
0.009906892421767219
-0.009159627689917885
-0.005055284435623183
0.01729165816100804
-0.0030895915143468386
0.007169776097726076
-0.01346333016673158
-0.006717015132174991
0.013255632889568714
0.009055101840787819
-0.006456802992953934
0.017385003648984446
-0.006279777158922381
-0.007051622792189238
-0.011512316511078372
-0.013505335751624346
0.008760508644073628
-0.005225898642597297
0.002906422978004336
0.016540355801680014
-0.0031934307106645005
0.008463534506075943
0.030543984346033958
-0.011458373617676855
-0.006318443961182266
-0.010292215345202704
0.009470907117950782
0.0032069768459314055
0.006774571007151928
0.006305964680489155
-7.342111808220537E-4
-0.012352800323174205
-0.004268816653522705
0.0
0.007833054468052745
-0.017095346633653426
-0.006567182627592514
0.011353202545786038
8.416711489844862E-5
-0.012688922306877435
3.5331207472203774E-4
0.0307003641102851
7.588409340111359E-4
-0.016680257657353058
-0.0026019473621873186
-0.019540359939866296
0.012596517299593945
-0.006240173500677212
-0.012058055912315683
0.001301785074619755
0.013857334623346427
0.0069970437498518894
-0.003937264291459452
0.008800698481986804
-0.0026269847715223657
-0.008311168012426609
-0.0026909263882745394
-0.006530425054805585
0.006050498324040306
0.007937306652885695
-0.023232166905623432
0.017215687464083546
0.021245412602090695
-0.013593432042675019
0.01131167310225486
2.587771455396142E-4
-0.02682503254667394
0.006739024582034469
8.752046966949648E-4
-0.010528037437664919
0.02459171786848828
0.010951896190808436
0.004034519741214601
-0.012498615991841372
-0.02626285122357458
0.02251163121946468
0.010558956233063549
0.004070744800367691
5.825106210923863E-4
-0.03019126064648625
-0.0028904822875918707
-0.010356234873878488
0.009333263346118293
0.0019531386671655607
0.0046876955388656565
-0.012270793727758985
0.0011847734044894299
-0.005544300532838349
0.0
-0.010440797967711192
0.010204914552513324
0.0074326135888563
0.004583657589836128
0.002185766843710161
-0.022520182741890188
0.026066298857055158
0.013087393129336645
0.0
-0.015602699016134002
-0.0017207869763570822
0.0019258173452932183
0.01416315379956651
0.004218031115802958
-0.026143380665345585
0.005117265612325065
-1.1992578214303799E-4
0.00609751982670345
-0.003880406438339705
0.021136486010133085
0.005688669083051782
-0.009861608663901055
-0.0013571782708595797
-0.010062376809625101
0.013504569906577061
0.004152191209938122
-0.00927965118243689
-0.006680204506416195
0.009531627159426171
-0.009232750557758948
0.006857789725064789
-0.005926141230805062
-3.1935989743256355E-4
-6.320656122274643E-4
-0.006834281977516074
-0.0014628899258337107
-0.014451130911487227
0.01945820764561441
0.0013931170271454796
0.014801100042580957
-0.015596945809706494
-0.00233898627143388
0.007893924570150389
-6.494929339210869E-4
-0.008021782134731474
0.019793675934442253
-0.01574823358664991
0.007908178955234234
-0.012370145258380347
-0.005281089547173611
0.0275320658633912
0.0020234267230496016
0.0024156935081480996
-0.021849783996706135
-0.011332387511336178
0.0068079106671108825
0.009332158717107403
-0.02124283761845224
0.020936936435477976
4.242704975508148E-4
0.003089107692759806
-0.002014741219116969
-0.008978442473384005
-8.915966539779488E-4
-6.165861447647181E-4
-0.004041756985715036
0.001871170705843137
-0.016449961168706603
3.1566475400214913E-4
0.013752758067757494
0.01327902741317967
-0.013379030212244479
0.0035848440391592845
-9.682767609728712E-4
0.0062273712779064155
-0.005292485266698442
0.0021182992902935727
0.006612423764059072
0.006130799521745647
0.0039005839409227178
-0.002969982570843836
0.006265832392575117
0.009562703775954987
-9.433832431697195E-5
-0.021587618727198575
0.002841782005864128
0.0015590158600118135
-0.026825446138992078
0.0031016986351784298
0.011932842924184218
-0.014592367891551258
0.005765533014964897
-0.025568861565501408
0.014852749912237843
-4.3391578233363017E-4
-0.002275989647123472
-0.0011525018426882432
7.257277874436752E-5
0.013221288332927416
-0.0159987515873962
0.006034796152512019
-0.006867812158680521
0.0025576110465635416
0.016963953112983512
-0.002155659245561199
0.008681887137689052
-0.0012290497423991377
-5.0116511086348596E-5
0.026715357493466697
-0.017635487877651092
-0.016237634745160684
0.0011266615630598905
8.004074836017389E-4
-0.025524394168260287
0.017401069938942672
0.008822489798480597
-0.02336082566666924
0.029592825671299033
-0.004011600370946319
-2.3782097555408903E-4
5.019142635776378E-4
-0.014647808096825126
-0.002687052942336841
0.01500055046340659
0.009378426724776494
0.002212116489414144
0.0017815474335406301
-0.002547463794594012
-6.7864043171996E-4
0.003727684843560312
-0.014393448292491971
-0.009053505560269251
0.047106830846247005
-0.011494075107307086
-0.0011198144580154478
-0.008714360179826578
-0.002883736446140559
-0.016395263674469057
-0.013612015887788698
0.02069310379891341
0.0019086845535349383
0.028582242738716807
-0.001861040089253108
-0.01598666525996329
0.006267767204488758
-0.006052223103652227
-0.002468228757590684
0.008294486944814116
-0.027406239127123172
0.008670918265070311
-0.01856378681990877
0.028539904109753593
-0.0026933506131571142
0.006241538202449972
0.004340190915922285
-0.007684586442950016
0.004440745536977648
0.010224069457177479
-0.005960126190767541
-0.01270540616503789
0.0018898573017004199
-0.004051701383170504
1.2087804262909604E-4
-0.013417338114539509
0.017076502911825168
-0.014640051633452361
0.005200153990962064
0.01815500848599823
-0.0033582542163648954
0.0020767816946720506
-0.005472780252072006
-0.009569852899736976
0.0031017458048535514
0.00867485575276586
-0.0017457276468398723
-0.0018376913058883305
0.014825501857872115
-0.00814780005463497
-0.008909681953983123
0.016304700561921535
0.014470497760404342
-0.0016773353336913162
-0.010396979676198344
-0.0034109706729010822
-2.939039693274619E-4
-0.028430345415555953
0.01647932864417145
-0.0065687534406772665
0.003872458877813058
0.0022360407151571253
-0.0030189546226408476
-0.004525327763275026
-0.00968798761659536
0.005542050931194114
-0.012807956716116852
0.006525551692097197
-0.009625669991299896
-0.028837707205736692
0.015319938181771298
-0.008977047448810647
-0.003937081174190058
0.01130514189100656
0.0240847378543116
0.009956272195070455
-0.01120087376781615
0.01961818537638198
0.003994914111857843
9.114090527555226E-4
0.011040781551966137
0.027098986271632087
0.004100026076760714
0.007477414763458333
-0.002152404075495952
0.0063274012302809495
-0.01484022716189783
-0.0019206185423885332
-0.014493756297101711
-0.002868778417745889
-0.0252332911982051
0.0075407354188881635
0.008223603454175773
-0.008054839385247264
0.02527758611473204
-0.012151211436194617
0.010686808346279473
-0.02271989304830158
0.003788896416358638
-0.004465485324600137
-0.008844450772753767
0.005817385350876583
-0.003946581295695347
-0.017091342667489035
0.00921521422316645
0.001624442355778962
-0.007702386221145376
0.014570130726493304
9.477640776300728E-4
-0.012734004659866455
-0.0030547329397213347
0.009356065075764159
0.01576204844247307
-0.023406487787852818
-0.0014511618495877347
-0.027388574712842582
-0.007326567159813403
-0.0027324490228803617
9.802852106750872E-4
6.380566486449205E-4
-0.0065650266225886315
-0.005834448494722726
0.03234085368291469
0.014365515908436755
-0.0031856301615855813
-0.0061275579021148815
-0.016481576235791842
0.015512174326452775
-0.008809466812092232
0.001205532261440519
-0.008063160067108766
0.006860210990333113
0.03385324162045954
0.0129684050444259
-0.0051611112291582205
-0.0022290582733938986
-0.005137122648356004
0.0020445055816393893
6.689821483892196E-5
-0.010841201736416114
0.027387307427139178
-0.003202549979412441
-0.024596099115509022
-0.004803794729813608
0.0020985842227664083
0.016720106423697433
0.0024446229852513202
-0.028561530202561785
-0.018154999529734903
-0.004890712562005473
0.021267399869613623
0.011514503273203462
0.002274784631898072
0.0031244863832260265
-0.009170781092626791
0.017399947096280528
0.005111538015535787
0.023005704084096933
0.002950485954194098
-0.0023875565252003596
-0.004797272701443995
-0.010418243159934209
-0.002996645770476092
3.9029932877250595E-4
0.004947605973088418
-0.018553448351298543
0.018987047394087818
-0.0070066044394548384
0.009860752305314602
-0.006767381788857283
-0.007299184772311864
-0.013310620027796729
0.009412870052952648
0.015379543667095477
-0.020968256070833004
0.011705661963181298
0.03491377810803446
-0.00652980762989714
0.005052488578785554
-0.0110557164542198
-0.02317472839102509
9.549582850188212E-4
0.0013624966071161988
-0.0021103609771862437
-0.003502653087390493
-0.012817983522388096
-0.006832268729609766
0.002549942504761811
-0.00640978577683355
-0.002246524901944725
-0.0031872580177456176
-0.005137122648356004
-0.010372089547745607
-0.009232312258379383
0.004282092674447126
0.0102880301566276
-0.0076053672225523915
-0.0038597216572105455
-0.004531753284579497
0.015468916642745573
0.0037956427410862836
-0.006252345688681664
0.025615276399677693
0.002476606865319799
