-4.0757617855478184E-4
0.005925091556342199
-0.0035801037419556626
-0.0019374116358318095
-0.006917914739635469
0.0037921613341619313
0.0045218486277516685
-0.0013960952222781134
-0.024386310291069253
0.006152550179423079
-0.0025757217045125416
0.02080948181615866
0.008648002919565669
-0.0034551542644902797
0.002714702056089636
-0.00790755071116501
-0.013440781495356635
0.004910884779446012
-0.0100997847276975
0.01862968144360819
-7.4606483962246E-5
0.006796208907365703
-0.003191826605556787
-0.003529775817846704
-0.013254210986979188
0.002345901683458625
0.0019066741460931902
0.009001635157427398
9.105297449212924E-4
0.008332453597043609
-1.877865039336228E-4
-0.00905519683803134
-0.003612509844135624
2.5322257874608664E-4
0.012166063988049812
-0.008806776722660212
-0.0010579934431203955
0.004158571704087875
0.014068594673062507
-0.01716917293403001
0.006638748355332088
-0.015190264018931834
-0.012183187901027362
0.02073470356462717
0.04017706660264351
-0.03965303642546706
-0.04374423035631148
0.04322020017913501
0.05762695577443678
-0.06431370084601054
0.023635585132043134
-0.016948840060469355
-0.03871129548803497
-0.04139513955651691
0.027977869591438664
0.052128565453113215
-0.019912052733699635
0.0266453028354304
-2.8995768338320807E-4
-0.00644329241834755
-0.07259048623085392
-0.00832903880944088
0.08630181916699338
-0.005382294126698579
0.017560551158413498
0.0061069919029557215
-0.02087034270075499
-0.0027972003606142504
0.029389705420272676
-0.01236328598311846
-0.038607096360785007
0.02158067692363076
0.013023061482522528
-0.024770983258278898
-0.03860303537568733
0.05035095715144368
0.007507950095577958
-0.0031744507749664986
-0.012485540440746087
0.008152041120134621
7.379199639627361E-4
-0.002647550519140421
-0.0064376079143489435
0.008347238469526643
-0.002837630949420058
-0.002637016573005662
0.0031716044926809635
0.002303043029744732
0.007399991784273241
-0.003109990636339901
0.0021021531407499384
-0.006392154288683288
0.008579296945124763
0.005507396080852007
4.944922405191662E-4
-0.014581185266495942
-0.0029346833996424697
0.0065141522302608595
0.006015661294703048
-0.00959513012532146
0.01349649972423804
-0.002849288219825582
-0.009789146815211872
-8.580646892005486E-4
0.010337075843114267
-0.003447524177333001
-0.010959311939701
0.004069760273919705
9.705240927613201E-4
-0.011550695446936035
-8.732090582003124E-4
0.011453380412375095
0.02579787013645975
-0.015177126105935673
-0.013213564046077216
0.0025928200155531395
0.024020799335052242
-0.022420935183864458
0.001481911989881006
-0.003081776141068783
0.007289642537265348
-0.013941900633898446
0.0023730532761651033
-0.0019165812344682166
-0.01577236969302797
0.0052422141859490255
0.006654591835274431
-0.00402836050088181
-0.005702873905094004
0.004924099079067813
0.0032624188417695044
-0.011070795948710205
-3.8898835099843675E-4
0.023066364334888404
-0.005985854447323165
0.005587764445467826
0.0014717290154956496
0.006141457039130388
-0.008205689701304707
0.0
-0.012386360782162974
0.006323996561644671
-0.008969012480923454
0.016375652052234287
0.003659925122189262
0.013522096437026235
0.0020054754889363125
-4.565669797109515E-4
-0.007097902423689342
0.01963724546592118
-0.01501347527367156
-0.01108347798477276
-0.003034717878988704
0.002537885814702905
-0.010970691466416257
0.0016112743821340945
0.014168720507835152
-0.009577818571711565
0.0036017525485130906
0.002877140979567036
-0.0037830219510174195
-0.030550244291032185
-0.011321969532824282
0.014289847124699464
-0.0039036896931566073
-0.009046872297358063
0.03911098831243901
4.1131227065867955E-4
-0.004089690776939095
-0.0016496180831787242
0.018751043598838463
-0.0032851106281732755
0.013072984908876158
-0.011587818544522049
-0.0012309236329390051
-9.722280395630832E-4
0.0022089524077007535
0.014088537271516599
-0.001714593669342927
0.011160563132577666
-0.010098649335356992
-0.01297707358872312
-0.0149228354017031
0.001309048745099926
-4.5267392771102845E-5
-0.003995830197823413
0.0037689497828365475
0.0019091107045911635
-0.002984496268840727
0.015966689650993487
-0.005751565205048844
-0.014142804040347793
0.007825617426820902
0.0035150754428027037
0.0030934805929130303
-0.01248645775525403
0.0038912972519583124
-0.0032851106281732755
-0.006904329495108856
0.002707725390816422
-0.003997340372033047
0.004919886690147627
-0.0021483797314015545
3.0880835480734273E-4
-0.031669253009976105
0.01674695260512593
-0.009443819254313184
0.01476669329052344
-0.007958620817302964
0.012348450584787353
-0.013354056470576445
0.009020634973017113
0.005604023841342578
-0.010385879080762762
0.019907258445512152
-8.731987147355376E-4
0.02590986685207169
-0.012804911288663876
-0.02887614750850176
0.012154173618872546
0.013516615956144763
-0.01373131725503
0.0035320364240237125
-0.0013328466285600048
-0.015213664355233253
0.009276074191982491
-0.00407636048241463
0.0022452817742040095
0.013681101804170953
-0.0017998992336881424
-0.01340252789572844
0.015444372654101608
-0.003724416684963236
0.0
-0.0060188705150126445
-0.011745942603225498
0.014905194395212562
-0.013053510274416008
0.02517084623852428
-0.006342866444592431
-0.011092655707035635
0.0013003768922472034
0.02286367207666642
-0.009882570072136814
0.0
-0.008472202364019606
0.014354515053719775
-0.009657665213246508
8.393031738521094E-4
0.015792024462801407
0.011504657278245626
-0.009993142512594842
0.011613386816921442
-0.01366865480603424
-0.004083964433888411
-0.005741622373338456
-0.024059769155745526
-0.0011103611186815288
-0.0029932587474121603
-0.0051110589502401955
8.091852158513485E-4
1.3802149037915967E-4
-0.0012284975977511318
0.0029074409665661768
0.0015016341729832986
-0.008517846199170636
-0.014840726901272167
0.015625
-0.010661268151261496
0.007622583506452368
0.017568149080857208
-0.008600649709374675
-0.014060285850064134
0.0038146875944500406
-0.007136149387824313
0.03088924584662437
0.010600573341538326
-0.008940869712521733
0.005721667054191108
-0.014433194506184487
0.0019150200058977024
0.004606547444684436
-0.02989509841589009
-0.0030657924874430004
0.009443498710239362
0.00320098258765532
0.003812900285079549
0.009982595528845513
-0.02614994212471392
-0.0010479769855158763
0.013505229943476874
0.0222194248833413
-3.169083604605302E-4
0.001723887859847761
-0.0025232077202292057
-0.009986882859327754
0.001718189956520168
2.2920909960909763E-4
0.02122902384134258
0.0
0.009778283657816252
-0.008604052672559682
-0.012992456408509961
-0.01212486588339039
0.01523330967487156
6.614480343295126E-4
-0.0014734007181968164
-4.6644088260962106E-4
-0.0016449925796026186
0.00901125419372061
-0.006274651879916224
0.006529624382734217
0.008611336826675113
0.007095580780421638
-0.0031987965680808274
-0.006533973729762645
0.00648915181911295
0.005767110671139256
-0.0042684052951800205
0.00412207761285212
-0.014096226748752636
0.01102818233106995
-0.012073636375438549
0.00313953659554719
0.008293902173759773
0.006678137321879173
-0.0014342802159323662
-0.010971694279744423
0.01391264536422051
-0.01113871615061734
0.01295419019366113
0.004445781626451257
-0.006951784406117423
-0.01047814663744553
0.017848854225041223
-0.011868064565964509
-4.2693899617932476E-4
0.0032786729568226184
-0.007541193875634228
0.008994088438529321
0.001152187976896769
-0.012019588496409443
0.012580509879252326
-0.01819765179699766
-0.015233617881774453
-0.013117227631380483
-0.03442145527760115
0.013735613335104086
0.009165548636651796
-0.015452112456610009
-0.0016768363170209105
0.010281197661561261
-0.008160775341852639
7.786670799800862E-4
0.014084443816163146
-0.004799914464247013
-0.007722300406058355
0.012474803723750438
0.007188223536176312
0.03559044404324746
-8.798623762927837E-4
0.017849693017713962
-0.005876980444492036
-0.0016449925796026186
0.00918979744651219
0.010344085912620697
-0.0029622794048133373
-0.014639310122893755
0.00808255867264669
-0.008536608649083729
0.003493307365334669
-0.007343947532603076
-0.01150022924341043
0.002243675133514437
0.002112508153007831
-0.007838966059323684
0.0072205995742838265
-0.0032016821887400787
-0.0067542750447554915
0.009145859592040124
-0.015776584675538108
0.013421186669384924
0.02206957950741538
-0.019024851485124415
-0.010437478131780557
-0.0029466746260231715
-0.010877808338481256
-0.006281081000227912
-0.0038520401598150246
-6.190678139989924E-5
0.0033779394603818272
0.010538436133023176
-3.1153485934331334E-4
0.026342693357006768
0.01554136659888474
-0.023679811600388682
-2.971739570873707E-4
-0.005811889946035705
-0.004587433773400346
8.774351662278525E-4
1.4210505952523718E-4
-0.01727925215432575
0.02595369631515429
1.247839876731844E-4
0.01054788447806264
-0.015025690431889555
-0.02017384426494956
0.012547550804331594
0.005881246958877582
-0.00579149688834228
-0.010030667422252474
-0.004660465062420733
0.002122266199790058
-0.0022999105132265147
0.0014162549255466415
0.005310303106678736
0.0051053675135351185
0.0035175775918953886
-0.006291086036989534
-0.0043689381380159435
-0.0011222353760267953
-0.01225692554009177
0.004836959590326737
0.00853196436301825
-0.0016636703216504015
0.0031823094293904116
-0.0074191424234157765
-0.0038759361831364756
-0.004264300714202396
0.012584031247713467
-0.0043436674644768344
0.005400964613700364
-0.013442323836940372
0.007294672907938386
0.008174718671445513
0.01841989361006058
0.006893661261330676
6.788595502039939E-4
-0.008985916154340672
-4.472750012303288E-6
0.01955513893792292
-0.0024667123626981274
-0.0010428577858359446
-0.004918927437221155
-0.0023374146892934256
0.009577770082846833
0.012243784902004206
0.0010476834137572032
9.377078977650163E-4
-0.00848635252845254
-0.009449973222473132
0.008335899561621658
-0.010511484720976745
-0.0012687735239703892
-0.004846802590611081
-0.00644329241834755
-4.6964363814438835E-4
-3.695631243880856E-4
-0.0015778887940792923
-0.01579869759042605
-0.01570545275072154
-0.007826490484578709
0.02817748448213374
0.013247876211002674
-0.00306688011082877
0.029364137757036165
-0.021941223512386022
0.010198699061263469
0.0011468852005657657
0.005453512113025907
0.001480793182732411
-0.015517339094841556
-0.004777662098249847
-0.004169488131101816
-0.004563634542445849
-0.0051215446238630676
0.020956257144222667
9.90791140720364E-4
-0.0109841249820001
-0.02037659958345808
0.012144464147258033
-0.007500326188947129
0.013210830628839017
-8.954479760209071E-4
-0.005068568179243437
0.0025290538842528474
2.281352349224556E-4
0.01020603751955804
0.007412505602471971
-0.012080432296814766
0.001442223052306213
0.015692973845588078
-0.01438943229348909
0.015173244284812577
-0.011354678119365656
-0.016094797075135066
-0.008588104802931365
-8.687698023537461E-4
-0.014749642575539079
0.0032616558122425298
0.0036722140985935192
-0.009719147222345766
0.023539788137864552
0.014120623536248409
0.010382572017241378
0.020369051427813475
0.004875267323092788
-0.013906551964146986
-0.016282269089105003
-0.010526600823172241
-0.002414948047772377
0.010137622045046828
7.196674091403382E-4
-0.0067314425560715185
0.008221252864800119
-0.007951635787923805
-0.00461348461649057
0.0070413360049127495
-0.014174754971821628
0.0016007077774772543
-0.015206601130157425
0.009010082156333102
-0.017141331235422302
0.011861807619965237
0.020679983296761528
-0.004117871642999104
0.005523732214687623
-0.0041705288446489824
-0.005544205736327756
0.0075175706062848985
0.016944357208742114
-8.352557959270708E-4
-0.0016670319506602994
0.009269057941570085
-0.012680618855041409
-0.017097244169701646
0.0022091909958835984
-0.006935617437718111
0.005200653922437973
9.529596506594532E-4
-0.012961286832121166
-0.007066552728792197
0.03694272750356307
-0.004406198705366955
-4.696283638421037E-5
-0.005034997215362623
-0.025556791696796723
-0.0022912569330156562
-0.002767437488253386
0.020019653718553618
-0.003104821930496043
0.006753412159302562
-0.005365608402849593
-0.006706314400288882
1.839797497091046E-4
0.0011269894523684711
0.027706206011553512
-0.01587110690411677
-0.0013454532090729017
-0.013495000647401242
0.006856278772562141
-0.0025088856192876296
0.0030204731015188455
0.013034047710114984
-0.007711520264928728
-0.007474139948912757
0.007672340045921538
0.009879349710537295
-0.031740392562690484
0.018000554867841467
0.007775052360891066
-0.0020156611859240775
0.007786937865980269
0.009286232258605968
0.008618599124929262
-0.009954567503375915
-0.011589292739537953
9.429328423219566E-4
-0.003037267503832271
0.006802197160865827
0.005720002412658994
-7.42397683897204E-4
0.007925952945760432
-0.012868352915676047
0.013425827405835236
0.009158705745985419
8.705633774428248E-5
-0.003528956102476069
-0.009407241247508916
-0.0166414172698413
0.002620755016605643
-0.014154228598335736
0.01673016004528865
0.006936570587603889
0.008771791011391796
0.006267536817121081
0.012963408884781638
-0.015042099236573948
-0.01288611433251479
0.003030698531936748
0.015191775243388203
-0.014357306270123217
0.0078046831880922655
-0.006654374552366737
-0.007025769785156366
0.002265244065896477
-7.061693346042952E-5
-0.0019266121317165624
-0.006238545285552679
0.00686087684841163
-7.69768324208088E-5
0.002083936747826212
0.007010977340259376
-0.010931862935921619
-0.004955748485248075
0.010832533274158776
-0.01207545559761138
-0.003277155138322482
-0.0014068635843991206
0.0
-0.001448324617280132
0.029462780462288812
0.007022664333104726
-0.006181212461989711
0.014602404280519118
-0.02201102852303319
-0.0232296001118325
0.008350368642909035
-0.014964465086493977
0.004247941082845239
0.009105228138251025
0.002747521343013175
0.033537851920321826
-0.019165286021915993
-0.017246626890527982
-0.01232418451895627
0.014254442099435365
-1.1907983369416862E-4
-0.009689779375897333
0.005079216315537322
0.023521730942716083
6.056125377074673E-4
-0.003657016068619009
-0.006210399109476057
2.821489963997733E-4
-0.01528207880311197
0.00652922972250243
-0.003728291756557117
-0.012018508898440597
-0.005329685858028407
0.0028774541199486255
0.004376342852555243
-0.00868946650860937
0.009950444704142993
0.025200936921613685
-0.002089075600197358
-0.003620215220619405
0.009533306400224022
0.005291492836768017
0.006986817524806567
-0.013763784344914012
0.0012595743200802742
0.005612977430622038
-0.02532538810120622
0.002498786581183155
-0.003453030557970053
-0.025072167629004685
0.039531137906508716
-0.002351889460931258
-0.018525965072090533
0.008253753522538387
0.005353452765787703
0.00863691262750033
-0.011314919512643795
-0.01048232963224195
-0.004411716919308368
9.724288882913411E-4
0.0013450882577249407
0.0012598878460820672
0.01992663437662381
0.0028017459105310156
0.003815745410175534
0.0052002176700898205
-0.00108778543959034
0.0038082474326517173
-0.009284800902777623
0.00218059406286048
-0.019172459366282105
-0.013406009795951086
0.01788252255943381
-0.009389687472396782
0.004102492975162651
-0.02982567281423281
0.022892288353811643
9.478750346348232E-4
0.009727909659218993
0.06303024948945297
-0.010600286846242112
-0.015285781605308657
-0.010324305524306809
0.003952266212193387
-0.02360452712881057
7.595094601463414E-4
-0.005239505571268082
-0.008186143634474164
-0.006164461415232988
-0.011311555089831489
-0.00857896258995558
-0.00108778543959034
0.0024025784063572025
-0.001855131015627065
0.031035848849377545
0.005655848536233833
0.01157163623032035
0.016479945484949084
-0.026686096688956815
-0.014313125183890552
0.004689017287033629
0.0022179817314704796
-0.010573274939032894
-0.008979918618200914
0.03272365467423924
-0.004517425779441511
0.0067191948545184095
-0.010281159465158516
-0.015831191078344766
0.006077588858947517
0.009205895799401325
0.04882720686146448
-0.026153629732033414
-0.018252709207710424
0.010711550631925288
0.003263686687858036
0.0011817478093932954
-0.001362816683434736
0.013623904170904911
0.0035134755071081
-0.007937095727066355
-0.013813920116531467
0.0
-0.012932089827832952
-0.02026911992492119
-0.001812841415628361
0.0354812456395673
-0.029831699600057576
0.004185838689556381
-0.014049947506141563
-0.0026390708578129494
-0.004692261614795823
0.002366826699312888
0.017361444884480545
-0.004821137840492722
0.003749367663300474
-0.0037208408951678665
-0.001780489205618756
0.016101932471327504
-0.0015108509709669186
0.015506816526139222
-0.0025980831510314163
-0.010797018226061425
0.10093378323886178
0.006829276613392837
-0.028183994765922562
0.008102540200761647
-0.012353272819473782
0.005048116533948325
0.00869180261689232
-0.022383087989765658
0.0012331593210606112
0.005553513786591994
-0.026861451005691223
-0.011033714936172943
-0.009175363923086498
-0.010324305524306809
-0.006412795297346181
-0.003025457694411794
-0.012846432714572819
0.007869380828314267
0.011804243859641699
-0.018616625872018094
-0.025001254967669227
-0.004803109212153438
0.00550692547511955
0.008930503371632365
0.0031985997564029775
0.0058573196280600846
0.003176358946095366
0.0067438410621042015
-0.0016791645291244356
-0.016640914129589
0.008230913201767765
0.003079151277056883
0.013245917678481585
-0.004244937732755445
-0.006157609911565512
-0.012746589116427131
-0.01646235812815766
-0.0018707337694695682
0.03484494850451104
-0.0016105999701117799
0.006381650465275494
-0.006915903172925892
-0.025995600729395447
-0.004893536754377383
0.004042914175394763
-0.014115255044949286
0.004273958473603475
0.02004054713184138
-0.00108778543959034
-0.020511006444048168
0.011241119315661598
-0.015454213135571817
0.007371270423610261
-0.0016888987914820911
-0.0021173526790413517
-0.021755935023856348
4.5124817948322864E-4
-0.012635570507050671
0.015969119127712587
-0.003973263523484467
-6.259549424590754E-4
-0.0017206739075877019
0.015625
0.051647600912331525
-0.008404315477351446
0.007765907757515818
0.05481801505584718
0.04606587542716867
-0.00899159664240148
-5.60953457538168E-4
-0.0116019744002318
0.011097237765074939
-0.0037949941401764723
-0.0027022428489433
-0.014512892569338607
0.009713888056273599
-0.009224250915005791
-0.004692261614795823
-0.0072958318068191245
-0.01750254358663466
-0.001811672396155077
0.0
-0.0185945062582336
-0.02603943683730173
0.006810101652438243
-0.015032441261437091
0.03808119269944191
-0.03317347832959984
0.01299394125821729
-0.004871308701578485
0.016048828969716947
0.022754862391125806
0.0086015842515168
-0.0022322878455010627
-0.033320616166933555
-0.009867799851183624
0.0014483671554376366
-9.175703046175503E-4
0.02061999360841303
-0.009886132737010812
-5.306038031527528E-4
0.007248490924123078
-0.0027050281286690606
-0.012153499257625747
-0.0046635131779703895
-0.001089434632208666
-0.013741996354536346
-0.01421662949656331
-0.007912890427317552
-0.018532647844554117
0.004108463241638213
0.009180400878302858
0.0
0.0
0.0015469206882315137
-0.00898448990750676
-0.015625
-0.012601799530336306
-0.008152859073270152
-0.006421490002826337
-0.0026390708578129494
-0.004603828169176098
0.00794650879651575
0.021013466608498357
-0.004967381968301038
0.011427237972530849
-0.005266348710333621
0.0705483343329218
0.0
-0.010876077539622945
0.0021084568215540608
0.0
0.0
-9.175703046175503E-4
0.007765907757515818
0.0
0.0
0.046054843935795675
0.012335579158462473
0.0
0.0
-0.008261919710932509
0.009417735656281855
0.0
0.0
0.0025194264956944525
-0.020856525288810435
0.0
0.0
-0.007809895176710421
-0.006693515730130514
-0.00644329241834755
-0.0027050281286690606
0.0786396079367597
-0.06031324871081975
0.0
0.0
-0.007272672238343514
-0.033378557586633474
0.0
0.0
0.007679793904576444
-0.005783430822318969
0.0
-0.004871308701578485
-0.008395505650328063
0.0
0.0
0.0
0.001457439206634708
-0.005716990364276964
0.0
0.0
-0.0402533335227159
0.07951892108205033
0.0
-0.012335715903452093
0.002152346889855856
-0.0033195700455113447
0.0
0.0
-0.003199318727891802
-0.010830640604428354
0.0
0.0
-0.025924062931945976
-0.01585027051050209
0.0
0.0
0.0010522002692222572
0.05130619150418415
0.0
0.0
0.0
-0.012335715903452093
0.0
0.0
0.0
0.0014754897505038088
0.0
0.0
0.0
-0.02785106933508669
0.0
0.0
0.0
0.0
0.0
0.0
0.0
-0.004871308701578485
0.0
0.0
0.0
-0.020322289859547843
0.0
0.0
0.0
-0.009758248577043048
0.0
0.0
0.0
-0.00644329241834755
0.0
0.0
0.0
-0.0027050281286690606
0.0
0.0
0.0
0.10022782814724411
0.0
0.0
0.0
-0.0695449304271363
0.0
0.0
0.0
0.0
0.0
0.0
0.0
0.0
0.0
0.0
0.0
-0.05473572520276966
0.0
0.0
0.0
0.10686429065588283
0.0
0.0
0.0
0.0
0.0
0.0
0.0
0.0
0.0
0.0
0.0
0.0
0.0
0.0
-0.019912052733699635
0.0
0.0
0.0
0.0
0.0
0.0
0.0
0.0
0.0
0.0
0.0
0.0
0.0
0.0
0.0
0.0266453028354304
0.0
0.0
0.0
0.0
0.0
0.0
0.0
0.0
0.0
0.0
0.0
0.0
0.0
0.0
0.0
-2.8995768338320807E-4
0.0
0.0
0.0
0.0
0.0
0.0
0.0
0.0
0.0
0.0
0.0
0.0
0.0
0.0
0.0
-0.00644329241834755
0.0
0.0
0.0
0.0
0.0
0.0
0.0
0.0
0.0
0.0
0.0
0.0
0.0
0.0
0.0
0.0
0.0
0.0
0.0
0.0
0.0
0.0
0.0
0.0
0.0
0.0
0.0
0.0
0.0
0.0
0.0
0.0
0.0
0.0
0.0
0.0
0.0
0.0
0.0
0.0
0.0
0.0
0.0
0.0
0.0
0.0
-0.07259048623085392
-0.00832903880944088
0.08630181916699338
-0.005382294126698579
0.0
0.0
0.0
0.0
0.0
0.0
0.0
0.0
0.0
0.0
0.0
0.0
0.0
0.0
0.0
0.0
0.0
0.0
0.0
0.0
0.0
0.0
0.0
0.0
0.0
0.0
0.0
0.0
0.0
0.0
0.0
0.0
0.0
0.0
0.0
0.0
0.0
0.0
0.0
0.0
0.0
0.0
0.0
0.0
0.0
0.0
0.0
0.0
0.0
0.0
0.0
0.0
0.0032224647308624647
-0.0237324293937151
-0.02497940917164719
-0.027101112396354085
0.022422063255572805
-0.06497119432022112
0.05685818023769078
-0.022638087982483346
-0.014391601579965309
0.07967750166094067
0.0017337392792906015
0.019282179806727404
0.006307624751943545
0.01513311395595126
-0.05448285304608916
0.027659820211495767
0.0
0.0
0.0
0.0
0.0
0.0
0.0
0.0
0.0
0.0
0.0
0.0
0.0
0.0
0.0
0.0
0.0
0.0
0.007040209977221637
-0.0038177452463591726
0.0
-0.015625
0.0
-0.008107429393715102
-0.017850246567971843
0.0083363924065369
-0.015465555010212254
0.0
-0.015625
0.0
0.0
-0.011476112396354083
0.032139216462236414
0.0066975188425661605
-0.01641467204922977
0.0
-0.021419615679370008
-0.03976664459984172
0.012562600309253434
-0.01634753435026283
-0.01511633352928192
0.06087527125521228
0.011099242511760404
0.0
-0.005173150909590641
-0.02823864015005277
-0.0048512969228399335
0.015625
0.0705319478384955
-0.043733987638019646
-0.00351764320469592
-0.03767191857574522
0.02040923200967345
-0.001096563794546783
-0.007864500031131826
0.06822933347694583
-0.01045792222195961
0.016328439439233285
-0.006237934444707875
0.002101156506724762
0.019827776991380632
0.02622907966379986
-0.024806322788439028
-0.001968354060014051
0.007661477565983546
0.0
-0.0013538528140400016
0.0
0.0
0.0
0.012163053525660114
0.0029700604302911457
-0.03234356698458339
-0.016254912374183576
-0.002303594219441662
-0.0035807794678805217
-0.003194109554739453
0.013885760966177517
0.001343168800057708
0.015625
0.053717028304735126
0.024923808708527857
-0.011220223830714143
0.04291202868416662
9.83175128310546E-4
-0.02889564283900735
0.003527422684528734
-0.012651423769285419
0.013962040291113961
-0.007187323261894871
-0.01350349621781219
-0.00751717890215096
-0.013882970778553886
-0.013577865823935997
-0.001284554354414004
-0.012744272865200511
0.020262432299612044
-0.0053274219871220965
-0.016977037872850202
0.0010316438906637013
-0.030850918220700848
0.0018786155499498115
-0.012983695663311577
-0.014532210060325897
-0.01149095196201586
0.005622316846851409
0.015325248762666568
0.007404540156279604
-0.010764039716767058
0.01797815355980375
-0.007433277704509697
0.04696359402473207
0.02031631461731204
-0.04255503216934859
-0.05089337426178518
-0.0026359774899749984
0.0043567366876645286
-0.005466040098817681
0.057222928319088304
0.01317156581886375
0.003297989794028625
0.020669547735033364
-0.028750929536204367
-0.008124449155459007
-8.328547483559312E-4
-0.0013723737644840243
0.00530871060831427
-0.004583105056630075
-0.005325911994282525
0.002981144453020836
-0.0018197159316877738
0.0
-0.010550347481326652
0.010251531261669632
0.003469578443448845
0.008705438256132788
-0.0259256172233132
-0.026115272291368685
0.020183425726110236
0.0035430128773503945
0.005750956485061609
0.021420870862843777
0.0012259554534448448
-0.010592249257718366
0.05226224392189851
0.015556440372141885
0.003821860377467536
0.01732931855586876
-0.008706531312048345
-0.01780577944080162
0.0037212510668947762
0.0028135586910331663
-0.0010026584341533322
-0.020531088180668566
-0.03783109180218306
-0.021545513480032356
0.0
0.011936787096239188
-0.008916685458276504
0.03828759344689264
9.966563029695894E-4
0.002853267294196317
-0.023295975205875608
-0.016615302277342724
0.012818921707807183
-0.010084512126363169
0.008558499297392391
-0.03352444500504199
0.007208816193148151
0.028291670319249815
0.025070927566169365
-0.009335180294813027
-0.0124117548244808
0.01558250293974224
-0.010986046706928093
0.0025086688370518717
0.0149720421511243
-0.005244058009078776
-0.016780201457139345
-0.013104321785092653
-0.03500234456593052
0.011560272846633622
0.015188891022704775
0.0012424497252133439
0.0032885147059854253
-0.0101256737951488
-0.002490069027936215
0.0025814768518598362
-0.012516008108373115
-0.002763405895327929
-0.013050653451270346
0.023635992430991418
-2.2777458142147548E-4
-0.009033313138282288
-0.010467821038911503
0.0
4.30905206834885E-4
0.005431186079765539
0.016650067373088783
0.0019366261745382973
-0.013427434451594118
-0.011392947987251528
0.018212381176951127
0.004424835264729933
-0.0011756438161883657
-0.007405799150012416
0.020109125827105796
0.007516283984278093
-0.0011417664935472883
0.013186697932348798
0.018379406336734433
0.03757883001903499
0.00661613371654914
-0.01672248321054767
0.018575449545225938
-0.004336763532250273
-0.02980859297649668
-0.018531951457821078
-0.012196074640292954
0.013814481750151798
-0.00211765625157985
0.01229454538589544
0.0013144482872615377
-0.02388164292814374
0.003577665636153502
-0.019679243391857643
0.01120774424081451
-0.02556521544844717
-0.0031093372691050145
0.024193552959581473
-0.022040888451243947
-0.009942159879998138
0.021137505526667162
0.010017955585334092
0.01946666908029178
-0.00650342143221231
3.063019299795722E-4
-0.025152207782535827
-6.319514847588073E-4
-0.002053953076942115
0.016026588026238412
0.007661457434264767
-0.008430676089175446
-0.01919013135794161
0.006213113937421394
-0.023353623228492416
0.036362471883481
-0.03298000223622905
-0.0043843931315845006
0.0080394597094202
-0.017364987762235586
0.01667206909740112
-0.007756085694959558
-0.010281593143851075
-0.01428085798796589
0.00844415516852091
-0.005219603883784898
-0.003690320052972508
-0.021237442879881406
0.004043960067596533
0.015382779721640245
-0.003358715342634512
-0.007979588372218092
0.01330560898385344
-0.029607083678235082
0.03427306522869538
-0.011145622540239031
-0.006364618799590411
0.014622350848606178
0.008455852856032169
0.0035642929198530064
0.04530604207472268
-0.0016715262629762879
0.013124005314008624
-0.01022251470683359
0.012012918940860982
0.0024241424408512407
-0.004315837779452209
0.0012479812932331034
-0.0018776940328487247
-0.010783711851428283
0.01646854499405819
-0.01650006651431537
0.010734264980177544
-0.002809866822844031
-0.013341290414538602
0.03257728725182837
-0.019558686734202996
-0.002091401210124423
0.011889448838270884
0.008239517526864413
0.0070651249514948914
0.005012572198583021
-0.005470254907620252
0.010051402964068777
-0.028834989077124666
-0.0058649521967794145
0.010610575130410967
0.022861963770007012
-0.002690142098393674
0.004511438536111959
-0.009197768119210737
-0.01992738384507853
-0.009339603236446711
-0.005286264290788706
-0.017234857332949532
-0.012053144353392614
-0.008088298282518254
-0.009122714942538647
0.02151559834802897
0.024108643325657684
-0.0027029976655194134
0.006940751895432474
-0.01569639912904496
-0.002845037261706393
-0.009639331367156913
0.008191801529842063
-0.008853935550849809
0.006161166715949809
0.012119477920808131
-0.003617526531929058
0.004180802580359977
0.007943308172707251
-0.00345167338909183
0.009549995420551093
0.0013250086721598633
-0.019745237751045565
-0.0058131690261246875
6.574608348092715E-4
3.5792077589534045E-4
-0.0199380414558602
0.008888591579545427
0.0011221703038076652
-0.007998577992532384
-0.008788240639403195
0.04347924956628564
-0.0049090806425062476
-0.001597684128803646
-0.006159953524508579
0.0
-0.0076742251357085275
0.005467452638968376
0.02680104823519808
-0.012634876338767972
-0.010040274509964042
0.005943197739475789
-0.018713045117764324
0.01671728852759804
0.019838882145206235
0.005367493415098233
-0.00479675374465192
-0.012871549594906759
-0.0058163995186292
-0.0016868601631504603
0.003609125929254841
0.011758128869971527
0.00393334880037452
-8.979864684903523E-4
0.017368385339301042
-0.007349233338068844
-0.011717407299825483
0.025931458907361083
-0.010370652138691937
0.01181939036307034
-0.002071043654052482
-0.011598743708968934
-0.006073166785837095
-0.01948589565275899
0.00781594565347526
-0.0067293964031768325
-0.006339533931941642
-0.003797466636322745
0.0035960959531708536
-2.8326245614467525E-5
0.01412077617991675
-0.005947904116153599
0.00812129831830032
-0.01331471174051467
-9.371929544505805E-4
-0.010290575085210025
-5.070489365530985E-5
-0.0048399571050984575
0.0034451134193934016
0.008738931673532747
0.011511820871714384
-2.8872363653279507E-4
-2.0755368826393117E-4
0.0
-0.016012330445298397
-0.02826032478438089
5.929905102717101E-4
0.00428809264227605
0.016506328613227903
1.6090815080905423E-4
-0.00863179430962438
0.0019873870288838716
-0.005632262471556557
0.02326221289667905
-0.0016056402768514738
0.010676127368173048
-0.0028819798140851762
0.014101179606340213
-6.055801301317557E-4
-0.0020113332980690813
-0.0050481729989139135
-0.0021978490380646556
0.007474066164972475
-0.010530708459657638
-0.0030325588359671023
0.0010781219333909336
0.009035760578932357
-0.016179238891815502
0.0
0.0010522002692222572
0.01070592860074927
-0.003797466636322745
0.011235742676806408
-0.02508405445405086
-0.013647823927956168
0.011339024877739072
-0.024776412814916583
-0.005335240228352213
0.007981864320508077
-0.0015893961367566024
0.02090579865467062
0.014224838501368464
9.535135433236968E-4
0.022799049565324806
-0.005364759593280205
-0.031042291094436028
0.011766745089108757
0.0029963844478931192
-0.012730547985965096
0.0059292895638230906
1.9348337862541438E-4
0.009477720165255285
0.02311361447737126
-0.016588029157603212
0.009902919858767711
0.0022923478785955055
-0.0034840675400008916
-0.02167726671328762
-0.024872916929213295
0.011381566661970585
0.00788243429487515
0.001761605325504061
0.01686467293432366
-0.006275221720360639
0.0027190856777726882
0.013476246171499921
-0.010916036211559814
0.006805575488229096
-0.007294399205890064
0.028855929338712866
0.004434240348950529
-0.013804764984063436
0.007335519952647674
0.002919518069299463
-0.004207734253974386
-0.015077751155919833
0.0
0.024033197987485343
-0.02456861112490738
-0.012406973068537917
0.022279427014909682
-0.008331083883186666
-0.01094208736894007
-0.004663955208254116
0.019569090079190714
-0.0034114817796533914
9.09566577131064E-4
-0.008644513989056034
-0.011016101654806904
3.7572387076989657E-4
-0.006826133038388287
-0.00750944606859703
-0.002936861315362048
0.011579498261549196
0.02069276697193046
-0.003724416684963236
9.658689746529255E-4
0.003975880435671331
-0.014003876041679643
-0.004943243910993914
0.008905826092708045
0.008777419129228576
0.014494752741051463
-0.02744318704829531
0.011965472250425522
0.024927838440921786
-0.01727115783882567
0.010170937840677158
-6.128412970050949E-5
-0.02666832164287736
0.004732238008160743
-0.0016351539374650365
-0.018845576729392556
0.03159862841458021
0.010230243476544554
-0.0012586029303819062
-0.01812111769617578
-0.018210013123649713
0.014641282836374954
0.018235059774221768
0.0048541767418574765
-0.0018349638114479438
-0.029950725183175833
0.007840135191834671
-0.008237024256837254
0.01181566512679669
-5.394200585757472E-4
-1.1559463182364213E-4
-0.007648429463088089
0.005458321470047058
0.0018010463119782667
0.002906736382657704
-0.006484771672733757
-0.001773001274592686
0.0016576862333626957
0.002404799201739378
0.001876622364710064
-0.019232488014518805
0.02342166221835909
0.00870293893072396
0.0
-0.012533469389377308
-0.007032184550605003
8.237696265412904E-5
-0.002048327170820269
0.01064379628498911
-0.021393275258626342
0.009549095941539472
0.0
0.004624206559659099
0.007380782430368117
0.02069675744708471
0.011382509715969201
-0.017637491911382537
-0.00834110247681606
0.001681411050132503
0.012093793678249096
0.00398534375237518
-0.012004880882068587
-0.012033322215527921
0.0045514834578525756
-2.639535751190539E-4
5.81771824958042E-4
-0.0010002749047023397
0.003348823177531957
-0.010947157402010913
-0.0010672541013583283
-0.005951488722829921
-0.003109022802680639
0.021435377064190686
0.009428746922299107
0.003948187204111023
-0.005162248018048622
-0.024687629224322126
0.009753007767165523
0.004649027413815037
-0.016555524067529838
0.013260169507951683
-0.006634021194785187
0.017609545456549504
0.008147556795684335
-0.008403041355699558
0.014061851711455346
-0.009570256665715196
-0.0024479252094957585
-0.021330738222721538
-0.014059432333214427
0.007211741923401033
0.00872361403223431
0.005072016445461477
-6.840514675682122E-4
0.006092986884511187
-0.002936861315362048
0.0
-0.007497108732165379
-8.011996543723838E-4
-0.0018738264416488445
-0.0014403713525347576
-0.00670973760627872
-0.005782692243446468
-7.012945491649773E-4
0.01705086937011683
0.01277885726072819
-0.011275031710769596
8.374844146756674E-5
0.005789315839220853
0.014616699320694974
-0.02588255189298118
-0.02283871356469583
0.001922179636002133
0.002367540323555725
0.001559764509278392
0.0044766002906300425
0.013581868350687473
0.017029310015610546
-0.01144776643910633
-0.005937186180584416
0.007143427412090189
-0.00853262354023124
-0.027616251051893397
0.021917929199323966
-0.0013082021794017136
0.004988560243411623
-2.4112042431962463E-4
-0.006173078745103079
0.015625336937485017
0.00452204377102134
-0.00435174843183583
0.004956939996755077
-0.009949795003872275
0.00998469556055087
-0.021158204104019807
0.004267992025639846
0.011135920345524426
-0.012452586106621168
0.010714316169643311
0.0
0.008955654017376748
-0.019342243517569885
0.00977890931528626
0.022383087037127374
-0.004073364543562396
-0.009834212257896758
-0.003351243081040394
9.21462574763692E-5
-0.01613533868173263
0.00829270761379164
0.007268501110668063
-0.012694240545378866
0.005354855528424966
0.007021118911000147
1.253354789505605E-4
-0.00861149539220621
-0.01438405170442969
0.004779226729421608
0.019782628834089253
0.004435502195548855
0.005494898147819709
0.009741589851885609
-0.00393308206135182
0.0010903305777208595
-0.00861539331329797
-0.01674651791452644
0.01443062746283893
0.01636676446757859
-0.003010928453306035
-0.0010026733044828972
-6.723879715659622E-4
-0.013395501776718314
-0.015184590673140954
-0.01177524831862169
0.013181480958298086
-7.458179429676963E-5
0.004351133530355746
0.001963164286714311
-0.008432919099895967
-8.042751838047498E-4
0.0056618818449287915
0.005265078670865407
0.008846364845755017
-0.019290397154290637
0.006185966927262195
-0.007768278771954236
0.027669670687548595
-0.0051626373691548615
0.003692882999303101
-0.008606554695097891
0.0
0.00789188252357455
0.007741636762879993
-0.003233069616183807
-0.0017844325476883928
-0.009510689959675312
-0.0020934407428309775
-0.00168587456016819
-0.007828653385540925
0.003181898925113176
-0.013841625630614376
0.006328238205876632
0.022891683775051186
4.54884444693905E-4
-0.005931075472978818
-0.009098331973749256
0.0036676810324150246
-0.005377989327740683
0.014614594645176188
-0.003948164922007078
-0.0032851106281732755
0.020932481537339332
-0.0032575018781836884
-0.0069597563868075574
0.009908051560385454
0.0168104395171231
-0.0169068463239527
-0.009156481266891437
-0.005713875966614119
0.0013010168393377036
-0.01089629511523822
0.004369137845263252
-0.012222846944228219
0.010688345109648518
-0.007534807534233967
0.013883643170420387
-0.0171262487154355
-0.014656142599576465
0.003326933241012786
-0.012467853242323232
0.0018758720612913056
-0.005413711415529478
-0.008233787823137786
0.00917334032441746
-0.01687554594910853
0.0
0.011569655123315611
0.021068553873424926
0.00986368968661344
-0.002908710045036547
0.0033347028172226777
0.006393704700906777
0.006307959038092706
-0.015409945341521878
0.006586138945515991
0.011530646556946475
0.016465717243237372
0.018504463794925027
0.010240154344082746
-0.02259057271150261
0.0025115274914386506
-0.007912271930949857
-0.00396021465196966
-0.007162343110448683
-0.011593881297824932
0.010615987106689253
-0.013245788330261025
0.00944593796931748
-0.010854762951462907
3.4309147681619743E-4
0.007639257588263074
0.0035103459128088517
-0.007854822512961209
-0.009720699987567569
0.008135795508011589
-0.0021927764371530824
-0.012070724601724507
-0.004805671166872105
0.013226193108794294
-0.017679547405664322
0.022060660545632986
9.34182575993046E-4
-0.009769251981214047
0.001024037195952876
0.003099262081684282
0.016469812886517634
-0.011544754528001258
-0.0034991626111976915
-0.034222188597761334
0.0021983465908587364
-0.005637875948234421
0.00718975634525707
-0.005173408496432967
-0.010485206556470957
4.1988903672368627E-4
0.025970035626433716
0.012067214440190677
0.0
0.0
-0.010782237936123713
0.00737550185100046
0.011050128716412864
-0.011040210044257731
-0.009067811996200966
0.007493060858447503
0.016924362016665893
0.0026582165449015108
-0.010195060402011886
-0.0016547131097144861
0.0
-0.012219378515513078
0.004891484256602482
0.00863641803371084
0.02825939708363953
0.002336701663639958
-0.016767550482569598
-0.005187088627064139
0.00433332916935809
-0.004230066384324488
-0.0028621892244984288
-0.01692141105478757
-0.019367161215119777
0.0029017832222472586
0.01753186793864352
0.005014951984282422
0.013542539404683432
-0.0015024764882061053
-0.007662752816133397
0.001550649918970616
0.0023799807484794224
0.012633133350956451
0.011537511389798544
-0.014097537751009595
-0.012906447022355326
-0.0046228637070456526
-0.0044855198717393355
0.013655262562660381
0.006033686853820388
-0.010811978080397348
0.011018581443805669
-0.0037662723548720386
-0.0013475023686016054
-0.003912251399606074
0.002322046303369467
-0.015180525544199469
0.008433343095876782
0.026227103548373303
-0.005288092254920197
-0.0014658819744478018
0.03007772696041926
-0.009448563895760556
-4.601507780467428E-4
-0.0047727218378505396
-0.012033911217094944
-0.012874530310786544
-0.007165864524494314
0.004285652846965279
0.0
-0.006330105030254569
-0.0075133949176892974
-0.0025438187684894455
-0.004805671166872105
6.840896589511655E-4
-0.012450477961088323
-0.006631090185283656
-0.010547062835993848
-0.0199192886389512
0.01314190857403199
0.014790931878948307
-0.008031448155187073
0.008179105736336324
-0.005678239617233079
0.011550211403007023
0.0
-0.0017307284290363724
0.01626422878864453
0.016636911362101416
