-0.005640864884869927
0.0043574204969660055
0.0021268718834604253
-8.434274955564638E-4
-0.00989060315059592
0.012141972928393887
-0.008083917397048068
0.005832547619250024
-0.017063882938975008
4.869082892158313E-4
-0.0023432853615121315
0.01892026001127134
0.013104800710548793
0.001074762936353547
-0.009930219504015583
-0.00424934414288678
-0.012863536276952659
0.003951667979550621
-0.011282471671885601
0.02019433996928761
-0.0035507147281187406
0.008871362223358346
0.0010608194941883814
-0.006381466989427998
-0.012692175439028001
0.0017449692366255064
-0.004872698805175987
0.01581990500757848
8.695399973351649E-4
0.00510761782131151
-0.01059037496750842
0.004613217148861733
-0.004012623108231595
0.006328805677987921
0.00584522442884784
-0.00816140699860419
-0.0028925956612016832
0.0038180294733916147
0.012167000237237643
-0.01309243404942755
0.008158533929814053
-0.015464518618828025
-0.007882540487313822
0.015188525176327818
0.04266798593114225
-0.045512175327838494
-0.034822415759256445
0.03766660515595274
0.05271549540785708
-0.06371878441536338
0.02973848409911487
-0.018735195091608644
-0.033859908878330874
-0.03862146211183175
0.024264342420415298
0.048217028569747356
-0.02584639401850041
0.029521944065915486
0.004136949952584894
-0.0078125
-0.05317440185468157
-0.0173679960238875
0.07619500514337883
-0.005652607264809783
0.006955153135824482
0.013961529054303482
-0.025185603419360957
0.004268921229232978
0.026783776183915385
-0.009241008668092847
-0.03372056505658549
0.016177797540762942
0.01745615120468081
-0.022082092291757116
-0.03594651021792974
0.04057245130500602
0.004321556252271385
-0.0033002555401694966
-0.008826200240335723
0.007804899528233871
-0.0012926285481211766
-0.0019007760494878703
-2.6153396310659924E-4
0.0034549385607155906
4.904013344676729E-4
-0.0035719241707124986
0.0018794819943467348
0.0012020408418981065
0.011615231385550453
-0.006908654657233002
-0.005642619312245307
9.360425839278043E-4
0.008979859345746796
8.84279907715362E-4
-0.0016916778728323012
-0.008172461380629863
0.004231039903045673
0.0012425895201503478
-0.002349843194721352
-0.003123786228474623
0.01045199191057524
-0.0025610112700377797
-0.007616291962692595
-2.746886778449047E-4
0.014456952515649813
-0.006981266112055223
-0.01392937604963499
0.0064536896460404385
0.014032830299261658
-0.004668332296678946
-0.007689274196658822
-0.0016752238059239422
0.024327389304422783
-0.01347450239988333
-0.014014387523220016
0.0031615006186805255
0.02352179420958077
-0.019476579341016244
-7.928541692623636E-4
-0.0032523606993021853
0.007002303208528806
-0.008343104132928103
-0.004366342512454974
-0.01570085947407058
0.005109211350915806
0.01093285091750349
0.011864797773453251
0.0020031517425749563
-0.013310641733400776
-0.0059131745287678335
-0.009161285050653035
-0.0014201302395614544
-0.007894803720660067
0.010487477590310103
-0.0015531564005622917
0.014622840324902752
-0.004310005013411405
-0.002707293318959324
-0.006424681829492512
0.018654044633770676
-0.009275361732816803
0.006174766681051268
-0.014146685806771267
0.006822873782300186
0.020551795234235025
0.015124482355462819
0.010142975021755714
-0.0055574354291700505
-0.008550288794618098
0.012642472089375589
-0.01547029723934621
-0.019313940136399612
-0.004025811858150234
0.00955998036009828
-0.006974584530272241
-1.0739995448441966E-4
0.004778269946906592
0.0031869822187488815
0.011256473736691294
-0.018116367160679596
-0.0014695328703233854
-0.025983022981936103
-0.019610795688758873
0.026270189125767014
-6.06661047631853E-4
-0.001388654946915432
0.015936709161317644
0.009421098373082859
4.638497384481679E-4
-0.004846024317087784
0.012235325849869728
0.0
-0.0016350824783412654
-0.012505584728835624
0.005334257222598421
3.5741946309432275E-4
-0.0031459813008698507
-0.002923353247069339
3.221838671011411E-4
0.00799981006914096
-7.451418677856718E-4
-0.0030118917208350696
0.008271821064012067
-0.007015035108996684
0.012906970744463123
-0.011405992576604285
-0.010469554343262544
0.00809891225081904
8.435800100466528E-4
0.0032732562799183997
-0.00516532801509571
-0.005287949683746274
-0.0059497532864348675
0.002611809170958522
0.008262187771308563
-0.010454526678182216
0.007112959947275356
-0.0048800909368398
-0.007001269180828301
0.007614185375608424
-0.0015963816526398111
0.002835743587088306
0.004718129724540275
-0.006980454572324441
-0.024664715953240365
0.020825416392626212
-0.008810858766007654
0.020439173415089818
0.01305570224440969
0.011235814165613435
-0.006207090158766894
-0.0037755833252845305
-0.009834944416041297
-0.0163339263955738
0.02118143922909619
-0.003945490590191222
0.0085500284545694
-0.005687228319145603
-0.00844911643731381
0.008211955631531024
0.012456755228467079
-0.012128392085812224
-0.0012048006226535605
-0.018818630922311747
-0.016844317106616134
0.01814444620013816
-0.013728069917684285
-0.005878981026392799
0.013427505438021212
0.014999493795817855
-0.016650034831539706
0.0155154691238771
-0.005709110907153655
0.0019614153063454974
-0.008668761073930803
-0.005380438755956729
0.020303579265199132
-0.02134265408557041
0.016790248313978257
0.002978229518328209
-0.00876098028848895
0.007877255995468357
0.010911272322232175
-0.002842471443790363
-0.0021920770112877396
-0.010911603558075078
0.014561386481912214
-0.0037427424599600773
0.009485882734830132
-4.799542095786785E-4
0.010854689021141263
-0.005709110907153655
0.006377672627620199
-0.006994967639500317
-0.01180714792793319
1.2838093749722264E-4
-0.018123483917456596
7.072712357341273E-4
-0.014166339229449564
0.008713249781205152
0.007728906141279931
-0.0016202466892162991
-0.0032759709874293818
0.001117286089434644
0.005188953225691564
0.0020638775371636547
-0.0027046685953911517
0.004391036383008437
-0.011812933242745478
-0.005712270734665438
0.014453044124705381
-0.006300213646132482
-0.016085249605771366
0.013914450462421726
-0.010285639941344425
0.014065699994915394
-0.004735845458413641
-0.003239995754089089
0.0061464256306627395
0.0011402379092000062
2.3337252807374698E-4
0.003405339195040385
-0.026029000558837376
0.003890940398592988
0.004519546547497311
0.003952806094199576
0.014782693109822824
0.016614279780658762
-0.007961210455234768
-0.004183430816103692
0.005488724857803235
0.005894216430624776
-0.0010326940881816256
2.395580582918136E-5
-0.006770482811685054
-0.015172341379612413
0.0031506801178514954
-0.008302301487152264
0.01713120053593329
-0.0034661352086649915
-0.0010116340348263198
0.009193575565287524
-0.012424585474882439
-0.012883483150249595
0.004413720732610988
-0.0011670030156524496
0.001032303981681866
0.0078125
0.00680077987022176
0.00239056242983271
0.006292282593316386
-4.220344403662625E-5
0.014609377157679036
0.006514582271001088
0.006196236606894025
-0.00926130742912722
-0.0016680990145024018
0.011482756183223947
-0.01220244382091512
-9.252523123333273E-4
-0.005754947092404832
-0.002477871033994502
0.0026685364228970767
0.004816502106348278
-5.452456502245875E-5
0.010003840449072814
-0.006816715214480858
-0.00402587000378672
0.016843884098172293
-0.00894291459517052
0.0016399009302746066
-0.01146821853573067
-0.012881779027795345
-0.0014301755624018348
0.018708426681510425
-0.003957328805991901
0.014019385465821592
0.005473441241379083
-0.016114777482786405
0.0016259546072983008
0.007309098048353751
-0.010929240277543883
0.004402332105491473
-0.0032232259545274334
-0.020574072120491692
-0.006050148551995594
-0.017097316665248555
0.0059653140918841056
0.015457675621589635
-0.02339416067463939
0.0058312049608697306
0.011376567958579747
-0.01627882658032975
-0.004935353180098111
0.0036495587359896137
-3.663293068706438E-4
-0.002352753126024229
0.006893834009966754
-0.0023176988854723152
0.03426228420827511
-0.006853679118631481
0.009720717337394293
0.005554130144207957
3.3997810193565567E-4
0.004890758811221588
0.014279930144540208
-0.005595338683290373
-0.016021074480114923
-0.0014048234000287492
0.0076636805718408064
0.0017578123200438387
-0.005624415066991209
-0.008857389885725691
-0.005001556109216813
0.010796971338203249
-0.009895046168275135
-0.0015351722884437207
0.0038903519861866564
-0.010300163482525188
0.011970493801510412
-0.006433054630814505
0.011394357080249471
0.007392189972931552
-0.011111255961137252
-0.0026752394667859513
0.0024320695802992212
0.006943805393618066
-0.010407684491003303
-0.010170193847444775
-0.016406855076613696
0.004340315153020342
0.0078125
0.0047100408705873075
0.0023260294576271587
0.004960094078372176
-0.006197608016073171
0.005866831745160189
0.005075627581561249
-0.006392049940266936
-0.0036120592957315724
-0.0020486575391713466
-0.014522591370762965
0.003126236330396725
0.020186861717712248
0.0037327826383104466
-0.014758835890371998
-0.013557873221691271
0.015056838833892415
-0.0030899337734136283
-0.001005068481353145
-0.0016684259869006362
-0.0036557833652743257
-9.638337230971324E-4
0.0033656000599963974
0.002244139038224671
0.0010779922240033435
-0.0020913427226475264
0.012020850846544872
-0.01658364804565727
-0.0013847300820959505
-0.0022813535045286327
-0.005383505143388415
0.0017702906193686248
0.006346280368333155
0.0014014017618923444
0.003556987919094143
-0.0011014592094051143
-0.0078125
0.0031720895265502876
0.003293342245174586
0.0032378547447180594
-0.00873640844416406
-0.013766558472533504
-0.0013639311449224027
0.016986584286928882
0.004208794674268577
0.013480017987352157
0.007830539587304368
-0.006270588536308671
0.0020781730433379634
0.01328732200829582
-0.0037605152894260915
-0.005188927260577531
-0.0028515428876698945
-9.555641985786959E-4
0.0029072307421650076
0.006557940232613283
2.586941053552166E-4
0.005268696655378458
-0.010321637146483702
-0.01769902255482469
0.014642008445471168
-0.014555035505328488
0.003580677169584905
0.004156716634725674
0.0011222441211808248
0.00730551406758277
-0.004343650564556891
-0.002702841301663505
0.0013830107164364645
0.0069305416441120555
0.007448124659031165
0.017493964283681357
-0.008743703619842873
-0.011107401366866342
0.027832839524034092
-0.013888535935487695
0.0036452315939272933
-0.004706435569450758
6.301242996512345E-4
-0.006711167686803368
-0.011594252520426654
0.0031822691729252103
-0.006423855660293838
-0.00969316221010349
-0.007647049503666212
0.009079403278079663
-0.001653990310233569
2.4367267060032978E-4
-0.0091026877272877
0.011647283326014392
-0.009639590222016877
0.005865195924949337
0.0026000889363395566
-3.6739994953931265E-4
-0.0029068645089896927
0.0049738040845705225
0.01090370219284005
0.011558528257718446
-0.005552569450634398
-0.009882193492558105
0.008637487959163252
-0.015594214582429291
1.561179969378297E-4
-0.0024546893485428503
-0.010825870589035433
-0.01986388751915346
0.007963406715209752
-0.0056300617565989836
0.003812686574931721
-2.4007972142528478E-4
-8.082301326674405E-4
0.023968932748511293
0.008373169351144965
0.010545447688796929
0.03105332707109852
0.002281283540707682
-0.008546424794080886
-0.002641263071274623
-0.01696402028621795
-2.002767931203256E-5
-4.5527992810661267E-4
-0.001614461039598312
-0.004665340102647766
-0.006385830034605184
-0.014801493088051369
-0.008999701736061426
0.013626936646704318
-0.005105328626379282
0.0
-0.014521955279596285
0.01839653375382918
-0.01610001263976587
0.011685600306716714
0.014843194840682965
0.00991051289511725
0.011242719836849253
-0.027138944484749027
-0.007417486452482956
0.0016349543212576805
0.01326488511846171
0.014358534851115682
-0.008686566825530264
0.010453249253073116
-0.007086941813473054
-0.02309330844488059
0.004598095274609134
-0.013928183849845
-5.020581471414888E-4
-0.004223162182249596
-0.008036314728377424
-0.0016643888109868048
0.02079358666764117
0.0047421357424663226
8.38705529008753E-4
-0.013685633239982413
-0.0056629456719415935
-0.012842550939046779
0.0018466383126942237
0.010356245648964044
0.004696465831717995
0.007800665757293479
-0.010826816620106781
-0.00818236139721366
0.0027742368986814966
-0.0036340096271048976
0.014540803776706475
-0.016241603311920694
-0.004562344021145963
0.006758850383939186
0.008549614563652278
-4.6918281547378253E-4
-0.0019541488646912875
0.020262002897516916
0.0029694426586457275
-0.013302240097768144
-0.0018283159667556981
0.0209659765506173
-0.024307442962751273
0.014686598470113357
0.003642495779214574
-0.0042268802228736585
0.00767701499192696
0.0030254062929113658
0.025803198554030314
-0.009166304260999599
-0.01107773106832546
-2.3773194016618072E-4
-0.008962261151851614
0.008731173812825073
0.006005862212115862
0.0010624259258049992
3.6816099300408973E-4
-0.012154445427643617
0.009149427064671443
-7.730455759355961E-4
0.005092348838105492
0.005237690490896053
0.0011415143829366634
-0.0154364485280955
-0.004584963918642607
-0.006079601450206753
-0.0033883105656133602
0.009918266370389029
0.0029877032193284248
0.01793627577992834
-0.007202756603262268
5.339554419990407E-4
7.914072569181318E-4
-0.010215844382105039
0.009379344847462582
-0.011992288695847113
0.015200630562112016
-0.01223131411314772
-0.005826135343252246
0.010269437500953727
5.396604526178451E-4
-0.02216816444716561
0.004034388120959257
0.0017311694826767847
-0.0019314985522852152
-0.004572098504127176
0.004189833063074034
-0.014432554532349519
-0.008253844521149283
0.02547305971195922
-0.003393617657252312
-0.0012318895571691003
-0.008244680375830326
0.0
0.009881839833197757
0.014300765003972014
0.003243087409555938
-0.00629150079575238
0.003784660764620036
-0.0058792733472134515
-0.009802818879188858
0.002573310886892232
-0.0029404867417093528
-0.0017267628386522446
-0.003721625428701296
0.014062208872093081
0.024577909157421685
-0.016524425370875517
-0.008344720541641868
-0.008881051952773859
0.014047520960350623
-0.004747970996102396
-0.00918014535352409
5.699700304374082E-4
0.01935453700776068
-0.0185511880830975
0.0013921982550499446
0.013495247623888637
-0.0078125
-0.009449547261186119
0.003849035754821171
0.0021925076612396206
0.010186292213986233
0.009135779777031991
0.001003074774400303
-0.007450912900609399
-0.023804780926718228
0.019734527428565504
0.02689530249104598
-0.010665888723151667
-0.010290999688359202
-0.0017830646248306126
0.02011379852016041
0.01696124829059089
-0.01936166164288799
-0.0046229074695551785
-0.013284824839847009
-0.006436177001834167
0.00842619574005251
-0.01033037983496525
-0.020367808653446784
0.015625
-0.0021818107312475406
-0.00814267020847921
0.01463823819963446
0.001218673305778471
0.011240730175990078
0.004313490708028551
-0.016996234972205978
-0.016266861275809924
0.005392884654413894
-0.001883609474747255
-0.0027675582058758388
0.023926945001727665
0.0025418887108969255
-9.54035442406102E-4
-0.0013126855274228286
-2.227158108497193E-4
8.373185123121511E-4
-0.004412929974803687
0.006111458364160469
-0.017098782904866654
-0.020838790824495343
0.02012592247016053
-0.004566568807183256
-0.0055364645384102925
-0.004156199389662434
0.012628489738434206
-0.00506509994543892
0.013757788370970792
0.05899874693314897
2.2142459239246626E-5
-0.010171328799314788
-0.00311727477071608
-0.004596855288106331
-0.01464003772739601
0.0018919006978854042
-0.0013280685535979426
-0.012858716149617125
-0.0011169484780778442
-0.012649446284330677
-0.002397029036085521
-2.227158108497193E-4
-0.019446868660947417
0.007250459676885381
0.011489444130678778
0.009670922358923868
-9.847554767499268E-4
1.382537515637384E-4
-0.019926172819040668
0.005769420611175339
0.0026451571536735444
0.010757842445678747
-0.016741463961347423
-0.00146784740081694
0.019885786934371263
0.011413937324099007
0.00863297684366349
-0.008186253057803758
-0.01886749946814298
-0.008509641270629429
0.009587365504773723
0.02988270733919958
-0.01961045270460758
-0.01769041492728981
0.006883636963594016
-0.012574992982045152
-0.002675013520434545
0.009651399858466018
0.00970376711427464
0.004880965540118139
9.415960522024735E-4
0.0018753439973961672
-0.007754712593895656
-0.006840823867340857
-6.865565529511654E-4
-0.007365417642131188
0.023545968162682528
-0.01309641043841369
0.0020640232017573807
-0.01347134159822393
-0.0014337475432562902
3.4004079836299096E-4
-0.0043521751712016195
0.004908554574171017
-0.004223994668386735
-0.009482494771684944
-0.004794518943134676
-0.011479598259520668
0.008488164737999685
0.002452292116891858
0.016103945574561324
-0.0013729193039614456
0.016257745644612177
0.07986234146286772
9.280748376392436E-4
-0.0060361216771028766
0.010701671569454658
-0.0022700192630469487
-0.0014933631622702595
0.00444118744215867
-0.019186847537202338
0.002123666107129283
0.003741860911902751
-0.038448004465736645
-0.008612354126560178
0.0
0.0034010689849872542
-0.0029844045226380457
-0.01801022263176823
0.007512749468109741
0.001677421892123746
0.006955363789450582
-0.02720792201029722
-0.01413784349853022
-0.017098449745362107
0.011239766508233799
9.744574702999029E-4
-0.003084425961181081
0.0038275497315893095
0.004695971019355077
0.021770602786437884
-0.013951023229646493
-0.004535186708223381
-0.00238155270387338
0.008278002572685801
0.008813934739582195
-6.271491549159781E-4
-0.016338823980113222
-0.010776054386553869
-0.004733773725656345
-0.006460279098333032
0.03505206298547585
-0.008942094596125275
0.002642111686922692
0.003455350482630944
-0.008586427930824706
-0.008350797461085096
3.3997810193565556E-4
-0.01939121492246034
0.00943762839786141
0.016583008374345277
-2.227158108497193E-4
-0.008186253057803758
9.716761326591427E-4
-0.005360207883108142
-0.0069339844036596186
-0.01158142066269964
0.005422572971331581
-0.00980414701245257
-1.4292401529711948E-4
-0.017754653295814733
0.018485090132877618
-0.010585031361602448
-0.0031025762508226718
0.006377858551646624
0.0078125
0.04979274114192324
-0.0013014932987292713
0.0078125
0.052571702153454115
0.036883601004985084
-0.008186253057803758
0.0
-0.002973393606601285
0.004951741181448298
-0.0028789001008879024
-0.005566765669963606
-0.008778966396523216
0.0027767264322683515
-0.0078125
-0.0078125
-0.002995398303949519
-0.014022114406555063
0.0045359954777058524
0.00781576551497981
-0.021074454927308684
-0.019352926956270097
0.006034998192875207
-0.01968931797025217
0.020028006170361157
-0.04300719906164923
0.0074549761836046275
-0.0078125
0.03147464563099224
0.025038468092603038
-4.5973394650606226E-4
0.0
-0.02200799557349953
-0.014490902155474671
0.0020539126423115856
-0.014588363294774118
0.02270877331910369
-0.008635894849067382
-0.004777717818500505
0.015893248091725536
-0.004862224494160147
-0.012983197948756617
0.007044069049475807
-0.010068839089799636
-0.0180715338019957
-0.0027570674020091215
0.0
4.255562172132991E-4
-0.006211216874937163
8.080494914026147E-6
0.0
0.0
-0.007505779894502771
-0.009207841484030737
-0.00955684715714637
-0.004492370619632261
-0.004410982830217831
0.00431272651294662
-0.016241763106347156
0.0035423077312186253
1.8972676271395653E-4
0.02439389978376455
-0.009768651938382928
-0.00408018302254722
-0.0038165649125140536
0.07430892933063031
0.0
-0.004718286686069491
0.01000670150735766
0.0
0.0
7.562753368301834E-4
2.836268833755081E-4
0.0
0.0
0.03848719163489987
0.008213049015846482
0.0
0.0
0.0
-3.1306228438313793E-4
0.0
0.0
-0.0014356219254582922
-0.015050197915117134
0.0
0.0
0.012772128451013262
-0.021060568949172156
0.0
-0.004862224494160147
0.07042996745177783
-0.05778633771823578
0.0
0.0
-0.01766512242304672
-0.029060806892964204
0.0
0.0
0.0054881254182560235
-0.010109743392410648
0.0
-0.0078125
-0.012093297028544616
0.0
0.0
0.0
0.01481367040835835
-0.009999798213171075
0.0
0.0
-0.028429515564415794
0.08569404247104263
-0.0078125
-0.013171669524340263
0.006244195473421777
-0.011113411833970506
0.0
0.0
-0.020504003477660397
0.009036876672326477
0.0
0.0
-0.028643495261525268
-0.006387680403374992
0.0
0.0
-0.005980267741921216
0.05178426100543582
0.0
0.0
0.0
-0.013171669524340263
0.0
0.0
0.0
0.005578412280150023
0.0
0.0
0.0
-0.02626665163414063
0.0
0.0
0.0
0.0
0.0
0.0
0.0
-0.0078125
0.0
0.0
0.0
-0.019068896718361577
0.0
0.0
0.0
-0.01174006539347017
0.0
0.0
0.0
0.0
0.0
0.0
0.0
-0.004862224494160147
0.0
0.0
0.0
0.09508733423351078
0.0
0.0
0.0
-0.06596076731893535
0.0
0.0
0.0
0.0
0.0
0.0
0.0
0.0
0.0
0.0
0.0
-0.05207490572938373
0.0
0.0
0.0
0.1081044342991311
0.0
0.0
0.0
-0.0078125
0.0
0.0
0.0
0.0
0.0
0.0
0.0
0.0
0.0
0.0
-0.02584639401850041
0.0
0.0
0.0
0.0
0.0
0.0
0.0
0.0
0.0
0.0
0.0
0.0
0.0
0.0
0.0
0.029521944065915486
0.0
0.0
0.0
0.0
0.0
0.0
0.0
0.0
0.0
0.0
0.0
0.0
0.0
0.0
0.0
0.004136949952584894
0.0
0.0
0.0
0.0
0.0
0.0
0.0
0.0
0.0
0.0
0.0
0.0
0.0
0.0
0.0
-0.0078125
0.0
0.0
0.0
0.0
0.0
0.0
0.0
0.0
0.0
0.0
0.0
0.0
0.0
0.0
0.0
0.0
0.0
0.0
0.0
0.0
0.0
0.0
0.0
0.0
0.0
0.0
0.0
0.0
0.0
0.0
0.0
0.0
0.0
0.0
0.0
0.0
0.0
0.0
0.0
0.0
0.0
0.0
0.0
0.0
0.0
0.0
-0.05317440185468157
-0.0173679960238875
0.07619500514337883
-0.005652607264809783
0.0
0.0
0.0
0.0
0.0
0.0
0.0
0.0
0.0
0.0
0.0
0.0
0.0
0.0
0.0
0.0
0.0
0.0
0.0
0.0
0.0
0.0
0.0
0.0
0.0
0.0
0.0
0.0
0.0
0.0
0.0
0.0
0.0
0.0
0.0
0.0
0.0
0.0
0.0
0.0
0.0
0.0
0.0
0.0
0.0
0.0
0.0
0.0
0.0
0.0
0.0
0.0
0.0027722537225675957
-0.015065265204878272
-0.0252563903723709
-0.015625
0.018265825235907238
-0.0515467914065413
0.03567001750109373
-0.01975704735434715
-0.010993522703526661
0.06854928202711094
0.004118808417298746
0.01452043740249587
-0.0030894031191236876
0.012024303638612144
-0.039718038965382514
0.02513053118108428
0.0
0.0
0.0
0.0
0.0
0.0
0.0
0.0
0.0
0.0
0.0
0.0
0.0
0.0
0.0
0.0
0.0
0.0
0.004920186275293424
-0.0021479325527258286
0.0
-0.015065265204878272
0.0
0.0
-0.01481995213464548
0.00518856176227458
-0.015625
0.0
-0.0078125
0.0
0.0
-0.0078125
0.02675865163819452
6.946071812148364E-4
-0.00918743358350212
0.0
-0.01675099774992592
-0.029159124722746205
0.010771841284668845
-0.016408510218538036
-0.02033371698370514
0.04944091096137203
0.0055910371581408165
9.717863652860112E-4
-0.00691808164195757
-0.02579429732007614
0.009015699061094843
0.003939632546591722
0.06273982345912812
-0.031065233426764007
-0.0025807461738210137
-0.0400873665620698
0.0037444167931187725
-0.002773338497378163
-0.004375336104459469
0.07195353983582976
-0.020933344924094724
0.019366960791119832
-0.0034035229724062093
0.009088715522679838
0.023594512914555468
0.020564505808282445
-0.02393802035297791
-0.005700560967364148
0.005400385808070694
0.0
-0.008489788927194382
0.0
0.0037866299962132795
-0.0012145348105555768
0.0078125
0.0016397084529544423
-0.012935603794803541
-0.014348041729008543
-0.008535960747036445
-0.003898432694533989
0.0012635528037668788
0.014923280539050267
0.004303980025614149
0.004639717812652982
0.06072096825792659
0.016742602417754156
-6.182513662398009E-4
0.01805354159595242
0.0078125
-0.027488344007671014
-0.0060545742870195905
-0.004640207950858564
0.007816855941172712
-0.015291898071958552
-0.0032154708926279375
-0.00464726938581031
-0.02041745099077299
-0.013912578947023743
-0.00169395658242656
-0.006211312594572333
0.02845238996546983
-0.007530208870481136
-0.02378982818964113
-0.0063523038659414385
-0.03272047460179134
0.008728233135128865
-0.009687257319912821
-0.01453276444898292
-0.001174502811520331
-0.0019631206600309245
0.007001510835906335
0.010345117815854295
-0.002797402132683164
0.02059692867155188
-0.005398235522764051
0.0447834470541415
5.792916187755745E-4
-0.0318382984752524
-0.044693561578208356
0.006929950597436313
-0.0052701759290593965
-4.332509783229544E-4
0.04829732039572391
0.01705449829741635
-0.010529503416340073
0.01864068392964323
-0.025190592269226524
-0.0048940348053784785
-0.0078125
9.756421087858988E-4
0.0016890889935517643
0.011309838091094197
-0.007187775288092075
0.006732936483426582
0.010582322881030268
0.0
-0.0078125
0.007635318501866953
0.009693088665913212
1.7758185947642363E-4
-0.003485738032465902
-0.0064437253295325765
0.011822973220476719
-0.012511851124747165
0.011282168624061334
0.002766987800358606
-0.004691087202465128
-0.014291779830074243
0.03727867461792667
0.02182466265496054
0.013566990145392078
0.009894547135800642
-0.015071281722695864
-0.010094936173249247
0.005778317278384249
0.0034949321730080507
-0.0015376884057965385
-0.001040484653935022
-0.030218861440505156
-0.025722283752822293
0.0
0.010162256659742979
-0.012001994992481568
0.020470926660185875
0.004037363892325636
-0.008772466662462456
-0.01825493814523762
-0.015000609615476293
-0.005300975260239656
0.004463986196994018
0.0050420149056713826
-0.01576306919142389
0.0016012098036873122
0.023575245925982688
0.026067881790437092
-0.008995760065402383
-0.012260105726527193
0.003088143880201597
0.005036197411771215
0.002194872191605673
0.017886562587191915
-0.01407768020809472
-0.018135223151237136
0.006953452452986347
-0.026307274952915516
-0.009337437880013849
0.034206924104396685
-0.0036202714033461486
1.5343499739260517E-5
-0.005336097162196192
4.2312501813121707E-4
-0.00468395046114569
-0.009339275212898243
-0.005579921425278737
-0.017920599809175625
0.02113175894727095
-0.004945334685408993
-0.0078125
-0.010457018438047163
0.003469668624061334
0.0052567873314765465
0.0012512301518825706
0.001325438675127624
0.002593523475185903
0.0014687777760824254
-0.009041744194366376
-0.002207934480264024
-3.132894155559987E-4
0.011538772710323612
0.0034274873496627067
0.008923480887300998
0.011700451773301793
6.030449847208472E-4
-2.255485575494917E-4
0.02624537148690951
0.027634398497954377
3.7515641950120956E-4
-0.011006190546616475
0.008677088517924179
-0.006884038606405554
-0.011532867231279453
-0.023704146472662616
-0.009703805878983056
0.011660629993795277
0.0
0.012174682021806204
0.007888210293331973
-0.014745833717766145
-0.0027582664169738145
-0.015562280540732866
-0.004611943343264077
-0.018490254303403734
-0.005318757281453928
0.00841003403020362
-0.007269336200208639
-0.009539098252927555
0.008792252509550735
0.018247249568336253
0.016921294439993625
0.0023918984456993402
-0.0022558705795882672
-0.014406969818116452
0.004778978638334376
-0.0014110231872057418
0.019884505536842893
0.0076932196998108085
-0.0073209609430835015
-0.01870912161985774
0.005042012483676929
-0.030795398579525696
0.04476006928738295
-0.010849763276049086
6.321262103863524E-4
0.0060386210779921744
-0.018313680102604226
0.005707143702024817
-0.019795714160174675
8.249879591632513E-4
-0.008971347734882151
-0.011773209759032795
-0.0015492709511696788
0.005275543661493291
-0.021599380939425435
0.0078125
0.0031586256704561047
-0.006120910481458722
-0.003789874849881953
0.01785012612521311
-0.015380846522396994
0.017866697418206276
-0.01333500175179101
-0.005113765646603257
0.01881124077978057
0.023389633510162575
-0.014617214882859126
0.027914350165280273
0.002329989869409785
-0.0014279053238602313
0.009209775765017063
0.006068152842853629
4.77175713616336E-4
-0.009049978892820741
0.005780857930620253
-2.712048839411188E-5
-0.003558634202249322
0.013484331950323447
-0.01984518437709573
0.002632572890158088
0.0
-0.015617004229760928
0.014580266660097657
-7.157398556438275E-4
-0.004822903744943592
-3.665848672080828E-4
-9.292662875399364E-4
0.009375792191871919
1.1134021485398283E-4
-0.024179157790853768
0.008996998249490417
-0.024441646250887905
-0.010463717495538271
0.02180157028907538
0.02225935576827962
0.008780738193399813
0.004788629640679776
-0.004740297015514528
-0.0185054178012464
0.009034311165912069
0.004467732863871588
-0.007698967428955421
-0.006939751987318424
-0.007318348481337093
0.0017117488428165725
0.013993688146148223
0.013392079465936686
-0.010649094863029392
-0.003917545760342102
-0.010353416734722815
0.002751335370798764
-0.012911566169118503
0.0078125
-0.011878777944549548
0.004289297271847607
0.014422887167618127
-0.004848157149571302
-0.0023405981081371144
0.003948411297726045
0.0
0.0055592599198740576
0.01323710936968889
-0.004349322490728672
0.007535286874181313
0.006056860490585141
0.013964472631966067
-0.02128574048070908
-0.00965696632791706
-0.005213877868594971
0.007599591778468688
-0.01147421236082916
0.009072781952231036
0.008686915929048205
-0.004644352501089929
-0.007229026917754948
3.1312532856315415E-4
-0.008870683363956553
-0.004359128937677225
0.007872037831953203
-0.006476281258480272
0.0010977301252311973
0.027505500878957635
-0.02662924979791219
0.0033151875816081026
0.01355942866596403
0.009892344267698692
-0.004774321319213464
-0.010551855061060806
-0.016346856128893795
0.012557716145024635
0.005711028924747251
0.005937635750282862
7.759450170716949E-4
-0.00435876648098678
0.0143420673159755
-0.016757585019897818
0.002961143071415995
0.024439232851964622
-0.0043727683805430346
7.930056124811078E-4
-0.008871573468260816
-0.031071294453927697
0.003445269725557785
0.008915023468500635
0.0182037880139872
-0.020945119892685198
-0.0034934597132241533
-0.005648245375622403
-0.005009344988805611
0.0023124499638457674
0.03444577855735116
0.0071480746042507474
0.004210936095061466
-0.01376044087838342
-0.001947525173703197
-0.00462320376170128
-0.005698283338705458
-0.006368147432134966
-0.006179815775736484
0.007091025133099241
0.0
0.0019656041524120835
0.0023538364594043997
0.0030678111602683218
-0.004547798914382707
-0.01399342353087623
-0.002538425277613346
-0.003556839688484033
0.018394147331446047
-0.0056523836069367756
-0.022719142828770023
-0.0011326871258695434
-0.006930262660670465
0.019571554797561834
0.006071097057236249
0.013101851235989788
0.006336202973275977
0.0055007345796126055
7.482724894546412E-4
-0.002041362228201609
-6.14275196505386E-4
-0.00579757618771809
3.0295358929877114E-4
-0.0049572543014137094
0.013482755890669237
-0.004441499875267841
-0.011134109823414425
-5.647674388144217E-4
-0.0032058784887806914
0.006539556897984975
0.005984893829910054
-0.005648245375622403
0.0018611003234368997
-0.024200002149007097
-0.00879227168391052
0.013479291259407541
-0.01587096675206591
-0.005126420398191895
-0.0015024293881813035
0.002100947552744639
0.014108427817027817
0.009328451259179393
0.0026950144675131635
0.02798956488394616
-0.003616519855080127
-0.02121792646311269
0.010936951943622673
-0.0057451369880412405
0.0012688102634285897
0.00961863115601397
0.007041155128868915
0.008735360074843235
0.017329224436615283
-0.0066455529805577
0.02227240312028515
-4.2416533074066815E-4
-0.015399517781271549
-0.012041446853248011
-0.020096160395819938
-0.008131561150588955
-0.005438317845051936
0.006303749204184426
0.009163801147912971
-0.01167693020052708
-0.011497008971101348
0.008962133280790284
-0.007437734256999321
0.0020319191456376756
0.0015852680102953825
0.0043581088835354526
-0.0014648632135675285
-0.012454056501065437
0.008650554520854552
0.006734141751596277
-0.00969933876743522
-0.007123127817171519
0.0
0.023009197801921333
-7.102160603704097E-4
-0.0037429369650220697
0.008340532953607352
0.00901868204598362
-0.014656566434531188
-0.004733543976019666
0.017416501253840727
-0.008715904752357305
0.008564286386733892
-0.01738338602080755
-0.00571124905435507
0.0056469346726474474
-0.00501882684287089
-0.003357437098007761
0.003838057923642497
0.00863256519574506
0.00763119603945294
0.002103389092846345
0.0022199033173942034
-0.00213184412426814
0.006210067639043417
-0.0038688763338301123
-0.007205037873695844
-0.0047840808569305
0.004199504821803583
-0.005421826774109489
0.00428805243718155
0.010174389108222966
-0.0036460567643890806
0.008791679326819651
0.008796281038947069
-0.021636483584153293
0.0020782985475356983
-0.00497262458280465
-0.004960945831121358
0.013955525717842162
0.009456654776784661
0.0023909857837745912
0.001777706052375449
-0.016532587731175545
0.01589992403758055
-0.0015653960765206337
-0.002464782867801469
-0.014153586816066037
-0.028394505962677178
0.006778281127388269
-0.010569198565845204
0.019157740945313386
-0.004758014239923175
0.00833958033782625
-0.00617754567874232
0.004230776081243075
-0.01031394659141351
0.0
-0.008695693267552047
0.007387900061502056
-6.593538468444033E-4
0.016601724493872448
0.007834063624809602
2.4181921582821023E-4
0.015539500712217703
0.0017600473082197868
-0.004495605559639439
-0.009249255659226813
-0.004482005473224394
-0.008586382837122144
0.006632232514829045
-0.003993589176578984
-0.010561572323167739
0.007344873746055552
-0.002007947544892849
0.009350264496072673
0.01530805198394381
0.002422770785677087
0.0019756902450688042
-0.004009418360839297
-0.00333183093409372
-0.003938231560252402
0.0078125
-2.227158108497193E-4
-0.012540868452803994
-0.0012603502624214725
0.004273879257116073
-0.0013284639983041518
0.003054615099356882
-0.002706554193200524
-0.010704377392521065
-0.0015943432811859493
-0.008097404265867695
-0.0022485483393865904
-0.0016215048762114838
0.01937510742813772
-0.0010139381498135945
0.01126469699716098
-0.010854952857018228
-0.017281474953919504
0.024550923359868148
-0.00418337992649564
-0.003967213339013526
0.008171791145244953
-0.00891159194717374
0.008653098280776922
-0.011499758580276052
5.466908509062392E-5
0.009300184492571516
0.0040544611832465
-0.003192021922696662
-0.01887299909995532
-0.007351904630962945
0.007897036795895488
-0.001570895857841638
0.00972459888774965
0.003042862469517028
0.0027760051649949047
0.009590443743882328
3.4066281152829415E-4
-0.011923612845136034
-4.379588731696629E-4
0.018829468672212885
-0.004853011298362
-0.0075907032225670445
-0.0094811872536055
0.004178187404937425
0.010113152533575115
0.008172848350321005
-0.021994713414992473
0.0025782624430001986
-0.007535241677441852
2.7764905331553475E-4
0.0015632921918719185
-0.0018853346604469077
0.012932934765790306
0.002802959853236919
0.002678782218233605
-0.0024381765812671622
0.012275386280849385
-0.004285086771565247
-0.00236172214612686
-0.014868512587723268
-0.0012337790404397348
0.0050351840315408306
-0.017275054419498462
0.00849802868530257
0.0032740912373720576
0.0016541041665660266
-5.727651287783676E-4
-0.004598344767294068
-0.0037549423272410817
0.004578752085923559
-0.0016080798368654885
0.007196299457044812
-1.2898695213921577E-4
0.007170794957367929
-0.01128052846065818
0.002807396942063953
-0.0019789187183272493
-2.8530530259070555E-4
0.008376956066934588
-0.00627804447644812
0.004555725633371865
-0.009010412637819713
0.005480227856827464
0.015231250459267529
2.154428631162596E-4
-0.014262424082279922
1.5608161099421288E-4
0.013985546640479157
-0.02179686003618967
0.015187515435500808
-7.70359538872078E-4
-0.008745611226687615
0.006724626953630753
-3.673774572236937E-4
-0.0011364636342686921
-0.004474495604506445
-0.00708283069253582
-0.0034161867198053636
0.008202301834659214
0.006241604142158362
-0.0028411778874644434
-0.00157099915449931
-0.003864513372054274
0.003077601119124689
2.8448980854509494E-4
-0.010791468288280558
-0.007885456193850657
0.00997990570395312
0.004066788565186526
-0.004544446707489641
0.0058283188682467174
-0.009272160729370815
-0.012493256565580254
-0.0018249794582169045
0.022485963921117687
-0.006876187458867975
0.01880038362548124
0.00690744113201462
-0.0038424621249429688
0.009094497021735436
-0.005045873573513838
-0.002648518800477204
0.005152152766456646
-0.0126470766029435
-0.004545157966067592
-0.008557725957601752
0.01729824922899409
5.689871652446799E-4
0.0013976348120834452
0.0017383164402810574
-0.006342667797301128
2.0515930657812216E-4
0.024916475972150836
-0.004776181630886121
0.0014758169875386615
-0.005089441156548769
-0.016203157441422124
0.008044835266066159
0.0038817924329703317
0.01626380761856351
-0.008252833060365384
-0.003517447065893903
0.002788227840718709
-0.004784460141174577
-0.008726154667872259
-0.004174814252802624
-0.004612637277658323
-0.005801598622872934
0.0038175889534874524
0.002475977391476614
-0.011318788890484953
0.010933434400542764
0.007359582876271932
-0.01083714567764497
1.228461608805756E-4
0.008426681942530129
-0.0017212886526844044
-0.004940880474930685
-0.0019264582506782644
0.0028672852449937907
-0.016258359773334292
0.012271717081185535
-0.0030868856714308885
0.004191351590366846
-0.007495525734400796
0.002303602733521929
-0.010526100714510789
8.55460740963758E-4
0.005430640142988377
-0.009712332754234125
-0.008320038517090164
-0.00318920294751978
-0.011496023905989555
-0.0026205179228548908
0.0047082701270882744
-9.858678023298157E-4
0.013353736096507996
0.01035440029612155
0.012873459893526265
-0.010506803597575508
0.0038228925128264337
0.002403018701675058
-0.004000382801721929
0.0035236165076916928
0.02881023966554986
0.01032230146842551
-0.002617234824948322
0.012697494686886211
0.011973577871427568
-0.015193935954020361
-0.002566296978166377
-0.0078125
0.005329399390960141
-0.012747410094992273
-0.008981024038367917
0.012737451964372787
-0.019407437579399285
0.02572958680698648
-0.00326565018526679
0.008053191298287906
-0.012704091494177125
0.0014976245818238386
-0.005305532381610269
-0.007631544499220499
-0.002585064845204639
-3.963493123731162E-4
-0.004540203309491883
0.003836912049075784
0.004804647147131442
-0.02468330264071093
0.01687849628772109
1.720460185207079E-4
0.0020014520239177
0.004322934346619896
0.0023577776215720596
0.007080211372651933
-0.006018346412750922
-0.0035393404921648993
-0.023537828052843043
-9.591142069346357E-4
-0.005775172844128252
0.00765365748777867
-0.020555941857997015
3.8167909578274567E-4
0.002362782446360969
0.006945898503816057
0.013177928900163033
0.0
-0.0078125
-0.00880683631601354
0.014285280782747618
-3.1069187711228134E-4
-0.013699491604117391
-0.005045608587790515
0.008822648536405079
0.017220608289297053
0.0012642588630518911
-0.006143388658492757
0.007848141070929335
-0.014155167797301128
-0.0058416475413317
0.003666762636212892
0.015161321849555865
0.024365574837639244
-0.002231912877995206
-0.016379569800250668
-0.003351397774075381
-0.006914718644790937
-0.0048505980599633
0.0026765954516566066
-0.012306871789557522
-0.006770958796375036
-0.002477200875983151
0.027739527388918626
0.005157335822707454
0.0
0.005994706152945912
-0.006990541621983956
0.010372860886369004
0.013506133263635738
0.011156866148550241
0.0010856555343342275
-0.007402327645000956
-0.009274913273188131
-0.002136181676351383
0.005656087499458242
0.0021433176045856876
0.0024735053802351593
-0.011719441459451047
0.007018719100268213
0.005462193949241604
0.009724444615892548
-0.004064591085544682
-0.012051003476695542
-0.016246796776648885
0.022208641424294708
0.0021814561391622633
-0.009969115915544318
0.006906462622115478
0.016187403565919953
5.9424158352489737E-5
-0.008217820167034635
-0.0031514085120912397
-0.028220526528443677
0.005611936083362175
0.0017507542719373895
0.006777819736036547
0.0056804613396839645
-0.01856074403092026
0.0075784315166674086
-0.014512449900157057
-0.0014885256550692299
0.005325437704145014
-0.0078125
-0.013773488701518382
-0.010002665194242255
-0.012283722964064596
0.005763987704545309
0.023177581896882387
-0.012868729076122855
0.002605676247971969
-0.010334022609657269
-0.006220976157866102
0.004916666950511564
0.005912311054767338
0.011691960954117998
0.013715784039675173
