-0.009942813236865244
0.013230598009916019
2.1638343966542267E-4
-0.0035041682127162493
-0.0069222439570726275
0.006531930139834918
0.002411350119148623
-0.002021036301910967
-0.020304577213636654
8.364606243377246E-4
-0.0019425602176852633
0.021410676806984212
0.00943417349511063
-0.006052728173269364
-2.488220579269758E-4
-0.003132623263914308
-0.010079638084595728
0.005290260791640875
0.002303020518308104
0.0024863567746467325
0.005477149667638865
0.008931358377592923
0.004442145188429141
-0.018850653233660978
-0.0196878931016425
9.174979110841914E-4
0.005460122495738486
0.01331027269481981
-0.0017497342034883245
0.00968465560965863
-0.0028185049500715617
-0.0051164164560987884
-0.007325763867811625
-0.0018948846826968516
0.006743560025229341
0.0024770885252790977
-0.0014845850049094028
-0.001021196015332535
0.008250550263254596
-0.005744769243012722
0.017881432730759414
-0.027321986967209125
-0.018842996119449035
0.028283550355898773
0.050167460109624
-0.04316972570019271
-0.04694479941104504
0.03994706500161381
0.04497896506790662
-0.057216947376991935
0.022544907728658536
-0.010306925419573324
-0.03823689424367166
-0.0415332926153763
0.031232435755610112
0.04853775110343776
-0.02723030459067111
0.041561933780661114
0.012137307158182321
-0.02646893634817245
-0.06814507208909755
-0.006916595125186102
0.08561108941185344
-0.010549422197569897
0.00459398443168784
0.021335545195837233
-0.02610562315680037
1.760935292752638E-4
0.020940629650074816
-0.0027995606617817956
-0.03769370748280327
0.019552638494510142
0.006498287198351428
-0.017155315741732298
-0.03736932651120846
0.04802635505458928
0.004245760682608212
-0.005238260910734996
-0.015976879603350584
0.016969379831477373
1.6228533283450808E-4
-0.0066972850684641535
-0.007742528370084288
0.014277528105713908
5.249467403947257E-4
-0.0037504020162281047
0.002301428936188517
9.240263396448562E-4
0.010124363229911063
-0.013783476352981255
-8.620186414373928E-4
0.0045211317645075496
-0.0032194790681500315
0.004593745518435959
0.002805139209233201
-0.0041794056595191404
-0.007204421218953432
0.006768720114809518
0.0010039509389592263
-5.682498348152454E-4
0.014811220681857775
-0.016871056426307183
0.0022632078614309567
-2.033721169816113E-4
0.014248872008114985
-0.006581462586192355
-0.012596192082234205
0.0049287826603115715
0.0028884099687368093
-0.006634065953376739
-0.009236747313114628
0.01298240329775454
0.021957727682963495
-0.0035564461786474297
-0.017794028743115205
-6.072527612009208E-4
0.03367647383756777
-0.023892025246071508
-0.006639103990579177
-0.0031453446009172123
-0.004053358229843468
-0.01787943937615324
0.008360791553552831
-0.013943672201612736
-0.009338608354236949
0.016691026621867073
0.014995856390525003
-0.008106784258943919
-0.012011727856405103
0.015087273107318628
0.012745144786631194
-0.0038286781568875215
0.005255001681969474
0.005543358493330337
-0.014786107669789363
-0.004672889768187493
0.004731013784405746
-0.0013195088352344056
-0.025752178695934456
0.01665749868530805
0.003287693380570847
0.01280526221323372
-0.008532083920312194
0.01107249125046529
0.00535532543322447
0.013126140920309864
-0.008018432925041988
-0.01009091666778401
-0.005978555733138393
0.0247245533777319
-0.007338265110046893
-0.011499439147841533
0.014481256697330278
0.0010063236001072518
-0.005336271177167527
-0.0011585491695399516
0.012115347792925231
-0.005071499341691468
0.005359702062424908
-0.02822936546711662
-0.01086477312244766
-0.027871405874527133
-0.019867376596838744
0.04397910786572318
-0.012824277417647138
-0.013898031935981763
0.04129066214810768
0.007105533376004948
-0.0015705535368832867
0.009088910522247442
0.015912462784409956
-0.006146970362065094
0.01434188772103573
-0.022524513361686007
-0.020859192553182426
0.0185247099639567
-0.00694328173207229
0.0032799329845704783
-2.372079050560142E-4
0.00857222585843128
-0.016286967722424144
-0.011951922491104962
0.01011993661003276
0.003176375007073615
0.009006842965433949
-0.008939276348061914
0.005484314611645255
0.00803647748599198
-0.0015493305489441963
0.0038341631287492003
-5.043433130445061E-4
-0.010884203355793449
-0.00241431737904952
-0.0024822022217195175
-0.00961571277914735
0.007697036844777189
0.0064948903585572
-1.6412192488893338E-4
-0.006686243799049639
-0.00423621768252836
0.015670354740186306
0.0032953903014034712
0.00869177529368742
-0.007251199794982341
-0.020686215216873215
0.01114702120199618
-0.009930461997650127
0.021369932144250488
0.0027831708678877215
-0.0031856171813166587
1.130269918057196E-4
-0.008746298698921493
-0.007754905940117326
-0.024538634155216725
0.02416474966111712
0.0013898419225783867
0.0032161752272394845
0.001208560939946729
-0.031468072039298994
0.002578878594412191
-0.003937939420503585
0.014399514498462792
2.1635336285360954E-4
-0.007055987303140985
-0.025704602469783934
0.011621349514680754
0.00785562679235201
-0.009150246477554391
0.03295104098368536
-0.004508112383074317
-0.02393222223271533
0.03412103253158721
-0.010276662984959875
-0.005082423825518386
-0.012257733706983395
-0.002217978673778542
0.008561915258925443
-0.008254058594668687
0.02764217720958037
-0.023532076429861607
-0.0021402168943644496
0.013462456194343397
0.018226414442567045
-2.6242776424180436E-4
0.0052139739477912615
-0.007866737318386736
0.0017515294443537933
-0.004989186606708779
-0.004809927040096867
0.005310796172329202
0.023361482690950303
-0.006245641875282771
9.659334680409554E-4
-0.011041346146648572
-0.0044679292075831
0.005025592953960618
-0.00970049934770113
0.004379868645479979
-0.003399342542897597
-0.020829742595830966
-0.0023671776237612504
-0.006154917333444114
0.002578878594412191
0.00708939397443646
-0.013481426116924038
-0.006374712804089492
-0.005079009138429286
0.007323578132047259
-0.004344393643109228
0.005136565541217039
0.008025166400471868
0.012309301935959808
-0.00976532229634042
0.017737039946373323
-0.010270796795127358
0.0197228044068338
0.011035257729775847
-0.012867457507392517
-0.014307387871503138
-0.003962747295425748
0.006235366761908664
0.019392984570790382
-0.03922627394070867
-0.013878043267300563
0.004083460977709794
0.003924940850977328
0.005367648738079059
0.006039935739221787
-0.008356420475122273
-0.007367086581768687
0.01667871833932328
0.015624144165145109
0.0012493484346829003
0.014919688287434861
-0.0071320109442203445
-0.019498961873837917
2.3179275682866515E-4
-0.002910520406087352
0.03460154580821259
0.004982181190962596
0.014650935593461025
-0.013645770970480635
-0.013718822113134521
-0.02436394829141257
0.007013522310678216
0.001320655016321616
-0.018444233648467926
0.0054078693951740454
-0.002720089574626592
-0.00647046648937151
0.027735386148930754
0.007740640079995798
0.0011763901636259368
-0.0035534025002832603
-0.008319765670595773
-0.0011274156310304801
-0.00217635557457273
0.02324120448247169
-0.004835754680262327
-8.105466946938932E-4
0.02297142989506097
0.020410926656584526
-0.009986648424895267
-0.019737962706725287
-5.687446274960992E-4
-0.001534590544792218
-5.664392074430074E-4
-0.005148151439842153
0.023991517413578113
-0.006479468642812206
0.004498795504358803
-0.006654907879022166
0.0011097435573041497
-0.02327970679359272
0.02507684251980944
-0.018532490008455714
0.0019508608561400282
5.386763861049207E-4
-0.009063777204141855
0.0017803037797302114
0.0
-0.013747482362753208
0.032451758442478926
-0.019693393741996086
-0.01769992037157143
-0.009101986854343526
-0.006361126362413614
0.012354313779842961
0.008352669877664724
-0.03451189946276494
0.027978638835243232
0.01425106777626323
0.0023265541430570946
-1.1666257506362607E-4
-0.0033761650424531343
-0.014269381172709927
-0.005743435925750931
-2.3736044504429394E-4
-0.031455698785649855
0.05736157052776708
-0.007553978970070934
0.024059081822366317
-0.009307763886224476
0.0
-0.004257792562508509
0.010883541069435624
-0.0030247260326869436
-0.014174175517013454
-0.014935083695410665
0.019619356957645474
0.004718674613690224
-5.280819483055683E-4
-0.0034667045114108695
0.002741131184434387
-0.003984699430385196
-0.003921402357469732
0.012160277255128757
-0.0054237571246091385
-0.014395037084952876
0.0075725251899949435
-0.01557136867124322
-8.73688526337321E-4
0.02844125994537506
-0.0070719789228671955
-0.02355483323416909
0.0071918590210332005
0.002063516889041229
-0.0051904030907803985
0.0
-0.004687210353588607
-6.805085879529383E-5
0.009327251482174217
-0.010889433530059996
0.01777517254283652
0.007751585651304143
-0.011609059366193039
-0.0022410494645799224
0.002647854685733017
-0.014864847782440852
-0.0092088181431626
0.028142911337220283
-0.005295529262316286
0.01837035078437757
0.003977267782821842
0.005566358345702829
-0.017125987468453754
-0.021019974747256115
0.013313459426107213
0.0016297334112007527
0.007853676187994228
-0.001557703398296194
0.004388054997948641
0.006554173868610055
0.01364392471867041
0.020894800445284037
-6.406016072932107E-4
0.014299855343606034
0.014397074902059548
-0.033101205321757136
-0.013303640981708479
-0.005827261036651759
-0.02080036100253011
-0.014190529178185984
0.008063029169357281
0.008131792124297476
-0.0025113483761204807
-0.009346721010197309
-0.006052607802637586
-0.00788972925130704
-0.0018373468137370362
0.002929479381362607
-0.005980705484473859
-0.0315716167728059
-0.0014172398529511178
0.0291510451961455
2.827324486123744E-4
0.001372297173408231
-0.0026195953665988925
0.004402153584730112
0.02544376759691965
0.015049218446240291
-0.003260442477652253
2.511684320185472E-4
-0.0010075751400395925
-0.008541117795739496
0.01187561961189211
0.004566255654301079
0.009792985759647436
-0.01618424016651683
0.015939744156618117
-0.028849905768024403
0.011546525935780882
-0.01154329816384953
0.01775208097803762
-0.005355362859942533
-0.0065545069351326
-5.805043787548373E-5
-7.055771221899838E-4
-0.0050091548472131755
-0.013375191111241483
-0.012631539549042215
-5.637912435529661E-4
0.039340395622643756
-0.012564320765719509
-0.007026391811246317
0.03679619641853792
0.01074501361418886
-0.003114126231899609
-0.0020761525090548
0.0077370486823491276
-0.023807351680416054
-0.004755648650675148
0.013703841466597994
-0.01490009344918411
-0.019027280383397027
0.007539849039834474
0.031381517830324814
9.823429279553271E-5
-0.00308794902691892
-0.013515638288376076
0.032134238746404725
-0.021754058808990097
0.004752637887870048
0.0013508897225224777
-0.01430996458181573
-0.014719046206177484
0.004756230469107206
0.010038736477831347
0.005225691261226794
-0.005635656437640479
-0.002605375296979468
0.004126734955852454
-0.009464532446441132
0.003337494061014651
-0.023713302128932176
-0.015392813676812715
-0.00950192746964017
-0.018772335952631544
-0.005806270707295657
0.003204132930060091
-0.007907027023061246
-0.003540760893567512
0.050031746068918345
0.017563549522268775
0.008671040212142943
0.017840647078286892
0.007229771953042616
1.792414927171476E-4
1.948462196706078E-4
-0.021113867648712058
-0.0074894468701083745
0.003906698812482999
-0.011840278867728425
-0.005767341836767993
0.004254141442395102
-0.013037162833469809
-0.0017528938455790796
-0.00924845615538903
0.008285167745373957
0.0
-0.009671247166167844
0.01602964152121017
-0.01802074312940523
0.012406676813464877
0.012751834210223106
0.0011372580538155245
0.013931122061209136
-0.013072657603098444
-0.01667080824375957
0.020378674101237133
0.00923230953658348
0.0041652247270327
-0.006099306050948957
0.001481296836211038
-0.01522128091105722
-0.011840496845465719
0.0016497007180171393
-0.009484551496555381
-0.005475160592249333
0.012731690669788978
-0.016355228565169383
0.005618556863505854
0.041942452512739
-0.018996234997541085
0.01589543408360901
-4.396161885356943E-4
-0.022739975192892718
-0.011874367675441741
-0.004711326881512021
0.014473431864855167
-0.001385632209515755
0.004610949582636453
-0.014695700761008406
-0.010428528033153969
-0.006836984226067714
-0.0038752292575512178
0.011060569412153052
-0.002809613165357598
-0.0029198461904436576
0.0018982125042899555
0.02864249084063045
-0.01808563895815733
0.005153537921060309
0.009914872194133544
-0.004394889182384232
-0.0014767775191895788
-0.0031958738254342757
0.025359670941300462
-0.032972618145484835
0.012993776615098755
0.011266876438929211
-0.005334241905559301
-0.0010390629002921415
-0.005562484417891515
0.02168401234135276
-0.001125255953381388
-0.016797494242495666
-0.004944594518902947
-0.0025993765643327195
0.0012383493310516719
0.002742834109443482
-0.009328094951693167
0.023523176955867888
0.004504463604801584
0.008206575709824904
0.006734683163131626
-0.010723044113766893
0.0034338065176877457
-0.009609050945969495
0.00833434242906579
-0.006446297708800814
-0.009446659671043758
0.012961108557542438
0.012688235593946936
0.0058617266226358485
0.013953210739270893
0.007610593197453715
-0.012987123176356218
-0.016663540666933693
-0.00422391063803038
0.03585898316727133
-0.002468927357880275
-0.0016799405314671632
-0.015683277465172424
-0.00669578411994331
-0.0045499847977328155
0.00617433631010806
0.001157509725344185
-0.006130686132247615
-0.009334685746356455
0.007761616880231109
0.003603768705519118
0.006812895178265275
-0.01893403882393152
-0.011391826027742222
0.012681536085663154
-0.0064190256138633075
-0.0014419162915752359
-0.009097474054985746
0.0
0.0026868236982942016
0.015445529926101228
9.303519244286814E-4
-0.013833210522336516
0.011854290216507957
4.683205805679465E-4
-0.016545956572887686
-0.007294273424821512
-0.010554966739216388
0.011865765759075343
0.006195909030618046
0.010623415627994195
0.02547602903822238
-0.019919883571811098
-0.013464183601294293
0.012581953252631107
0.032098259206793954
-0.007512059931096372
-0.009981734681827123
0.0012131515349044111
0.005392367765596438
-0.010035250768861663
-0.0038262851562071275
-0.0017644141018182341
-0.009035315523713233
-0.0020180071375616847
0.0
-0.006530390191769064
0.008794740797739505
0.005578135636328026
-0.018042851194226165
-0.010987099507752108
-0.02612030970980936
0.012363894759040622
0.03468123554664265
-0.007257417456331229
0.005117490852052009
-0.001115550999584389
0.0020952778588848257
0.016245185155736242
-0.010877078719747583
-0.00797114528913212
0.004919574688135065
-0.009318967100672832
-0.004963163506165343
-0.007114272403369152
-0.018638662482561717
0.03260331679140333
-0.0015063099590166837
-0.016178920543221828
0.029979768409687618
-0.013417261998193611
0.007771586626056381
0.00659386269276971
-0.00708977946972323
-0.012797659483456302
0.003484885481344088
0.002235772069837605
-0.007638360555431807
0.013418758355270287
0.0025888788281796127
0.010687748273120716
-0.0027900420978030256
-0.0038752292575512178
0.0023961335480505467
-0.008452306230480417
-0.0010380137826511643
-0.02228930472782453
-0.02184864883788757
0.014062713544289274
-0.0058790539079049305
0.015328708493313248
-8.881131569357346E-4
0.0014732829325236254
-0.0021298856931686195
0.025130220598009276
0.04324908742360274
-0.003055800903335815
-0.0023499676867347686
-0.005946833675555995
0.011520268382420708
-0.00866172938581124
1.733973792822259E-4
-0.013800208441623205
-0.005853410405359473
-0.0063223045369449615
-0.027557349575138734
-0.013202674858442037
-0.0038752292575512178
-0.020223903254737444
0.0076807090909463025
0.04674136470007348
0.030954990176175326
-0.0024783238052103473
-0.005431611630520221
-0.016177281654426296
-0.0073649654781097786
-6.431866564428478E-4
-0.006005614169741474
-0.005765625641463891
0.006229825828950586
0.02461382922567998
0.011432057905179708
0.011365542532041696
-0.009908995545683672
-0.010362284666290673
-0.005360241405472921
-0.016119311029997696
0.02793649543103481
-0.016102126536851454
-0.014042364100506952
-0.0013592083878591452
-0.016670708406456708
0.004025102782546517
0.015048029760481984
0.007103350332041137
-9.700620411457611E-5
0.007235432687733317
-0.009206077088117506
-0.0126321900704517
-0.0011591883447272227
-0.011268830842362115
-0.012240161652059914
0.0416800009029242
-0.017243175084950338
0.006647961941459193
-0.005566977716584945
-0.0011534310589763723
-0.0064128388662243055
-2.765430337787894E-4
-0.0012743661276795855
0.0016836506033501026
-0.009063196366416965
-0.004034265937907594
0.003877636691526826
0.00437115405233237
0.007925506827034055
-0.0022627527779384453
0.0038781009140949193
0.01315876669764714
0.09854526646439365
-0.0015396646175955923
-0.01518597203992841
0.0030777681389928743
0.002184560172177455
-0.006741035207416004
0.007472980355748017
-0.01790479462444789
-0.012273222685258104
0.02331921035028789
-0.03573345140773529
-0.002703457391641376
-0.00398650329839264
-0.005946833675555995
-0.0011534310589763723
-0.013549986743892801
-0.012705548368868943
0.009716203805988071
0.016231925612707532
-0.032170825418196755
-0.0063652091295138356
0.002482505781977644
0.002860708712962814
-0.004534361658912983
-0.007145009305323021
-0.00448867591304901
0.018835711203210915
7.394208575042648E-4
-0.006499422415203074
-0.004539720639901157
0.011565467405675893
-0.011305157498267519
0.006839700334502341
0.00359658716580092
-0.0019537869122973747
-0.01726628773494632
-0.003798246338255866
-0.003517041334327885
0.017744470601929435
0.011063508509215055
0.005767265154266701
-0.020538276623281903
-0.007669115719654314
9.863951221198127E-4
0.0011355338233451657
-0.012224089860924551
-0.005780739379938352
0.006771127072998068
-0.0038752292575512178
-0.009908995545683672
0.006766318482306832
0.0
-0.014182763236077697
-0.018045060251376716
0.007852893720837209
-0.019742841774711476
0.0013377931536656905
-0.005154462698028678
6.909281518100024E-4
-0.002915851659938631
0.0
-0.0036875981139052414
0.0
0.08914841938455238
-0.008364956406241412
0.009465994030042783
0.0657560196422104
0.021947131906464044
-0.0031665093952873333
-0.005978490400593346
0.014356968963218471
-0.00334783835882806
-0.0014438939642669312
-9.273955878985575E-4
-0.009080310560353423
0.017310085255307493
0.0
-0.014794649447968797
-0.004729811590913757
-0.02683488397526764
0.004941932631428666
0.003562820909265599
-0.029284311277695055
-0.0013821007946691437
0.010373236729157482
-0.014673475627201827
0.019236428863470215
-0.04075682097656884
0.012068183942103083
-0.005673903607251599
0.009784466268586471
0.01975230678803952
0.006358625611380797
0.0
-0.03569651261527086
-0.0017806025449672476
-0.011120822355415007
-0.0035675724592792828
0.022234394146938077
-0.019859173014892522
-0.0029999948704399985
0.01589798966051373
0.0
-0.019760199674145437
-0.004541408932906487
0.0
-0.014894828839054006
-0.004439690000408211
0.0
-0.0050369476849904705
0.006730205398809127
-0.005586750785774582
0.0
0.0
-0.003834214965966041
-0.005516176924284507
-0.018297370105674005
-0.01093886224954423
0.010956293746490762
-0.008118303681559469
-0.00865160152849417
-0.0034140197924508345
0.0
0.016696918287706176
-0.013392315599016335
-0.005454780358019436
-0.020302351424860306
0.1102138495972862
0.0
-0.006218525834336437
-0.008325320295891316
0.0
0.0
-9.929142636243326E-4
0.010454156743653431
0.0
-0.005248236647786109
0.05470292972588009
0.005417194467393411
0.0
0.0
-0.0042745814218672785
-5.357374055148436E-4
0.0
0.0
0.0041739612482899
-0.018264598890533758
0.0
0.0
0.012717288736133653
-0.0200421880673659
-0.008367939285593429
0.0
0.08492143593147018
-0.04037174435829073
0.0
0.0
-0.027010131547005115
-0.04497303114409669
0.0
0.0
0.00537792956729431
-0.007946650050858812
0.0
-0.005673903607251599
-0.004341415380349392
0.0
0.0
0.0
0.0027749956801442115
-0.016965668810965163
0.0
0.0
-0.02248311690671602
0.08990373429994004
-0.018100997062579022
-0.016308164335633393
0.002915848736617053
0.006358625611380797
0.0
0.0
-0.02147529054226391
-0.003811086948714796
0.0
0.0
-0.04357820013306495
-0.01042027009917083
0.0
0.0
0.004351720184059148
0.07165989210721754
0.0
0.0
0.0
-0.016308164335633393
0.0
0.0
0.0
0.0062492137178648275
0.0
0.0
0.0
-0.02817794362590309
0.0
0.0
0.0
0.0
0.0
0.0
0.0
-0.005673903607251599
0.0
0.0
0.0
-0.014092331450103985
0.0
0.0
0.0
-0.013399118272427265
0.0
0.0
0.0
-0.008367939285593429
0.0
0.0
0.0
-0.005248236647786109
0.0
0.0
0.0
0.09882116120442955
0.0
0.0
0.0
-0.06234048880103332
0.0
0.0
0.0
0.0
0.0
0.0
0.0
0.0
0.0
0.0
0.0
-0.049416109691529264
0.0
0.0
0.0
0.11605485785754605
0.0
0.0
0.0
-0.018100997062579022
0.0
0.0
0.0
0.0
0.0
0.0
0.0
0.0
0.0
0.0
-0.02723030459067111
0.0
0.0
0.0
0.0
0.0
0.0
0.0
0.0
0.0
0.0
0.0
0.0
0.0
0.0
0.0
0.041561933780661114
0.0
0.0
0.0
0.0
0.0
0.0
0.0
0.0
0.0
0.0
0.0
0.0
0.0
0.0
0.0
0.012137307158182321
0.0
0.0
0.0
0.0
0.0
0.0
0.0
0.0
0.0
0.0
0.0
0.0
0.0
0.0
0.0
-0.02646893634817245
0.0
0.0
0.0
0.0
0.0
0.0
0.0
0.0
0.0
0.0
0.0
0.0
0.0
0.0
0.0
0.0
0.0
0.0
0.0
0.0
0.0
0.0
0.0
0.0
0.0
0.0
0.0
0.0
0.0
0.0
0.0
0.0
0.0
0.0
0.0
0.0
0.0
0.0
0.0
0.0
0.0
0.0
0.0
0.0
0.0
0.0
-0.06814507208909755
-0.006916595125186102
0.08561108941185344
-0.010549422197569897
0.0
0.0
0.0
0.0
0.0
0.0
0.0
0.0
0.0
0.0
0.0
0.0
0.0
0.0
0.0
0.0
0.0
0.0
0.0
0.0
0.0
0.0
0.0
0.0
0.0
0.0
0.0
0.0
0.0
0.0
0.0
0.0
0.0
0.0
0.0
0.0
0.0
0.0
0.0
0.0
0.0
0.0
0.0
0.0
0.0
0.0
0.0
0.0
0.0
0.0
0.0
0.0
0.0
-1.3828699401943788E-4
-0.04201378693622483
-0.025992998158853274
0.018697764437265882
-0.05028871216303427
0.04237446796840509
-0.017700115367822806
-0.016812534377140857
0.060711259972286186
0.016864195029844497
0.02484816878686366
0.0027087543715628255
0.011051284380604728
-0.04333049921882511
0.019021038269087666
0.0
0.0
0.0
0.0
0.0
0.0
0.0
0.0
0.0
0.0
0.0
0.0
0.0
0.0
0.0
0.0
0.0
0.0
0.0
0.0
0.0
-1.3828699401943788E-4
0.0
0.0
-0.03802728363783219
0.0
-0.00398650329839264
0.0
-0.021636922906585004
0.0
0.0
-0.00435607525226827
0.023663629303087533
0.005134542092855911
-0.010100406958677564
0.0
0.0
-0.04741911190131016
0.01509678284601152
-0.017966383107735625
-0.008067048783654267
0.04975378740594719
6.877293461121673E-4
0.0
0.0
-0.015469490635532586
0.004177227131644022
-0.006407851863934235
0.0826571041528047
-0.05863660816809627
-0.005698925109385425
-0.03513410525246386
0.009430250615707153
-0.007538529622050428
-0.004811171692324293
0.06363071067095377
-0.012841482113108824
0.021668916142204193
-0.0024626583141775307
0.010499419314926636
-7.960276945666459E-4
0.03938324186171302
-0.022006947663422406
0.008267902283139703
0.007044634154589838
0.0
-0.004335879783027012
0.0
0.00806339480850018
0.0
0.0
0.002987889572104548
-0.026402109847822385
-0.0033272753483311527
-0.005714772716291092
-0.007886341306380485
-0.002147508401045233
0.013789254504837941
0.001461818729127001
0.005917473436167959
0.053588909129389274
0.038931404246781556
-0.005383538802585235
0.026228593036896498
0.005603438868676711
-0.05190630816792329
0.004333722072099549
-0.011532918848093337
0.0031348176320418076
-0.00873152841568204
-0.003946744699711367
-0.010591756367738403
-0.010923751399428918
-0.015181799103028193
-0.009028554750006749
0.0
0.03036233813492049
-0.012716209769991656
-0.0025880472600441577
0.0024355643193226537
-0.02559540747772
0.004065872559725691
-0.016676278446580553
-0.016890115152805175
-0.005735930156985158
0.010416179885706306
0.009145806202034866
-0.0035404447770687845
-0.015205065252780117
0.04011953449898953
-0.012511017729134141
0.03624876561824743
0.01273374320558833
-0.04574097053091255
-0.056097285376996854
0.003766588319903416
9.838877237744526E-4
0.022155157208938576
0.032304492873085656
0.012651890394021554
-0.005684841073675632
0.005861495312071226
-0.030172290134824177
0.018519430913679497
0.0
-0.004798237804642471
0.005775633455293883
0.0016356823578947428
-0.020737158184081467
-0.0017350190243424846
-5.921536858711617E-4
-0.0015161281079017674
-0.005035722864677815
-0.0011190565126465123
0.027458854602427897
0.0163989305059148
-0.015748170851185996
-0.02007238003935591
0.02554330231632984
-0.00609065322843931
0.0047571997644954905
0.02329654991457998
-0.00493522714672579
-0.01969707392924453
0.055023829767430726
0.009652783088794796
-0.005721863170520222
0.016993082600111314
-0.0108502100284729
-0.02607171861947881
0.007219429786420259
0.008441703783066312
0.0050569880790202705
-0.012693678036353191
-0.037554404922660316
-0.019469930245504183
0.0
-0.0030378341484192384
-0.0083287500430991
0.04228120175973914
0.007205829930206244
-0.0024845234514178994
-0.018852624544690052
-0.009912485684044944
-0.01520469271467214
0.02903895871879393
9.948368089107706E-4
-0.041633437724938105
0.001155259492057423
0.02638539121369489
0.022520043636232737
-0.0026399032409524896
-0.02437814257498836
0.006271267074443128
0.013839538314333424
0.00489512408524965
0.013015024222549493
0.0026733463080316636
-0.023999076764969023
-0.015723418215417114
-0.031221154045802432
0.0010909004819369033
0.026963472790664116
-0.009359452484059005
0.006501498065000762
-0.009201988691391622
0.012415515928804603
-0.009144951618584588
-1.2611292184511937E-4
-0.011076082318468159
-0.0145475721680802
0.024046343948826474
-9.576430807331452E-4
-0.006595841733269212
-0.013818132073711187
0.0
0.013520637014011148
-0.007091119639994177
0.004266715455117215
0.03273981467676468
-0.013626440735468464
3.751198100038933E-4
-0.01157458020096068
0.004126734955852454
-8.689097856852861E-4
-0.002473240967641898
0.03020057156485707
-0.008671046764632246
0.012836775160829698
0.0019468808348541249
0.018845906937748094
0.04065747790602139
-0.002074095022036638
0.0035583458603365785
0.00847988199487898
-0.0067183686210395745
-0.011622101099837525
-0.0390648938759968
-0.016121534722541787
0.004416833144485628
0.0
-0.0010729649197881198
0.003724280639324765
-0.011294137018887386
-0.00250166824365098
-0.009744850646738799
-0.01486282500217563
-0.016646075882370916
-0.005362181313560914
0.00493954903871123
0.011737968034493694
-0.014348314818386164
0.025848750621431806
-0.003924934230228205
0.030639583084803766
-0.013118944634895012
-0.007977589761178485
-0.004877462061653254
-0.014622926120739373
0.017666606194404983
0.021412619012895318
0.00385523659448591
-0.006875615617454638
-0.019304935089316598
0.012633809579621666
-0.014012017185606214
0.03681565779903839
-0.030572605897099855
-0.013109937296776753
0.011493696842985738
-0.012546883544845577
-3.030155994706435E-5
-0.0201589584087504
-1.3611931380642494E-4
-0.003241689112746849
-0.003591283313885132
-0.007774662997210281
0.0
-0.02450425549683348
0.006905753211524995
9.841314451186304E-4
-0.01152522281220141
-0.015962871356409968
0.016188072363406584
-0.017120710567543454
0.03361032423336093
0.006067241670686171
-0.001393067668492455
0.01414810422348279
0.01825714657282054
-0.015314447557310788
0.04546081979019047
0.0032355043373926006
0.009657529915224436
-0.0010598861907720157
0.012139914871018733
-7.027084886665584E-4
8.97063123577428E-4
-0.004941205737086148
8.041178847765125E-4
-0.023240563778937236
0.020756114295923327
-0.015939701602928794
-0.008972638092772944
-0.0035872902172292354
-0.0197692701752606
0.03536875450639083
-3.999739680421179E-4
-0.007974248957205271
0.002123603434703414
0.011121907682441971
9.10402529202629E-4
0.006593407580425192
-0.02798719750759647
0.01858292533934451
-0.014228480510933053
1.354834383293774E-4
0.019886392484946905
0.009432665648527148
0.011616094900197665
0.0021054978410221855
6.182393656044068E-4
-0.030894784307505474
-0.0072801698722401295
0.005463483985276352
-0.01655331705613636
0.0043485613677029696
-0.009262726639568885
-0.012776609109857142
0.021885426972943028
0.011336187407516247
-0.018330812300480455
0.005302911514679694
0.009794778328935232
0.021324641518781128
-0.02838392487429347
0.01067793144148651
-0.02186463130417029
-0.004864169619547408
0.005925388763382286
-0.008459120747275822
0.003106255229936016
-0.004993868450954815
-0.003641709978151472
-8.001362917323953E-7
-0.0031916018913007256
0.002451137787109839
0.01291186451805536
0.008290928447972017
0.006026558407008298
-0.04526182045714601
0.001489551450693455
0.0154611395892738
-0.009136345640566125
-0.003709915955685466
0.04562712765880074
0.0013587574659932747
-0.014674562155291096
9.492368592033014E-4
0.004632186448282381
-0.006556974638699751
0.005165996698486172
0.009922678212470212
-0.010197628748529126
0.0032311574188474343
0.020927724793167197
-0.023076100658840356
0.008333932855243819
0.012283735516198003
0.0018995348052144832
0.0
-0.01403738953891148
-0.0164558445465708
0.002065406060742663
-0.003334414221654383
0.010838142553092284
0.003512030628455071
-0.0035908765156637853
0.006168966980760263
-0.014486430395928306
-0.01097874111164122
0.033894071424433944
0.00471560450481178
-2.0189002072005548E-4
0.015601444229855082
-0.014021385555385584
0.002884775902314143
-0.023308144985365275
0.013102357457801467
-0.005963510101897732
-0.011562676392808606
-0.005087411341051281
-0.01846340751893836
0.013586298471387604
0.031087065089841014
0.030253887474523494
0.009588426061614481
-0.03590266826027738
-0.020861805913914025
0.016731833219810414
-0.008867222096984591
-0.015720969697348396
-0.016722644555896463
0.01705991973405415
0.02765519913866208
0.0
0.001780704102057937
-0.0047786245861667544
-0.019427651184772906
-0.017243963482279908
-0.0018964781145286477
-0.011583914972811148
0.014375052765972821
-0.014203962733738473
0.006083692235000163
-0.01035489764358203
-0.00983395635588101
0.02999938989546902
0.012999377329746301
0.01070756171256646
-0.005523200177235338
0.02273152485882754
0.013599121791982556
-0.005146976957688744
-0.008584459270016618
-7.353112852968094E-4
-2.680043697629005E-4
-0.008984891271369838
0.0021108397634371804
-0.0014092118502715594
-0.017001262115395044
0.004132484549027667
0.0
0.007621130773995934
0.0030705736412119772
-0.005087411341051281
-0.005932304537012175
-0.04195013222359958
0.0021380333083181186
0.0048084007383376835
-0.018684729369880474
-0.004124594736469497
0.011554421047332635
0.009172358230947412
0.012994272321184346
0.007389849020523018
-0.0076203674622453265
0.0325184782890808
-0.0011485114277296304
-0.01991258153173485
0.019049176932081833
-0.004002170615362435
0.0029982121359893345
0.006500648892499248
-0.00859553563938956
0.015312569745694489
0.0130062330610334
-0.013803054281507441
0.01622545257859329
-0.010713466134533962
0.00814880973710476
-0.01563156866637619
-0.018860440087789112
-0.006795410815881908
-0.007161473984649972
0.013408063276217339
0.014661775230425311
-0.006399386111240531
0.008240847127527005
0.012574802618845863
-0.004118712281602722
-0.007512936171582662
-0.007332270902918405
0.010544151647523266
0.0052584135942422925
-0.006313724890897628
0.0036482564550165417
0.003625956695855765
-0.006385160575336634
-0.00172754389937169
0.0
0.017764072309403897
-0.019902346383433536
-0.007439779003626505
0.0031497969418144683
0.02019355781834615
-0.011745235899575535
-0.011814564311316254
0.009760306160155802
0.0027024440907930467
-4.060584394909566E-4
-0.012199847664884817
0.002819093474762299
0.019459771514499735
-0.013029493297623979
-0.006226464512329655
0.00408368251045951
0.003417330660135902
0.007472980355748017
-0.007512936171582662
-0.005006699092131878
0.002065972834353928
-0.0034452390166496523
-0.01520926120735449
-0.005177374741964443
0.00693280231057261
0.005493994807477434
-0.015368231031836077
0.010317790786096804
0.026319368536275502
-0.007977650353628877
0.004110773881661896
-5.962370326063936E-5
-0.023865101320631146
0.015182263819485148
-0.008097262861447383
0.006620892345509877
0.003759018706019704
0.012004845628288355
0.004517421596924902
-0.009869159398530586
-0.019440431357333844
0.016829645260714603
0.0064549706948808655
-0.005980202670466486
-0.010813654269916706
-0.021100258842084357
-0.011973114458298566
-0.006896218198489391
0.018251843193736655
-0.009005061190059614
0.02577744431766721
0.0
-9.3845157100674E-4
-0.0073715338413728616
0.0
0.006282404777927695
-0.013046221333340088
0.010831187525879242
0.014813313857415474
-0.01717294626199143
-0.0027813251070225274
0.005906724510733266
0.03092672627856627
-7.616414884506735E-5
-0.025448204590672686
0.0013628399111189462
0.0012327817571180554
0.010044456006989264
0.016384231796965156
-0.022559847044359184
8.951494355972259E-4
-0.0064165302305777055
0.01046545358675203
0.0017107883636954414
0.019320386067843275
0.011714078969264203
-0.007116371740312278
-0.014832918963108762
-3.2195139515286183E-4
0.012139914871018733
0.010477549204390231
-0.028389126992269722
-0.016734741004885083
0.0
-0.007078057363303162
0.01707195810029257
-0.008997723939400943
0.005809934630785365
-0.0038690283292238305
-0.017898558135114935
-0.0068937544557548715
-0.0028807999092618245
0.017593553804895207
0.006330118413609219
0.011705896845337724
-0.005666901217487938
-0.017819673097637934
0.017306038046621623
-1.1925787592030959E-4
-0.013585433446783302
0.008014056020563914
-0.012335738400742705
0.007890851155363286
-6.747001599882643E-4
-0.0056157323968830455
0.035104158420262696
0.0033704348104446257
-0.006753697967615329
-0.017718506276013436
-0.021200897309248682
0.009472423570273497
7.667990891623861E-4
-0.022370301191927115
0.021538464754632294
0.016902958537732375
0.006672561338639122
-0.002648502531440252
-0.006972382347334458
0.0
-0.0028698267973862874
-0.004628856021759231
0.001885678434065629
-0.02203112767235138
0.0053894633162077914
0.016471733610098092
0.013284034208086538
-0.02013220823809992
0.0011219021888915525
-0.0074126055014715345
0.012221438312343427
0.005469292041991777
-0.0012685133557569493
-9.13356436523489E-4
0.00567289043962305
-3.59436748497529E-4
-0.003986384195247697
0.02896077048617777
0.0033831816475856577
-0.013685840015730076
-0.020876577519506244
0.01806215270158867
0.0010323994371880991
-0.0230139843114143
0.00765905839853462
0.006647961941459193
-0.024436295152564173
0.009917551464129929
-0.020528825970288298
0.002515994006470303
0.02582264419804365
-0.011960934791392545
0.01374429712785095
-0.005627363773355709
0.016400051529935174
-0.028165148045544486
0.008096568978714457
-0.0012124010820628189
-0.007779009904163528
0.021696909090420713
0.0
0.010559057242387714
-0.010220648831134205
-0.006572469661071855
0.02335396020830699
7.916521023502744E-4
-0.01945156358220663
0.0027749956801442115
0.0017393758306443147
-0.020495606943220786
0.015397447147337321
0.01258919336390674
-0.027060876277401655
0.005404937036447035
0.0035978439670237283
0.0016384316232692109
-0.007749584414630093
-0.0058086814200467365
-0.0011460896655505117
0.015428516282585758
0.007275478171786613
9.828767945928769E-4
1.033599652052442E-4
0.0
0.004089169212132977
-0.010227618568459364
-0.016878058126530822
-0.014108523103789145
0.035983080924601174
-0.012405803239913579
-0.006901120857263437
0.00600065729390346
-0.006221355111626192
-0.023816033434083728
0.002806775705237189
0.03274886453939149
-0.0012770684056217152
0.026742440900374434
-0.009598787030675248
-0.007034486410029118
-0.0016924570209175798
-0.004537410426508146
4.7810626680810497E-4
0.009128927647507584
-0.022261606101045207
0.010794047898175226
-0.01417531694772119
0.03779020617125649
-0.007330747138336545
0.005438809702341587
-9.705441976078462E-4
-0.006682894226143059
0.0027561284235300835
-7.591896787225178E-4
0.011650856941611734
0.001938662288961241
-0.002701113779691632
-0.00896113605641639
0.008982550001771237
-0.004710118964521297
0.019381809074971064
-0.013224205204672683
0.00293103264302259
0.009213985685006362
-0.007495425405355766
-0.026131922907185
-0.015388533630866601
0.005645564142250403
0.006344143268154412
0.02845187831551028
-0.02204474152151551
-0.01660908395574144
0.011593900449388055
-0.008580343726647226
-0.006168522177666015
0.013003850870984494
0.008991827252049724
0.002578268574035406
-0.0058281585998958526
-0.015791824583404418
0.004239471287834625
-0.004594457964651081
0.01735633845523629
-0.010679338082240749
0.00765905839853462
-0.0011485114277296304
-0.006221355111626192
-0.006601072986900462
-0.011141046260362376
0.001341341547269624
-0.012553377950027991
0.00993538699283719
-0.003390234441907011
-0.03408906061418508
0.01381368833120801
-0.009330651219127621
-7.882296324879357E-4
0.020045385115634456
0.02850001721482984
0.0037652899270589598
-0.006943330861129977
0.01709721160700727
0.011942689574246431
-0.006614308635526329
0.003246461121970766
0.03173726686366398
0.005046668701787501
0.013256221422010328
0.003901172183397284
-0.002958233701750493
-0.035102908303221866
0.007945943099369855
0.0
-0.006601072986900462
-0.024349543994432604
0.0026446359176232866
0.009595912512124936
3.659277937111301E-5
-0.005418662557594089
-0.00815455934548549
-0.0021691680747255044
-0.023653880795508564
-0.007392356375893911
0.01247785658382584
-0.006168522177666015
0.014741378869009416
-0.004191172771485927
-0.013642927778972143
-5.166412897855883E-4
0.018416651218489295
-0.00425058879443789
0.013708625412542162
-0.0032423792454249374
-0.00947679060907211
0.01364832450714592
0.0017926411314196956
0.02588152859873824
-0.02978156136970724
0.0022814346539216522
-0.03232235122959979
-0.0034457940937143274
-0.013041300370398565
0.010854340245490954
0.00237399964523549
-0.007322784193742141
-0.010154932348922055
0.04101972522471724
-0.0016602926283222326
-7.882296324879357E-4
-0.007495425405355766
-0.00994995404110564
0.006858678190603721
0.007333757560762077
-0.0015440859629444485
0.004054350999977092
-0.015086208651654758
0.019621505999394554
0.010071334344603335
-4.6757761016959004E-5
-1.4880474138925052E-4
-0.01702576072474793
0.009050401689767871
-0.01593961805121308
0.015963598847118694
0.024186378672853837
-0.005256570786782856
-0.02626803797438538
0.0059602028613964814
-0.009861962047778023
1.1783793814412486E-4
0.035931366377657176
-0.026025653896072767
-0.0048773868392804004
-0.010754630430518447
0.017459241707908066
0.0083951730445834
-0.004215250084144568
-0.00598197217957945
-0.003362871358165072
0.007442544962900682
0.017079418291190675
0.03796854900351744
-0.005532654666705763
-0.015222733421256771
0.0019183654682711252
-0.016564044405483914
-0.01246731938308757
0.0038707370558040896
0.003774800783930608
-0.013537779995474786
0.01933291501746339
-0.00557983782612688
0.006222015958205964
-0.004392589741076721
-0.01853806219074522
-0.004965845901802401
0.001672552221676036
0.013837558845302463
-0.018210724907625583
0.016608975752058584
0.022439220721273405
-0.0068208527368704
0.004156380153942905
-0.01096156899688222
-0.016126191596814176
-0.01983004049479871
0.011511594865728525
-0.004041861364349439
-1.846799273683324E-4
-0.0032116577789598737
-0.009895517876677308
0.009820065807249465
-0.003055800903335815
0.0
-0.0036357442640193535
-0.018173641040920487
-0.005946833675555995
0.004424952556031711
0.004720406369520452
0.0075125223224384715
6.518267944434224E-4
0.006392035522799166
-0.017423141178355847
0.0068592532457469185
0.0
-2.8282056232121176E-4
0.015583065316967421
0.015356322794315699
