2.802037044992052E-4
0.01293616297913286
-0.006225546164936799
-0.006990820518694745
-0.013922908820158487
-6.164601524325485E-4
-0.01646510743259158
0.031004476405182294
4.121628497437413E-5
-0.017008384407466007
-0.008846909107678269
0.02581407723016985
0.03604538161277354
-0.036388101157503586
-0.04230298706283175
0.04264570660756187
0.014114821967089571
-0.0318161033468213
-0.02169154503958116
0.03939282641931283
0.01212122404602781
-0.0058380025372071626
-0.02906668133574035
0.022783459826919965
-0.021341203311974227
-0.0024155346586805897
-0.008992103297090093
0.03274884126774479
0.0025869605235999335
-0.017464502715423845
-0.018285058908832585
0.033162601100656414
0.036865538294962266
-0.033521116462337686
-0.01884892950293131
0.015504507670306554
0.07326058583280957
-0.07566164253702963
5.006629374241824E-4
0.0019003937667956636
0.09222985971607814
-0.11502497936686923
-0.06426556017158015
0.08706067982237192
0.07097905571127816
-0.11400144795473355
-0.07235137717757524
0.11537376942103082
0.09957757285341629
-0.13848480492159548
-0.09746745624645461
0.13637468831463373
-0.009997780321524173
-0.12814459302463965
0.09255819428375274
0.04558417906241086
-0.026265031627916068
0.006661509212896811
0.06708264462510584
-0.047479122210086946
-0.21198628871049136
0.02147745262126251
0.11410074016102083
0.07640809592820813
0.010893153066030684
0.009653032961890191
-0.1336092043862216
0.11306301835830072
0.14777579108309097
-0.10034330571992822
-0.10005081893920953
0.0526183335760466
0.06999784811916497
-0.07393093121760624
-0.08464107857360023
0.08857416167204146
0.0447089147613413
-0.06808024729321799
-0.062276510712383895
0.08564784324426078
0.013961278258383336
-0.054277453758339755
-0.025423412483569142
0.0657395879835253
0.031407144199418306
-0.05238230179825714
-0.016776560404942444
0.03775171800378112
0.02561648967167579
-0.03085073423564915
-0.011688013628849577
0.016922258192822892
0.03599301236170592
-0.03947442305759711
-0.013538712375430549
0.017020123071321728
0.027120346588001495
-0.03471115354311509
0.008487226583776254
-8.964196286627216E-4
0.045069378856470485
-0.031783016916711995
-0.027226464111385663
0.013940102171626959
0.04909243114341311
-0.03899162268694323
-0.009634194874843904
-4.666135816260644E-4
0.019698997466742696
-0.052543206928752764
-0.012263755542448112
0.04510796500445813
0.059123531972984526
-0.0670888264231021
0.027652967997041273
-0.019687673546923714
0.05868127802419743
-0.07369246760294776
0.02988206845755073
-0.01487087887880055
0.021843842449250552
-0.0680643187073575
0.046233960274467995
-0.01931997018468249
-0.018580459515222376
0.010429009128895848
0.024237624049877383
-0.0129544834963944
0.030533521388767842
-0.007622457616903493
-2.307540904843003E-4
0.020005759418685355
0.01681774011703192
0.008472478285105426
-0.058384682352017846
0.006863394555479296
0.021925356498483276
0.026123581976512603
0.010983560180425263
0.025738364337195042
-0.009815915645378141
0.005829671524576547
0.020577766301238726
0.007986116706510879
-0.01698852802517755
-0.01876122190835296
-0.02349288076728128
-0.03429512952271753
-0.01723740725038344
0.02775349480607031
-0.002647641146607385
-0.010743025085981968
-0.016523048794898906
-0.035193685165285774
-0.027522978864821107
0.011850284439147877
-0.029422154078784228
-0.04695072488394354
0.012426389951593784
-0.004708432904507336
0.0013958300926161828
0.04092258952903668
0.002497348747031756
0.07726462972294199
-0.018973214285714288
0.008631183200415952
0.046753908884705216
-0.028673471754471058
-0.0014310227511769233
0.027756901258538413
-0.01935052148024248
-0.018973214285714288
0.05144426881058166
0.018044530441884747
-0.033721715984485416
0.004562049441123324
-0.02749102562319146
-0.06145215338457971
-0.015448311500887667
0.016697676107904694
0.012543432898170415
0.04707273710792036
0.008242018689809037
-0.015486470264349579
0.012640682488026384
-0.016823809515410723
0.01883492677060105
0.011163327658441276
0.015427004367882424
0.007375318879351896
-0.04164380828095104
-0.030536035603875543
-0.00850504053288898
0.0019090450780950285
0.03324224115207024
-0.01630222558744661
-0.0016299827771336832
-0.007519123699463372
-0.01316501085101741
0.02160958163356061
-0.0027253353677145417
-0.004352860889843005
0.010051375078223405
-0.009347439249468948
-0.010379138952142696
-0.013197238186444216
-7.566800558950378E-4
0.01168554340589556
0.002445462298753656
-0.008596873474881042
0.006278580880577561
0.023392894613774293
-0.014215215523534922
0.007398919082435044
0.01724265138799666
-0.015541105200164287
0.05912672373803639
-0.04352596998753484
-0.06669008410561199
0.03853912818812546
0.004503214411162727
-0.020557432015625203
0.005765914511293595
-0.03662494028763059
-0.03471241845357734
-0.003711838170871576
0.018353081786033922
-0.01660342277320652
0.032578385240991034
0.014668044309404243
0.020302088286007325
0.0121244178904119
-0.01831777305522058
0.023397565034117832
-0.05960230692204954
0.0476730664222569
0.0293832766364367
0.026050494380133665
0.013210126188305117
0.023285996194636567
-0.012317382718324289
0.009428890826423546
0.004335496066770094
-0.007483400098980339
-0.017257080187978703
-0.008331232807390867
-0.00806157895518588
-0.014389680598767822
0.03897420217676338
-0.0136326107267137
0.045577011521880956
-0.02019430516880298
-0.002308115108149402
-0.010627815361908544
-0.031271937249088
0.0029027923604752204
-0.05285570298861701
-0.016874017739614836
0.013673090020527705
-0.041349458471132916
-0.005649352837006051
0.04723538221301318
0.006036994347338068
0.04040505929600949
-0.015484961171493786
0.0419611917053979
-0.017162034312849284
0.029620160242284307
-0.03414118033171049
0.006778275766545119
0.019531231643948044
0.007502815978633472
-0.027299684658282808
0.024656095786272526
-0.010712751480824803
-0.010068107284412264
0.032805034629484045
-0.024601985835674606
-0.005257360277700665
-0.03513512480708278
-0.004377312443851911
-0.01811811844566405
-0.02218522744757629
-0.008408721068944702
0.038742062904083524
-0.030291875455280996
0.036610664086750476
-0.04603162727678707
0.007881803783734133
0.005238595871053103
0.01731086915993076
0.03177813107073381
-0.005824244164672476
-0.005372871386725084
-0.015113195377544818
0.009314157083083214
0.0026148991679011604
0.0019740970675120604
-0.005205954779772532
9.306529670303348E-5
-0.004399189547354496
0.007232959335383642
-0.0017959753458982016
0.005178812442854102
0.021766090134221348
-0.03527762555121983
-0.009968242269479096
0.03979792755427827
0.02367047242204054
-0.01209578058919709
-0.04175872727922346
0.03398724917142038
-0.018070509954613154
0.06264051123339928
-0.02870003971396329
0.005856866164496023
0.030795550579204738
0.004413288759875646
-0.02722844095452921
0.004204161215981033
-0.005155794028594729
-0.03757664764161298
-0.01686590220073406
0.060622138852624644
-0.0061897944406166285
0.05773843884303842
-0.047596954609076196
-0.002841490492105938
0.016269705441722605
0.007931720923707992
-0.011273043847738631
-0.015034804600822831
0.011335715366884672
-0.026193657053402
0.017092762926976007
-0.029143276955719465
0.02586433892035351
0.052839247736732764
-0.010325551295965154
-0.045304052225408786
-0.014460098131477554
0.008869952884908428
-0.040918981579122285
0.016061920330867167
-0.025603087003297647
-0.058642766064792365
0.016335249240168385
0.0174031100989773
-0.023147795245275084
-0.00602635216199846
-0.0015475889848674674
0.008464784758631966
0.013968859677672071
-0.038391520034123584
0.0308476564503703
0.0038779693362357708
0.015311003808638831
-2.65722032175425E-4
-0.010372660885558325
0.01548587197856182
-0.009838339175852345
0.026518262917863043
0.012196562517943571
0.016125423789891784
-0.009646113933131306
-0.004992864778307869
0.009144021032207959
0.010659702080647648
0.0014020760432486151
-0.017758209396576984
0.005134920721853314
-0.04487107595565581
0.009285506121161233
-0.036941686673743125
0.07501130984629453
0.0012162114497176607
0.01609159774839761
-0.04231953683174177
-0.07526492317931528
0.0642506315706189
0.04417101830236597
0.010842814931036155
0.006468114400582969
-0.02303421862380714
-0.0223920670570576
0.00722645329059737
-0.009369410038589564
0.01309375200145983
0.008691909792369105
-0.007655599296283228
0.0053903318903105995
0.017923953066145797
-0.005820925593864906
0.019560621828154462
0.006459189498193241
-0.010861528964799772
-0.026543828477855157
-0.00524312965229142
-0.0034269463208304665
0.0024143192171443874
0.04793056672613211
-0.011578980725186393
0.007252717762628123
-0.046143549743786566
0.007767190560492446
0.06998964056881185
-0.018479348739163435
-0.06509211129059968
-0.020571903544488394
-0.0024327270171731197
0.0566699293095773
0.002414181864763681
-0.015480196844519513
-0.05111099967739864
0.015042561959927286
0.010661505226410066
0.006736230138939571
5.592570436958443E-5
0.02301301327156456
-0.021014045439349333
-0.05052278247843156
-0.025721687620174006
0.017038551469461476
0.03353089863693989
0.030537528269288485
0.02850312999429222
-0.041819769039246064
-0.013274271866628764
-0.003167700767060421
0.037938834856547476
-0.010075335123500385
0.004705184056041631
-0.025860788728054078
-0.016089841789832637
-0.027465351042375307
0.04553869433279975
-0.012907051358627845
-0.014380453222408444
0.039574570623684927
0.017635447224392066
0.014523578416087401
0.007385087771193989
-0.022548601622505583
0.02087623231455699
-0.01638647970788139
-0.015997718013776807
0.030119675562156573
0.00557601013303341
-0.04611364424668017
-0.024555246761172406
0.018627255021704113
-0.001913937424642402
-0.005799495519801825
0.011860799731128113
0.024066669570145527
0.012401038822482233
0.03342310914653269
-0.02291236972724012
-0.018232520124316566
0.006701072917954883
-0.014617471502675408
2.0090418291269369E-4
0.041206794401884295
-0.034362706624227975
-0.021984142923461868
0.04593396547026565
-0.012874131163225555
-0.0030672964673988494
-0.0013141760434671552
-0.032285157840393416
0.030156998154164005
-0.001810874394514491
-0.0468541934446785
0.053729633649673786
0.02891703702479377
-0.02937853614982907
0.018984594470311818
-0.032787325823623384
-1.8580228214806153E-4
-0.00639790988459246
0.05235788405110617
0.009156425041368745
-0.02864146586412335
-0.03944187327512373
0.020808532271986573
-0.02880118534304827
-0.035494738835668734
0.0349622430578541
-0.0016838579256115496
-0.04420089921650845
0.013151582840959424
-0.014237559183037273
0.013503764809122847
0.05429296251872324
-0.04723314365727567
0.001668316759375718
0.03541037017621876
0.011592616384866904
-0.034078399984831725
0.030599518668039644
-0.03167141150350843
-0.010076994739794405
-0.005242267950544966
0.05098886183072589
0.03258528858413999
0.002215323137641459
-0.0017766089827935916
-0.033615366546657824
-0.003132477491606833
-0.01450931060803723
0.015076955862046177
-0.0034337152852829105
0.009736765411472666
-0.039660732036824
2.672963694940484E-4
0.030944168374788337
0.009285031199521971
3.0056701134245807E-4
-6.95052991506016E-4
-0.024929335319712878
-0.005100281639474971
-0.022837725476167133
0.014305547173654226
0.015116868010865743
0.016999005507191342
0.004355471965951062
-2.0278221269710937E-4
-0.015442872396209558
-0.009606096718617538
0.018378692624121853
0.017616501354587394
-0.002481573235474571
-0.027161309289500887
0.039558693854448206
0.001134765036699261
-0.047048439218057916
-0.016708333331085783
-0.003809940164928801
-0.003380483561664198
0.043569224114861714
0.02373412812814349
0.012454968321029509
0.028078004773040635
-0.022139341086884742
-0.034272974971050266
-0.030063658949528574
0.017621966200434033
-0.010252074270331691
0.05929349728450692
-0.05354732058906025
0.01450038645207799
-0.034070151646650004
-0.002621881096105831
0.031029372952083443
-0.016080509986304753
-0.0303035326644637
-0.0021491203036569408
0.010864843900733905
-0.0836107711597505
0.015592509370565569
-0.035518992973781534
0.020575321345853312
-0.01005366559787325
0.0384839981638973
0.021503289994866413
-0.008825683750996806
-0.011650478232375572
0.09551414130505374
-0.04884521474992934
0.050535575264519114
0.019106483288168163
-0.012642051285284533
0.004156218876772949
-0.008493399571842425
0.008349807256266908
0.0025844038874315196
0.026580311512965017
-0.011269399474540425
-0.00961206060046809
-0.012630906795064827
0.007642895906964877
-0.002001874768406694
-0.020565914198520198
0.009692085974567942
0.04722737155635918
2.8193928573245347E-5
-0.010322203913552003
-0.0014818257313093317
0.01182010034783158
-0.006251901171957189
0.03193365719958513
-0.02433588279578229
-0.0260406864946574
-0.0010081026861746747
-0.011495651475443439
-0.0021141520810852993
0.047720372241058163
-0.03642403901922657
-0.03055089285591952
-0.006168859763723731
0.005574375324572847
-0.04817602447489361
-0.02192882478900036
-0.005130825312655563
0.002266081161942688
-8.526334191853377E-5
-0.006114023082202248
-0.026837171754199265
0.017671840598706145
0.009649731212194528
-0.028552190728062782
0.026682717243804326
-0.018337283076616202
-0.025967265336371753
0.02917712490378757
0.07182194254207974
0.027752187271617237
0.007168290209670359
0.015045062597416163
0.012954969110690662
-0.0022659952760326124
-0.0028715048166038926
0.01188427117603995
-0.029260514557669825
-0.044747909407320915
0.02589296943857229
0.018355541152705636
0.003789019080938619
0.015085920038575413
-0.026387627928623522
0.0057904770066235095
-0.00502255399594248
0.08518251286975027
-0.04087734840768572
-0.05466289059425453
0.042066445534809926
0.03677690541843631
-0.03186760845525215
-3.461077887299893E-4
0.00499284575341493
0.05297291635969088
-0.05604663559711354
-0.008836985768080959
0.013811222188535546
-0.00787265994239576
-0.01659621210324358
-3.2548110525643624E-4
0.01849461993233701
0.045702879884636616
-0.01344207972442232
-0.010812879142800616
-0.005471515906899097
-0.0683546393911666
0.036226573841780255
0.04847061748815808
-0.03404462084109379
-0.015297241712802655
0.047923212283942807
-0.004497049006349662
0.01792479098489922
-0.041254550247751196
-6.975638269249036E-4
-0.009248604622799743
-0.026648446522744017
0.02032666485420056
-0.06046839095691206
-0.039537317784179946
0.05314260009658432
0.026246296205342544
-0.012599236772859377
0.03965750393516594
-0.030039364877597393
0.031242152886929095
-0.037884645934921864
-0.0038386248503858925
-0.02082324375288999
-0.043222847829859704
0.0180455026133999
0.017451619979071065
0.02345240268598156
0.031227628579541002
0.010209121513283903
0.010675155017157349
0.0
-0.046789082176923485
0.005204873311623023
-0.03800227207313216
-0.011194326114195918
-0.021348495669667775
0.019799632838812024
-0.014822159400889733
2.2181708771686388E-4
0.006691419628118114
0.018045826009624136
0.00440991554572651
0.041175453573512724
0.27966004617060614
-0.013289432821903271
-0.10755419588633452
0.023623268725760066
-0.009397078903405817
-0.02242990306695731
-0.012334964018011587
-0.060416751587361484
-0.011467734876249034
-0.017457996141280525
-0.02859112129742243
-0.03682108018912574
0.0
-0.04882428513747304
0.020077327264978618
0.11848448759698961
-0.04141090691963544
0.011897792626109276
0.004784122716078396
-0.027391528366863465
-0.010225763296006385
-0.01518540239443008
0.041235771215017855
-0.01886000359928966
-0.044526071541509366
0.06164545232946204
0.04349256241133562
-0.010832201637826408
-0.03767578294610382
-0.01658449735090233
-0.037969319550344605
0.021944133767878585
0.07953127882605088
-0.05305604435709417
-0.05127610927074337
0.0723702066659362
-0.009929979250124371
-0.05807215832705506
0.06281199442572796
-0.021018293257829
-0.02682433397502343
0.0097242870545464
0.011641614127856338
-0.026536386233085577
-0.026334723868980017
-0.03995336549540085
-0.02031598174164126
0.09773865761428376
-0.055607780127333764
-0.010042978875496497
-0.0040086568491666825
-0.015999222539891594
-0.010732100049080918
0.01673529865673367
0.009438755077166816
0.0033555990080359737
-0.01136645340614493
0.03238037108352684
0.014858215481641145
-0.02358468336228167
0.0072864398742180266
0.048511414262881566
-0.018641391283713633
0.01931756681570132
0.24894302597975038
0.009602393365912698
-0.05432019871528432
0.05794741731930905
-0.03364346008736055
-0.030638249450120097
0.011713860130719745
-0.011922814021623759
-0.05767964348562496
0.004035848488471709
-0.07047739997565436
-0.03393364431735857
-0.010289160372647686
0.015585939591724654
-0.033779435369329786
0.08108538063519403
-0.012076933076803287
0.028657941729062306
-9.242653151074411E-4
-0.05594166483576909
-0.058193932604676805
0.005263509953332074
0.011819674436085644
-0.03784141691644973
0.043064707076450305
0.023167624842998898
0.026503802482362573
0.008415422298089276
0.03052363680418917
-0.04404699992968664
-0.015946591377447993
-0.06746949493349873
0.005075315000264393
-0.01859565040376222
0.016906459670911873
-0.09757071806634081
-0.014521010774490015
0.060806846796535856
0.013122048497564202
0.026884229806644677
0.04818306832341363
-0.03636955609349475
0.004846386601869243
0.024741371891622545
-0.01771541814111027
-0.06719921825878611
-0.013627640532464527
7.679255100415151E-4
-0.01778970590044182
-0.03301327111667195
0.013052124361962248
-0.018973214285714288
-0.022182397462751746
-0.05779810268001963
-0.0071538152839467125
0.03028358170582345
-0.013491656669017351
-0.041681565389253175
0.005091119464265097
-0.006767262716715454
-0.018628861755727255
0.0437377036321609
-0.004293585322960054
0.23666958924137965
0.008369620832797273
7.925825784082689E-4
0.08925423405379981
0.1257352645377643
-0.006141645981775053
0.0161902358551491
-0.012883706144535415
-0.010513470154297794
-0.0533315456269713
-0.014348579700681475
0.037980758066408014
0.004413487263727124
0.0
-0.05691964285714286
-0.00950108942425981
-0.04811744758711242
-0.003931586995014034
0.026191658583356738
-0.04019513133905757
-0.11060574117856424
-0.04042222190482656
-0.019078011849652556
0.056083481843701
-0.018949243469493705
0.03800918432822603
-0.011290778730293093
0.011644231759540465
-0.008860869577050533
0.0050664493800781345
0.010982999743207027
-0.04794750175737864
0.039301633208488174
0.06363309603108747
-0.0038028095712109803
0.023607007011364305
-0.06336081822601916
-0.038255075964001926
0.05076780631251901
0.0
-0.06336037849979442
0.04722150454758725
-0.023498398554405026
-0.04842659704696046
-0.009332600373379194
-4.449294079739048E-4
-0.05863009387396028
0.005565484098242202
0.04596542633932976
0.0
0.0
-0.0494286382492457
0.03331883478394966
-0.0527487496523824
-0.04182778088182851
0.03408346733130849
0.008570488238315223
-0.0462259731123292
0.0019657696756070764
0.018030321520917884
-0.04141737068639813
0.06920409320397407
-0.0056395497537120795
0.024691872559908346
0.16279698444294616
0.0
0.01394164776213892
0.054129482106731776
0.0
0.0
0.013552537749976022
0.009628893840578008
0.0
0.0020313163614698398
0.0018029548287625263
0.019403200286628543
0.0
0.0
-0.037946428571428575
0.023033968488559126
0.0
0.0
-0.0365975027740863
-0.10097019072889964
0.0
0.0
0.024004794613914228
-0.008419851539068803
-0.00953269363865837
0.0
0.17801622873023037
-0.1007329856997563
0.0
0.0
-0.007925747300804194
-0.07632685658446646
0.0
0.0
-0.02288955351223573
0.008562723648748514
0.0
-0.011290778730293093
-0.035881208579479434
0.0
0.0
-0.00559200001115431
0.037946428571428575
0.005847500025345936
-0.018973214285714288
0.0
-0.07385426091481109
0.03763012182742462
-0.018973214285714288
-0.011413569247938522
0.04430477181928434
0.04093441060473248
0.0
0.0
-0.0487081603612729
-0.0614981263803353
0.0
0.0
-0.04003489199000327
0.012843657466515307
0.0
0.0
-0.003070100858716708
0.20301669726236837
0.0
0.0
0.0
-0.011413569247938522
0.0
0.0
0.0
-0.0012406367048987677
0.0
0.0
0.0
0.0026564256313131333
0.0
0.0
0.0
0.0
0.0
0.0
0.0
-0.011290778730293093
0.0
0.0
0.0
-0.047032036576862085
0.0
0.0
0.0
-0.06028908407882609
0.0
0.0
0.0
-0.00953269363865837
0.0
0.0
0.0
-0.00356068364968447
0.0
0.0
0.0
0.17773072014041824
0.0
0.0
0.0
-0.06263862792126636
0.0
0.0
0.0
-0.018973214285714288
0.0
0.0
0.0
0.0
0.0
0.0
0.0
-0.12279653764576058
0.0
0.0
0.0
0.18735393099388564
0.0
0.0
0.0
-0.018973214285714288
0.0
0.0
0.0
0.0
0.0
0.0
0.0
0.0
0.0
0.0
-0.026265031627916068
0.0
0.0
0.0
0.0
0.0
0.0
0.0
0.0
0.0
0.0
0.0
0.0
0.0
0.0
0.0
0.006661509212896811
0.0
0.0
0.0
0.0
0.0
0.0
0.0
0.0
0.0
0.0
0.0
0.0
0.0
0.0
0.0
0.06708264462510584
0.0
0.0
0.0
0.0
0.0
0.0
0.0
0.0
0.0
0.0
0.0
0.0
0.0
0.0
0.0
-0.047479122210086946
0.0
0.0
0.0
0.0
0.0
0.0
0.0
0.0
0.0
0.0
0.0
0.0
0.0
0.0
0.0
0.0
0.0
0.0
0.0
0.0
0.0
0.0
0.0
0.0
0.0
0.0
0.0
0.0
0.0
0.0
0.0
0.0
0.0
0.0
0.0
0.0
0.0
0.0
0.0
0.0
0.0
0.0
0.0
0.0
0.0
0.0
-0.21198628871049136
0.02147745262126251
0.11410074016102083
0.07640809592820813
0.0
0.0
0.0
0.0
0.0
0.0
0.0
0.0
0.0
0.0
0.0
0.0
0.0
0.0
0.0
0.0
0.0
0.0
0.0
0.0
0.0
0.0
0.0
0.0
0.0
0.0
0.0
0.0
0.0
0.0
0.0
0.0
0.0
0.0
0.0
0.0
0.0
0.0
0.0
0.0
0.0
0.0
0.0
0.0
0.0
0.0
0.0
0.0
0.0
0.0
0.0
0.0
-0.05691964285714286
-0.029699576169157794
-0.08923300633601151
-0.03613406334817913
0.11412157622683089
-0.1492392533912253
0.08652702159311436
-0.029931891807457506
-0.07718620087778255
0.1416186429291304
-0.011239260418460427
0.06090755852813319
0.030877420574125115
0.04697321959314288
-0.11966395922486411
0.11822141498580424
0.0
0.0
0.0
0.0
0.0
0.0
0.0
0.0
0.0
0.0
0.0
0.0
0.0
0.0
0.0
0.0
0.0
-0.018973214285714288
-0.037946428571428575
0.0
-0.006711125091430768
-0.018973214285714288
0.0
-0.00401523679201274
-0.05437709544228203
0.0
0.0030905176776990922
-0.037946428571428575
-0.018973214285714288
0.0
0.0
-0.017160849062464848
0.09351659090685596
-0.0233031829909457
0.005961739739492065
0.037946428571428575
-0.02401560519335011
-0.004729706947957515
-0.048961637118391604
-0.07153230413152603
-0.037946428571428575
0.10695376504378389
0.055466113692187645
-0.037946428571428575
-0.007823412619570966
-0.0628581773128032
0.004586828141307085
0.03616286998360957
0.07419537341263145
-0.09503141283279133
0.013521383521130678
-0.06987154497875345
1.9908136914512445E-4
-0.07051554744270871
0.034771949923290114
0.177163159079404
-0.022615316854521707
0.025613927506950167
-0.0402875002015412
0.02604962913065232
0.04670570886191603
0.013011922579187042
-0.009844461383325669
0.011034388470355792
0.01272960823206816
0.01758208659009705
-0.018407488533754388
0.018973214285714288
0.041971429630332166
0.0017815267459051314
-0.018973214285714288
0.022193477502619866
-0.024362469696601132
-0.033263911795821284
-0.024091149161013133
-0.037946428571428575
0.07528266642504147
0.06236183370860486
-0.018937472379147155
-4.8561276869492527E-4
0.14588244579283854
-0.04009558514629041
-0.018304647888629268
0.09295935979363679
-0.022324231703489322
-0.08074310121270767
-0.04386115649846981
0.027202765895312474
0.042533209629507865
-0.03134580670353378
-0.02846550032036077
-0.01959269645017353
-0.015677473608637953
-0.05784802958829642
0.022055071428081982
0.03851852964724181
0.023692820375514553
0.01508092109024044
0.002676936707710173
-0.030006897458768746
-0.05413945995544714
0.04712521821374947
-0.05051131857081928
-0.034911381617958426
0.008136402658981029
-0.04773590242185128
0.031871458348060766
-0.0254348600660063
0.015249200470458678
0.07424122383874401
-0.05477986053404027
0.08909853188332258
-0.006839874011739418
-0.07401659878042348
-0.01821693629360592
-0.040227901479064646
-0.031131110609701623
0.020229131118783314
0.12860774178719347
-0.018401981541362383
-0.051620365791096016
0.04477953503953788
-0.01727758587114385
0.018296398630034384
-0.08174176554866551
-0.026393124225339893
0.03963265293387528
-0.01928741974350329
0.11331268761356814
0.02864241449041333
-0.05571702414202286
0.008953670419713655
-0.003150940476128083
0.032225123127861834
-0.038934562276119036
0.022375958599374003
-0.018105088306514364
-0.024705965682975395
0.020161362676828925
-0.0015454143085049162
0.00592139158971566
0.0466296156244818
-0.003577710060139856
-0.01942250053125202
0.21065942226649104
0.040496364127441384
-0.04271152425349703
0.06760381762974652
-0.008727845945135556
-0.04573520678506138
-0.013796358672417713
-0.002129436943445485
0.009506295645147118
-0.0241185644048012
-0.015909097924751203
-0.059040304932142594
0.03550787185026873
-0.061564190564786875
-0.03924043150784876
0.09697498149788396
-0.009354578313193454
-0.014050842495755271
-0.056844643071407214
-0.030495678864410222
-0.03956037544472224
0.045059321666650845
0.061701960436916926
-0.04836453541115858
-0.01356987478387486
0.03060310030581265
0.00425049276189951
-0.025983013842051945
-0.029012094680164364
0.00205333047437368
0.013339905471906052
0.00988422006925031
0.042285607051876506
-0.050648436648394426
-0.035955776203924664
0.025262763991321095
-0.06808854525884264
0.010323053483504152
0.08174888437794628
-0.08299153237143037
-0.005454610002499336
-0.026777517143378966
0.058282850839310424
-0.01976098886004707
-0.0670067075955135
0.01584865138697493
-0.004558889435589847
0.027440373449478046
-0.01956513483773485
-0.02482212269152264
-0.039112665832807134
0.0072512762649355154
-0.0036052499832009005
0.02721218667506095
-0.03427454296044893
0.047297291918178386
-0.016664659275269396
0.022145389708629143
-0.005522494821644148
0.003371918156061545
0.02735939406770893
-0.014104764387964944
0.006325820083973407
0.06932669149209168
0.07612142386446787
0.07124552628117277
0.015826139118851675
0.060832226902946845
0.016057080296898882
0.008787652724036284
-0.04170653592930766
-0.03216323479985847
-0.06316513910195747
-0.031492752981949174
-0.051545659328667795
-0.028421057949061662
0.015578636521604187
-0.018683408234203294
0.006291569627874663
0.06643538110631736
0.01683490978557886
-0.08286133789688621
0.018672928812708944
-0.07262851733330294
-0.023245187287247778
0.026798680843036174
0.04911087035482782
-0.01580500887046165
-0.00705666384742722
0.0661398865255646
0.022251837939668003
0.014044882564191213
-0.002641330039565952
-0.025324526197528934
0.00937172034165338
-0.06759407691241456
0.010525841584307524
0.005657393243643238
-0.012987046755762281
-0.029379036488684947
0.06207655826133203
-0.0825463122161944
0.0827778088328858
-0.06045564641176182
0.053460094545491235
-0.013933251744276228
-0.0058868131429496914
0.007461721196549281
-0.08085344101726807
0.005306599214979529
0.008596705440966438
-0.034462253116857945
0.010524437444502587
0.0
-0.09601880227567787
0.05234282847347507
-0.05336783253787727
-0.023362347102390466
-0.017003351756975402
0.03596655830583993
-0.03175347404734258
-0.00838007747418925
0.02749852692136618
-0.01149857078739352
0.0148653638328866
0.048370821256845636
-0.040673310685031425
0.18106339210400318
0.04765354425933673
0.009616538807313783
-0.019322503034112832
0.07605903264631914
-0.009073860390936404
-5.46213282391371E-4
0.0314025616059423
-0.027740906304684725
-0.04434084356337684
0.018910212007071825
-0.012432136485847869
-0.03664401305772662
0.0029052424567097834
-0.058149764072116306
0.029075785316227648
0.037336237853612904
0.029734924969525452
-0.0063434157905795305
0.002662387946520392
-0.024533278392360455
-0.0534962863960138
-0.008140504468041392
0.003629395256692723
-0.012314930144149921
-0.0372866930189449
0.05755723726160038
0.05460310801507118
-0.0016948607562960877
0.01498002970233256
-0.0646329509745921
-0.018865657574089457
-0.003938752929892996
-0.053182360510325044
-0.004711640366395941
-0.007526200196659626
0.016905018622144607
0.013431893291261342
0.022266260554161255
0.004559958387129429
-0.02792430790740204
0.01007671433923068
-0.011403874356912001
0.0061263830969558895
-0.012481330689857878
0.01126403494357757
-0.011133700950183005
-0.028817214673089408
0.010273855703980157
-0.0036487211446018354
9.506270845326932E-4
-0.04606903665077659
-0.004283639991497517
0.011473531659049192
-1.244315797135527E-4
0.009186465793862588
-0.010866079833105283
0.02724524676053706
-0.03185727556982
-0.038836882438731055
0.027035595973477038
0.06367074684205676
0.03536059389780814
0.013847025229962236
0.032564077211220906
0.011996114848836562
-0.018795964723117203
0.01631788039316258
0.011039357055053354
-0.021451504365836965
0.029458592974008525
0.02284227474783479
-0.031337253621135354
0.010715351943762065
-0.006251188436610298
-0.05752851439670613
-0.017191001045474302
0.019381444904046457
0.007971250216467371
0.008426919142406593
0.02836751862168537
-0.0290744512322881
0.010379798147202926
-0.005632452870537746
-0.013337615881016765
-4.211703885414267E-4
0.004355869774162954
0.029127638621427268
-0.019607226783033886
-0.002573383092410753
0.03942143674202077
0.013612249410029231
-0.0016819220160122147
0.008558674280313601
-0.05919244214791662
-0.01494131710358814
-0.013271139218150818
0.03337970765742633
0.005148026198810083
-0.0432299214348896
-0.039603387903900805
-0.013045443806642935
-0.014166384171949722
0.0355850836276233
0.024833043692909562
0.005652236766070434
-0.04774908230485507
0.03608765917890731
0.01546965854732546
0.010110237565629558
-0.0016137560312199806
-0.004436177894986255
-0.027844912169826874
0.018785528351827112
0.02887922956855455
-0.010690597750438718
0.05584589377473372
-0.034528777960100565
-0.039306166855500965
-0.023054802569510608
-0.001666074713971115
-0.0037516170410091722
-0.02405709718393692
-0.007393124150172745
0.030441776674129853
0.011883541240593539
0.05466714399823033
-0.006780810579410592
0.016465543179507693
-0.0018464772822753966
-0.015049477294975102
0.021638448508615852
0.03034440569443656
0.020524973038261493
-0.001669130317995364
-0.005891101682777207
0.012646348153961443
9.464421054855182E-4
-0.005015285758343292
-0.025530449255262926
-0.013635798754582772
-0.018973214285714288
0.0053904029454607955
0.04662860228199875
-0.019101543896875753
-0.02192639907258124
-0.02334104972297782
-0.0159068395046827
-0.008272608220880141
-0.02646539803297763
0.009134685075980392
0.007941942420772789
-0.010269317743054769
0.05489540290970986
0.0256925709960832
6.135051546181797E-4
-0.016701284633036488
0.02573977914174291
0.013845502951581282
-0.053557261148278315
-0.013805532370276676
0.002129370918649516
-0.0035402450104006977
-0.005523991631723282
0.01697745429988705
-0.03421551876711494
-0.030177339474778665
0.030750251529532494
-0.004993324471020443
-0.007133700985068874
-0.05009727871709618
0.0076662361256015915
0.03434301361862112
0.027502768145128247
0.02093352662175414
0.0016514539715475236
-0.023049236578461113
0.04112564073536483
-0.016913642232328052
-0.0024761510076031293
0.028198050495149504
-0.027494290038166395
0.0328892407170939
-0.0056065071740234226
0.0020437525306570177
0.00662923942969252
0.01323365094827959
-0.015961892587242146
-0.021632384226308345
-0.005445605598430126
-0.014790554784935447
2.5041623475394528E-5
0.023928129173105536
0.06563314040510979
-0.011325109022645954
-0.029494689162510405
-0.005331206920795688
0.02302751600284155
-0.04289804836563958
-0.02182955169319914
-0.01714433020468448
-0.026761843170389273
0.02522377813066437
0.003768797315985884
-0.004499265911654246
0.01913298104952618
-0.02359264168245505
0.07054523980892599
0.0011617230925958545
-0.05542808551270473
0.013288928503825414
-0.023646254350408034
-0.0018648224407101129
0.020336942809418754
0.016245955297006297
-0.014281142565333128
-0.01212429954079166
0.0202965578305704
0.045089898571280554
-0.032115994683908015
-0.006075876624438294
0.05730865116423317
-0.03238326666186247
0.0018692536310233902
-0.02736717966285083
0.021494864936763086
0.012508625545540494
0.006108017971759604
0.015225875005755802
-0.017731694636500615
-0.025089235962947598
0.04619661852047742
-0.019562030452105868
0.024991196957881195
-0.037884543590614925
-0.03872326507150584
0.01840401114195426
-0.00841859434701023
-0.0207280992859803
-0.001445674205301159
0.0129659138429852
-0.008310434219350378
0.018973214285714288
0.019834751919572433
-0.0016738045832095992
-0.0632004197141455
0.03280431963047831
0.050195459423016425
0.005579518394511533
-0.0191359586517094
0.00392451801510193
0.0036258577940014095
0.006333419571349409
-0.026114474316532472
-0.008869446950580874
-0.03212019806882062
0.03507593566342597
0.04908024468021732
-0.0043524617648735345
-0.017917426368208048
-0.0034208709373179723
3.928701665364062E-4
0.04943128884911368
-0.06934356305878853
0.052965063355572654
-0.007835668421156038
-0.007524755012872825
-0.011848311224603239
1.0561037045728541E-5
0.03837615835696168
0.010037328458776498
0.0034537895564578955
-0.04551123531115568
-0.05139831323848901
0.02199532636074227
-0.0012451508595603226
-0.006919517801078754
-0.027869030992549126
0.004301846205290488
0.01715184775406972
-0.01252167236791367
-0.004543189930544086
0.05187971419559267
0.010633078240930034
0.002311781178982942
-0.025817824473626523
-0.006741686244609666
-0.04094384799868345
0.03025221691384917
-0.02090237121401676
-0.010437919213025212
0.01984416217009133
0.010886081223303552
-0.019411746093933632
-0.01387149381625994
0.048430949812029375
0.021205941224596153
4.064188003845941E-4
-0.026889855056943315
-0.007197654639740436
-0.029763513749127446
0.026455108105788706
-0.05411109985592861
0.004849565426567323
0.036968714500783706
0.05292452429951223
-0.010190856518180403
-0.005107829621204792
0.004282725390089618
-0.013386487046272919
-0.044028963513892065
0.01387784976732638
-0.042035853788040096
0.04191758389255418
-0.005482545768423205
0.0031943185922263277
-7.807355505297202E-4
0.0066811019651034885
0.014203115778781219
0.004941758339704755
-0.0039895831474332545
0.06063471408806994
-0.0025655890072328706
0.02252822715845121
-0.05089326771206448
-0.02197838842057124
0.03679260508725245
0.0013529871683675074
-0.019153114970385604
-0.020135705822544488
0.017138268215964023
0.0016536356422460798
-0.0030824427145474485
0.012922936185846907
0.0073208708250929785
-0.011577408703084557
-0.003837980432858896
-0.023373271977800363
-0.03404256168380758
0.0033418874726465486
-0.006200447777257882
0.010151568126848457
-0.02025538843927538
0.02453614233380383
-0.01859964429712474
0.018154722604946563
-0.03891802173656806
0.0383728153331538
-0.0074924319268953425
-0.016697280940127037
0.011741594245228644
-0.007079922162390798
0.031649087281504236
0.034008519820866626
-0.03761332443462269
-0.008082012347607765
0.04163196130260247
0.02797894947741504
0.005571924789798767
-0.034229396168210274
0.012661080258349777
-0.042716263956110084
0.0015442126888213711
-0.01584661879705594
0.05180010103315739
-0.027750213224382064
-0.004503766727465169
-0.02251436667604098
0.026546439544259746
0.010613204015161335
0.025222111562465108
-0.017002316430581445
0.026861544807182353
-0.010391322271326019
-0.010871943460534848
0.007038280621598052
-0.02238735675271774
-0.008107898457571806
0.018641649976231765
0.021123405736367243
-0.059355891930980696
0.045778161894691353
-0.014194264588291684
-0.013249535056506515
-6.142492938492235E-4
0.045741772870190496
0.012066502996381996
0.003921516694699059
0.02015337338502598
0.002670375177402518
-0.02694513838023624
-0.02036753681637152
-0.004357063543992786
-0.0031289770999796476
-0.02385011398375517
-0.0366656132384742
0.06443049017511757
0.04518957901506481
0.006171255825267416
-0.04843953381322144
0.008478489593351679
0.03075568348759953
0.01475545262308696
-0.0303711403708785
-0.009379188827441758
-0.02990467943883524
0.0024960822140642352
0.023134824247591362
0.01551097095442066
0.030556856316141637
-0.024703017592787632
0.018719431382058005
-0.025875256149852904
-0.013968371811671033
-0.031112968443816655
0.03461882456446168
-0.03701652007085229
-0.013389796945282466
-0.011094913926774534
-0.0060758574762517165
-0.02224457728297109
0.006840546146145489
-0.025988662159354966
0.01976800937367173
-0.002213784216013176
-0.029387730650392914
0.004607839607076447
0.05558197975907431
0.01450114919895335
-0.006483140757741087
0.026241514811815896
0.00851437805618977
-0.046403417649530675
0.005691602030205117
0.015693980154131097
-0.0336745090994116
0.02654253083110454
-0.02669128479235474
0.024899363212447387
-0.007305489948535186
0.009461845283007319
-0.00513392815998839
-0.020633066180262033
0.001526568276655954
-0.03018080653442834
-0.019659507919761395
0.0048526822939630836
0.004850392866294163
0.06369972985856001
0.06162447153624074
0.03866924315438539
-0.039714787280255515
0.008220334032342054
0.00503493491633028
0.033949435697340775
-0.0033510125047216915
-0.004212336262123835
-0.030356759877211894
-0.01462143600256452
-0.004233152774161614
-0.016988641597904725
0.019378095442184856
-0.02699704969808394
0.04013940265924988
-0.017448310297633114
-0.030275285914999575
-0.05410580434033731
0.0557342734718554
-0.01843822612416046
-0.05349791918393758
-5.274085341759327E-4
0.028648534977450006
-1.615623724160846E-4
0.03168271146187393
0.015012513164393393
-0.008713016416002698
-0.022752401353908228
-3.056115034942362E-4
0.005453071398964341
-0.05879249256478475
0.07204700114673668
0.018105312383619017
-0.0320682552892078
0.038704109404563106
-0.03183494609319363
0.011879087137399274
-0.03708772741452679
-0.01106074610108865
-0.028308971771512217
-0.05474836910511684
0.010177252586001169
0.04120163121576477
0.042531851482664994
0.008596782055903883
-7.422896373132995E-4
0.012218710471462987
0.002802373799736097
0.003190646059512874
-0.008628352152275339
-0.025707710365478344
0.036223974984132115
0.05526471013515105
-0.03498724329934108
-2.1909323712364717E-4
-0.013905889111456592
0.01962278870159808
0.019746357133669828
-0.01806936398076859
-0.021755720180775116
-0.006072062272069259
0.019668866809968773
-0.019132318978919087
-0.005706203827451701
0.012881356100033483
0.003943033829451751
0.013531835059955675
0.02228891907493214
-0.01663382393303458
-0.008558684415669131
-0.022623591506307734
-0.008317068772423632
-0.029912842562406124
0.01311686410112231
0.01911571394353931
0.02669614974842913
-0.0011131884207387583
-0.009020734846149977
0.007345021259304337
-0.0030399611932955158
0.04278589174351525
0.011902685087663834
-0.0021008293957580255
-0.03390693443047802
-0.01305687064507383
-0.0015922614370304927
-0.022460471562418587
-0.0015433399061801287
0.028636797123190554
-0.05889821354305903
0.011992027791486864
0.032287071762897634
-0.024308723920113164
-0.02169654282890677
0.024211488069763407
-0.024794980838252198
8.667013748533715E-4
0.015981557768144625
-0.035944072508158564
-0.014703815453696138
0.07391405092414582
-0.011714555725260787
0.008624258941199933
-0.040509067258585114
-0.02521272898378093
-0.0064701788292731155
0.04562638500685587
-0.0037573791489700203
0.0012050789235217366
0.005807576617450632
0.003988220788229059
-0.029965787979124504
-0.003318666103313161
-1.2396928767863594E-4
0.023726031323978086
0.0013138077895389517
-0.013532957698027143
-0.009141970851405244
0.0025761118013665468
0.01748141562160172
-0.012465224470003686
0.0316390977782255
-0.04791833416085574
0.0031777624396429477
0.037946428571428575
-0.02886617102057318
1.9227360537030311E-4
0.042422329665162246
