0.00892708620282169
0.011808125234294656
-0.011357092291299671
-0.009378119145816686
0.009612083447440457
-0.007539444164514037
-0.015546833738510072
0.013474194455583722
-0.0060303594033028415
-0.013812771481318566
-0.020691656856031016
0.04053478774065232
0.02977277066952756
-0.03288742167994094
-0.026587664186718978
0.029702315197132383
0.006901247440593707
-0.022394121660437916
-0.030587997003897385
0.046080871223741375
0.00509439143656424
-0.005282308864380442
-0.028070558041885903
0.02825847546970221
-0.028877337925029188
0.008005844236053127
-0.011332635879333398
0.03220412956830951
0.015315318871488435
-0.030128471916539203
-0.01684921608463085
0.031662369129681546
0.04203140210108319
-0.039637303359223455
-0.01682520464148222
0.0144311058996224
0.06826967058869829
-0.06493946592583688
-0.0019534143486395136
-0.0013767903142221207
0.09254731929914568
-0.11228547600100437
-0.07142135292115073
0.0911595096230095
0.07046180265501538
-0.11017319769042531
-0.0709552653898059
0.11066666042521589
0.10470284696126586
-0.13609725107471396
-0.10210523364483062
0.1334996377582787
-0.006003261726938533
-0.1383573356608946
0.08579073266779359
0.05856986472003958
-0.03322459647009493
0.0029147487793439245
0.06242898087145818
-0.032119133180707304
-0.20802051699073518
0.00913521355629407
0.12001248675560915
0.07887281667883195
0.016965598825663026
0.004484624364521746
-0.1320838916622947
0.11063366847210981
0.14177075073142464
-0.09630320738792383
-0.10549989477986524
0.06003235143636434
0.08987822459914989
-0.08244783531151283
-0.0923151741024285
0.08488478481479146
0.03280461215830313
-0.061329696711511214
-0.05683971628231781
0.0853648008355261
-0.0052562519532509885
-0.05256740291837237
-0.019405367136551586
0.07722902200817486
0.03670366100622961
-0.043392994552045594
-0.025905416430190422
0.032594749976006504
0.026237895094261467
-0.037319264569501756
-0.014439450351241282
0.025520819826481356
0.037992492155971086
-0.032293925998034045
-0.017882942617302475
0.012184376459365327
0.025662467353762954
-0.031166121097461166
0.01372359388657277
-0.008219940142874766
0.056600937647646024
-0.0339365651833287
-0.021319192065837978
-0.0013451803984793525
0.036691801793627465
-0.03969827589053758
-0.01087268803906108
0.013879162135971294
0.022653609326959916
-0.04954074255786557
-0.011987287250202927
0.03887442048110863
0.06608820255145709
-0.06121414243236535
0.011542541451019173
-0.016416601570110843
0.05834974215515115
-0.07707217107100575
0.02357940700679546
-0.0048569780909408986
0.05181685239263653
-0.02670567940371754
0.010017623312133605
-0.011756929213326892
0.0013247260776624243
0.0243030641853725
0.034980399931587094
-0.01117182473151109
-0.018525716373229015
0.014806799761277547
0.009281737054021945
-0.010182031744846273
-0.015835775486956666
0.0025704163828038605
-0.04526543381712203
-7.311421239643151E-4
0.010116380753545411
-0.01818307293843429
0.011579125630184836
0.053571428571428575
0.02854459332780004
0.004664256610847946
0.01790106952090344
-0.010975591098092511
-0.040265887144293064
-0.034844711243420576
-0.027248221821933268
-0.02990746880251151
0.0020384182457526216
0.04406310577784203
0.009375764692452241
-0.00862106484777729
-0.028136733553510578
-0.012789418183502148
-0.005308860538189469
0.035511676830456064
-0.04516918268769868
-0.03375394835035707
-0.003569942782741132
-0.0043375120728330946
-0.025525150395985404
0.01718245529268929
0.015229621562276176
0.07571559928482091
0.00925578092513975
-0.0056161090570806685
0.022061041833208405
-0.022106410397992042
0.0010792945546260861
-0.0019520866266792454
-0.0191989454975806
-0.040048572642629884
0.03217940381152262
-0.00522765126559881
-0.041094817014977775
0.0038635123735999847
0.03259402026134722
0.00656467719416131
-0.022743077361145718
0.022320520738260304
-0.0015213841116620917
0.011105130382477346
0.013311258440891184
-6.094023824286324E-4
-0.018686006134632935
-0.04091093152267152
0.030604155816653773
0.06386857598794812
0.0018692082856454082
-9.494561358871223E-4
-0.041882366329454995
-0.018667642972636515
-0.01513431738174679
0.017664543033678173
0.01992873315679815
-0.025370015902181176
-0.008917032148150941
0.0061424099151682916
0.001628558155926857
0.03842366762298366
0.011871904283383328
0.012165822068484919
-0.02091637932131398
0.013758193498732136
-0.0015151601573213736
-0.01888380991920198
-0.00796408811835031
0.018348779375138263
0.003511194689043852
-0.02796153153259091
0.01840289158720663
0.01426415491111206
-0.005621613604305046
3.93982953173078E-4
0.010458777410541992
-0.027852562288246733
0.03778780084353026
-0.027584906106633722
-0.044892935342973644
-0.017032693046083146
0.020140464125026725
0.005036883377770641
0.008448534365342986
-0.02991666086343278
-0.01391453269511228
0.002306222505644464
0.017778960722410492
-0.03165059109972353
0.02842396516719983
0.011960992403196135
4.8581165834287593E-4
0.017075850246984575
-0.013866926841237076
0.029270197559404767
-0.031203194556663608
0.009736963410769536
0.022780231624740244
-3.5639256605480077E-4
0.0327742788077745
-0.003075574380417369
0.010090910662338082
-0.017336298679998967
0.005228149496522547
0.00149986967056814
-0.029047320048873858
0.016154850966577653
-0.025467551695483162
0.006292001025617097
0.03636297916675258
0.0016321478245467924
-7.420256924132694E-4
-0.020146329147842486
0.005665574188986026
-0.011835471700354344
-0.034062040864993225
0.013172120374945997
-0.04442751679452378
-0.007475092088978057
0.027125459139442587
-0.04163120366023826
-0.0019189016640623348
0.02351332739269385
0.024668176840916156
0.02406843728181898
-0.021004825834983167
0.03632160720458196
0.007352421203073747
0.020605541305418446
-0.008703591225027786
-0.01877116068764494
0.007720193549868075
0.004601783119431377
-0.04081530907696621
0.06727286929930366
-0.022671256698426224
-0.012409944798599026
0.026471348937585203
4.8373948023045996E-4
-0.03978844442073383
-0.02047774283843021
0.00807208634439956
-0.028681339375641116
-0.03451459056126901
0.039677098867033425
0.014223520569895284
-0.04204966994303176
0.038968545012646086
-0.03646946031277684
0.02782383536782072
-0.011893409906405316
0.021053856196247597
0.024354453305274817
-0.0023246335437203114
0.0015698098025809393
-0.0027976884767578307
-0.03770407020232729
-8.151052527643858E-4
-0.017937410856001174
0.005860906641604451
-0.0022703911669689093
-0.02925642446493122
0.038153038548736855
-0.012443508847252977
0.0381991310015625
-0.0011873705884527259
-0.026157496947797957
-0.015084297888722887
0.029534760954302113
0.038735581310586256
-0.026539609707257633
-0.0012337021371268929
0.022976687141136855
0.0063223152812519326
0.02644429340582012
-0.013947080526260747
0.003795606262593264
0.011964368287810414
-0.025318286083472266
0.0060915343586889536
-0.001402611765540629
-0.034382954742690555
-0.006822265771388253
-0.0021186155772270256
0.021280547682301774
0.007028487821998563
0.08000414539419852
-0.027256191568923623
-0.02191052178963296
0.033427533775805436
0.00848322063241268
-0.040094840841509174
-0.019886834497786606
0.018501864968694402
-0.01659229785438474
-0.010383392320731384
-0.026029438575872504
0.014851593383204863
-0.0012320497713773984
-0.005738451307657056
-0.007697903453902446
0.009970186148396818
0.01884733720090771
-0.04649158570367347
0.03717763653753198
-0.043096378816231566
-0.0244011856383611
0.031071767122473216
-0.02218056376000253
0.0018766390720669351
-0.011295680541754506
0.0014441112046328433
0.029721800621177064
0.003895273246363233
-0.013908075791297984
0.02578127811844138
-0.005344714824965518
0.015505029536012918
0.011056017903382325
-0.032485710104997546
0.005772728466341935
0.006402358826189069
0.012100358126220463
0.01908136790777063
0.02337931018020865
-0.04977614085036866
0.006166916589010103
-0.0013582432865116133
0.04399473451611781
0.004256454486534866
-1.7986292928303532E-4
0.02334962446501391
-0.04657787421596815
-0.0016522389884744374
-0.06863489373501303
0.044983870018584664
0.014166574087101098
0.054561682731686115
-0.03039793379518726
-0.055173212470462765
0.034065292600978764
0.031986874226310386
0.037066254675786434
-0.020966125265881107
-0.02546031711012355
-0.02390489236974635
0.03177665231395964
-0.0078053579906838845
-0.003955188291055468
0.0
-6.547488266756234E-4
-0.007010183954548
-0.007227549033763589
-0.029586547263593308
0.019195265930709218
-0.007903652127035091
8.616649381222689E-4
-0.03772355882064231
-0.013387953819868254
0.0019218580045273145
0.0021503067453818242
0.006157050319446026
-0.02511111717703759
0.030010501230178746
-0.01526242441650838
0.0017149374405758967
0.035422574793128936
0.001104400517798504
0.008042572044378395
-0.03127958115448953
-0.023145138506011055
0.021952358325149402
0.021092727708763588
-0.011346398685194253
-0.0499908750924004
0.007459498848929987
0.03173552066531797
8.077832997683866E-4
-0.006060396182369131
0.05604111200652091
-0.009514663425348964
-0.04282569744125138
-0.006947414974608145
0.013941779827277161
-0.00250861222395197
0.021298125892572427
0.03441965399569068
-0.02486631537032924
0.0
-0.0010557798024767445
0.045681654602808375
-0.002817303039143116
-5.359649977129746E-4
-0.009899865368123529
-0.009761437037242894
-0.04381658953278904
0.0022282745791455004
0.042218529070129004
-0.030099196664629867
0.0265945951111568
-0.0035075102153138997
0.03028553505124168
-0.0250609905085444
-0.009626532766227196
0.0193956684297056
-0.015831826235794808
0.008718735067325335
0.03231910403452902
-0.025134165240857962
-0.08389094132760264
0.003531934936844599
-0.0012325730534055758
0.01560075780148591
-0.0029502815062957006
0.01911662656198317
0.03924474184916655
6.085983430105975E-4
0.013853499951687016
-0.019709655012400885
-0.004085254989693371
-0.008197453031595676
-0.021605642199173575
-0.022317680927324928
0.05816289475629659
0.005129508736528108
-0.008655558700200426
0.04203396426448433
-0.04255840024885987
-0.005222076766990968
-0.006127025986103672
0.0021804725643025796
-0.009954298409820095
0.021790397134484447
-0.03642091834415137
0.017452690447144144
0.01913464729466261
-0.02700634351631086
0.018973545953144585
-0.025646659838450693
-0.0020805240439515597
-4.0266015343232674E-4
0.03570324907400148
-0.011844023082802357
0.00470099884693952
0.005869440875088117
0.03983032888015782
-0.053260675381858226
-0.028634041230119416
0.015560386178052511
0.017333789800203038
-0.0036643353391883245
0.0016297152701796654
-0.014191400661740856
0.01601528968482553
0.03861535327397826
-0.033864010370501234
-0.023045418261087268
0.03281727876663025
0.002828379097228932
-0.02908763712949256
0.028072570767317864
-0.014015003991080802
-0.003102608039260722
-0.010918045894333858
0.02283455849602431
0.008343094489913506
0.04018744726755906
-0.016990390595561573
-0.006488244702930633
-0.009109728994389025
0.014224199287797773
-0.01662230757634139
-0.01947445313005683
0.017104199621849704
-0.026368776267715433
0.0026395108372158794
0.013677640617571585
0.012843420724195647
-0.01963096782873855
-0.00942294274607882
-0.013789038929320069
-0.018937178856046406
-0.017546333432734314
0.0025263499568477085
0.03150852953493474
-0.002153920610060891
-0.009121464689702648
0.016636937935650485
-0.005991805060358974
0.00516249494006288
-8.098159799400338E-4
0.03453803092615792
0.015646754490092063
-0.01875969273962842
0.02976685292087915
-0.007065876752517448
-0.047394018347582695
-0.02377935622190389
-0.02357317858258293
0.019605841489158192
0.0037207211281572836
0.017401531455504174
0.019784024652664253
0.023742880011322583
-0.02437818090373551
-0.03384219505918004
-0.02826409444389658
0.009136851151567892
-0.01520817323330979
0.03567327788867525
-0.0077388275266379244
0.030327694061534488
-0.013941451746670889
0.025604721769747766
0.0072997236873988194
-0.014750057068644549
-0.0014163709918243936
0.01415995040927313
0.017405389353028246
-0.0632589584174803
-0.0033725656396542793
-0.014060260617521313
-0.006027784908643131
-0.02135858818369541
0.031184990024753
0.02638104390059111
-0.0292236968679592
-0.006510179670617836
0.0701467727895578
-0.024883517750123475
0.022744978408840478
-0.0024715136839580905
-0.0041586657930479404
0.0392450502056948
2.5089745778094155E-4
-0.04574491820835257
0.012616629484517475
0.007464361313272802
-0.015400964034371068
-0.021551552135311874
0.019879898638209933
0.016440771865318466
0.013787005155811025
-0.0016109986924761179
-0.0012921433603163696
4.5525608286424955E-4
-0.0019882729362794014
0.023023182945354246
-0.0011923338316116826
-9.979600525102522E-4
-0.00338648749681756
0.04695929303249605
-2.826968793806159E-4
-0.013314185041545539
-0.0061973061438100295
-0.006964427703126459
-0.013025529158366607
0.036434077703343545
-0.029545557231671335
-0.037827293160559966
-0.022278232044917846
0.035523439952862834
-0.04267855186465647
-0.010604045147837011
-0.00787660405515813
0.009089736450170173
-0.014237580009235636
-0.006037566974833274
-0.05028506106629642
-0.0036496710319757434
0.018196061706199668
-0.026455644746624835
0.03686505880364718
-0.009220168999163737
-0.03146949418663597
0.00757172327971849
0.07841915180518808
0.02546072844076853
0.008577429159761351
0.0220998921733037
0.0
-0.012734477356070226
-0.00159694337468088
0.01293452124314542
-0.02542973981485085
-0.028951908805840622
0.029433345727447432
0.0407596687741296
-0.03391241080341604
-0.00809186238836752
-0.01142802626351935
0.003966264656293315
0.010575887761577705
0.09859760540370184
-0.04996964868957784
-0.05228114797194973
0.040209097984197875
0.04485610405503712
-0.018201141850764976
-0.015489632013175488
-0.024509747423430706
0.05956244264643032
-0.01817369478805692
-0.010814858853364239
0.0014736272818536905
-0.010859938703381143
-0.018804389261642036
-0.015118895636032359
0.03155561992123778
0.01744548334453258
0.03510839755925242
-0.02407454791954755
0.006123016263047027
-0.06671326177503796
0.013436833048521103
0.06790789912817481
-0.03360158382461106
-0.03848643380651514
0.031495029655681434
0.00555525384240186
0.009547479400887453
-0.026756336302682492
-0.025848502191239332
0.020073440891752472
-0.030849470673841046
0.022790725797373818
-0.04466807388826296
-0.027691515480835885
0.011117460005635921
0.016995470789200672
-0.014724311049566693
0.012958382915978985
0.01080159459985304
0.029306003632220943
-0.03135171678988572
-0.005155474034175132
-0.007010768619093659
-0.029933196838082717
0.0125980401514709
-0.011182067144951633
0.03832424131163793
0.04007218725072634
0.008132661315855352
-0.012642030385450921
0.0
-0.024374706769147915
-0.019405815254512283
-0.004106918956006601
-0.010768631546348831
-0.03815514556053409
0.021771264348889718
-0.002428197827896543
-0.009088224877483383
-0.001799683864696503
0.006319591682833473
0.0030689565239271806
0.05783579981946742
0.30213168789181183
-0.059103764099703436
-0.10802027423728225
0.04389835224150837
-0.03177543868316351
9.932414563676266E-5
0.007027438114391415
-0.026747987279597697
6.557533566419957E-4
-0.025466924857160803
-0.044138353895165836
-0.04773971636209946
0.0
-0.022291295781652926
-0.013878725139902083
0.09361959517443581
-0.035964410625168655
0.03189840095783592
0.0018087862769889315
-0.026979170309604273
-0.052311756894096686
0.012185694465062728
0.03195661156560532
-0.030724984242894215
-0.037663330312991405
0.07645312310276267
0.03169866136667983
-0.009218723081479382
-0.04531685416301148
-0.004722267457769675
-0.035301942122593584
0.027262695548837177
0.09366934435636722
-0.0712761456763324
-0.031709806147025024
0.02154347437859228
0.003002476822919404
-0.06544382613888512
0.09669763540443503
-0.03051540366184077
-0.02377899653381666
0.025676917833552988
0.01665065996641617
-0.03139185813918656
-0.034027745321418855
-0.03729661953779366
-0.021734985181250874
0.0879814632266275
-0.0571336584378449
-0.005122558106066384
0.0025974571640823224
-0.009690396329013896
-0.005257946952397629
-0.014729309683653567
0.008323684365260832
-0.014071687347786637
-0.030512666446253053
-0.004148708980692186
0.017298945096007615
0.014203864965633282
0.024745344597437678
0.05311476212443371
-0.030231057986453716
0.04923714164308442
0.2767885318233807
0.013009040467534292
-0.04724553660002437
0.060150927494274815
-0.035153241447760636
-0.015089990367341943
-0.03637558353101822
-0.016985251578145514
-0.05127361436431463
-0.010594719707770917
-0.08246523170042303
0.009009728829272581
-0.002008868036248157
0.0018989412746179563
-0.012000236630343334
0.040882423373456
-0.014577541273545793
0.02344035652689375
-0.03798684269153501
-0.0572186382685514
-0.07049606410234376
-0.004808792446448925
0.035056328596065466
-0.02763958925911201
0.03235939867957663
0.07811562678290616
0.04035820186834557
-0.006827857881135763
-0.007046003504210811
-0.013053841676657449
-0.03322809878709994
-0.04873211856415113
-0.006163804203439181
-0.044622876303706
0.01881597049764382
-0.05932852992691777
-0.0031629998761482855
0.05867605661812805
0.010147846168050697
0.00685350418843219
0.03534578908984573
-0.04627437421396662
0.014275708992507543
0.018162788665551134
-0.019217846957005957
-0.09549877366732082
0.019050870104595042
0.02151931790259961
-0.01271282988998607
-0.03211147450216689
0.008898972110633037
-0.018673922605472737
0.003671517067885245
-0.0490843611936111
-0.0036319554575045578
0.037849378930447874
-0.02164957604441922
-0.05691950467694426
0.003601322305120329
-0.026178952013957094
0.0
0.05682143601114073
6.230311101561893E-4
0.2006564284716879
0.023930281634375224
0.0
0.09279754037279105
0.12660653444924352
-0.018495930367562904
0.01785714285714286
-0.029177950013660175
-0.010468216287364633
-0.041392258664218314
-0.019663315494087785
0.039851765529615835
-0.03631362805459225
-0.005415384809347585
-0.03259528699591871
-0.021550409169643764
-0.015509082331757025
-0.005083875833280075
0.01012861606015911
-0.02456207997218826
-0.0856234486130582
-0.0243371596211235
0.0038782131595757243
0.06234284395876726
-0.052190984886493375
-0.011212010214620458
-0.011909562288435616
0.021790833766790526
0.006527374511858936
-0.014954446543002807
0.01600896213149197
-0.0326944646637506
0.031717991356884
0.045583922967081164
-0.018435668053985145
0.03683889994146408
-0.0692051574938716
-0.013034212013146876
0.02688788579738787
0.0
-0.04952664560001663
0.047861141601177666
-0.006099082048651859
-0.06001997152559247
-0.00597208656138291
0.0
-0.0646417962297624
0.028512588842909952
0.0302949149865833
0.0
0.015678131310381538
-0.05720752570077866
0.013256675892932192
-0.05640316154859694
-0.04959819180803983
0.026148079169814525
0.03002103612860265
-0.004652708704280979
-0.007787372435109342
-0.014798216531950079
0.001683863468648357
0.07160254038960787
-0.018066011623042996
0.017518798663204396
0.1432707237538232
0.0
0.017116242982065127
0.047314085786111196
0.0
0.0
0.006751987780707283
6.190915358482221E-4
0.0
0.0
0.01990223611326525
0.027964598528022938
0.0
0.0
-0.03749273269827337
0.022527336933519295
0.0
0.0
-0.022587340422046326
-0.08968312312838388
0.0
0.0
0.02068537620251832
-0.007398335872887246
-0.014261990323564447
0.0
0.16358886627740205
-0.10427589316248045
0.0
0.0
-0.013267333857043768
-0.0688974767882282
0.0
0.0
-0.007890038136250702
-0.0015057978456913864
0.0
-0.011909562288435616
-0.03354976997784899
0.0
0.0
-0.013867246145014143
0.03571428571428572
-0.017165485473264904
-0.01785714285714286
0.0
-0.06808540273285221
0.03401092609738435
0.0
-0.007447788036645184
0.01494746868854457
0.04373302838535811
0.0
0.0
-0.041683920987511634
-0.0576102117297205
0.0
0.0
-0.04254610830773228
0.03433262198045222
0.0
0.0
-0.008689067859885114
0.19846361562541856
0.0
0.0
0.0
-0.007447788036645184
0.0
0.0
0.0
0.0015863331123126684
0.0
0.0
0.0
-1.4180680260597687E-4
0.0
0.0
0.0
0.0
0.0
0.0
0.0
-0.011909562288435616
0.0
0.0
0.0
-0.047796326982135
0.0
0.0
0.0
-0.06438945606675954
0.0
0.0
0.0
-0.014261990323564447
0.0
0.0
0.0
-0.013867246145014143
0.0
0.0
0.0
0.1766592797972207
0.0
0.0
0.0
-0.05914415812727016
0.0
0.0
0.0
-0.01785714285714286
0.0
0.0
0.0
0.0
0.0
0.0
0.0
-0.12753453714805443
0.0
0.0
0.0
0.1861044018680939
0.0
0.0
0.0
0.0
0.0
0.0
0.0
0.0
0.0
0.0
0.0
0.0
0.0
0.0
-0.03322459647009493
0.0
0.0
0.0
0.0
0.0
0.0
0.0
0.0
0.0
0.0
0.0
0.0
0.0
0.0
0.0
0.0029147487793439245
0.0
0.0
0.0
0.0
0.0
0.0
0.0
0.0
0.0
0.0
0.0
0.0
0.0
0.0
0.0
0.06242898087145818
0.0
0.0
0.0
0.0
0.0
0.0
0.0
0.0
0.0
0.0
0.0
0.0
0.0
0.0
0.0
-0.032119133180707304
0.0
0.0
0.0
0.0
0.0
0.0
0.0
0.0
0.0
0.0
0.0
0.0
0.0
0.0
0.0
0.0
0.0
0.0
0.0
0.0
0.0
0.0
0.0
0.0
0.0
0.0
0.0
0.0
0.0
0.0
0.0
0.0
0.0
0.0
0.0
0.0
0.0
0.0
0.0
0.0
0.0
0.0
0.0
0.0
0.0
0.0
-0.20802051699073518
0.00913521355629407
0.12001248675560915
0.07887281667883195
0.0
0.0
0.0
0.0
0.0
0.0
0.0
0.0
0.0
0.0
0.0
0.0
0.0
0.0
0.0
0.0
0.0
0.0
0.0
0.0
0.0
0.0
0.0
0.0
0.0
0.0
0.0
0.0
0.0
0.0
0.0
0.0
0.0
0.0
0.0
0.0
0.0
0.0
0.0
0.0
0.0
0.0
0.0
0.0
0.0
0.0
0.0
0.0
0.0
0.0
0.0
0.0
-0.043269069809608846
-0.034320341542066306
-0.08154810557026335
-0.048883000068796714
0.10486663301531197
-0.18003467556894048
0.10076394256256024
-0.016460686452637648
-0.08294835000100748
0.14786239341759297
-0.0087898990191249
0.06388834235814854
0.03831638562096741
0.0709772480579356
-0.14250982963546668
0.11208901263539559
0.0
0.0
0.0
0.0
0.0
0.0
0.0
0.0
0.0
0.0
0.0
0.0
0.0
0.0
0.0
0.0
0.0
-0.01785714285714286
-0.020189286871913372
-0.0052226400805526155
0.0
-0.016463198684923446
0.0
-0.01785714285714286
-0.053571428571428575
-0.01785714285714286
0.007737608715450955
-0.01785714285714286
-0.01785714285714286
0.0
0.0
-0.031025857211653855
0.08937848435367818
7.261832233597786E-4
-0.01002437527795996
0.024786340716233958
-0.05353622440180036
-0.03514555485853586
-0.054619117499154435
-0.03673377880944986
0.01038745187376408
0.1055209756003266
0.013991873766077072
-0.029136358677607506
5.10911702424427E-4
-0.033972476166323165
0.00641404909228563
0.010586828918975472
0.04396580870746101
-0.07977444135597339
0.018553198805232787
-0.0656929161577278
0.02242346255749647
-0.0671931723904315
0.034146256272918465
0.15848584697760956
-0.0019471712654874629
0.02327332991574077
-0.02614067808456216
-0.003975379584816068
0.04625608363354713
0.012887460619337765
-0.002466153001902024
0.007210951107165668
0.018442073782233344
0.0
-0.01583997387555165
0.03571428571428572
0.0351599234851586
0.010777055513248566
-0.01785714285714286
0.04289741191667128
-0.06521197482524219
-0.022672837004675046
-0.018910732091263715
-0.03571428571428572
0.06737049255676295
0.041447753915210855
-0.02029542187237999
0.023566188035801787
0.12259280133798045
-0.029014917598939097
0.0029892689079862745
0.055219214196344894
1.3227502663379874E-4
-0.08379988295887043
-0.03409576682512453
0.020857973767604676
0.05050389904426136
-0.02226624562156418
-0.043794168585255325
-0.011943922057634108
-0.001802573157528623
-0.08012071445979847
0.03616749371905989
0.035340864090506456
0.0440633466216395
-0.00432506211096449
-0.017924439947958587
-0.017766682921861694
-0.017690901456525535
0.031018077775569496
-0.05375065200117972
-0.0676013947385065
-0.024803498596827248
-0.00411837803894991
0.011655687907830305
-0.021063815355431968
0.01673858902529909
0.08434727208367508
-0.043115547592215385
0.08882202371092934
-0.009592116097129396
-0.06887835832886402
-0.02363176577285354
-0.008240882589547152
-0.05411359080955726
0.011186374938120903
0.13330355716918615
-0.0021120156435002965
-0.07980494040943223
0.03532837034953757
0.012476654437315327
0.008677987928281498
-0.04755637910633329
-0.03617800944141466
0.0070704605536495435
-0.010019238839753739
0.10675166796193405
0.03638464135198784
-0.044240956579763374
-0.002615007698566882
-0.021428069714122498
0.032889298103857316
-0.041473135397237924
0.05037464537572857
-0.022241125262521498
-0.026936044808300714
0.03368624124839409
-8.565969595682611E-4
0.028128840191379186
0.0420357434534049
-0.027638105344261702
-0.03218836745023329
0.19077355231623594
0.043752100730402935
-0.03772149102428522
0.06701153780207095
0.0015463028541700778
-0.050791892778199746
-0.010966238571489864
-0.00562186819126023
-0.019214745671329452
0.017417421922360208
-0.043533934113434064
-0.0374766355301859
0.02519038699431727
-0.04282232825764286
-0.03628222550448217
0.08051080775417693
-0.05338160648739122
-0.013306721022068018
-0.009945291473217037
-0.016466667970895205
0.004639102072752331
0.027456357370877073
0.03871544856293776
-0.07951704014788989
-0.004470393283240058
-4.2369427509135645E-4
0.04385144466249023
-0.03497335415851492
-0.043121939785569864
0.012088501388202461
-0.00320415286494315
0.035756800023637
0.04577243724991188
-0.060449856908930365
-0.06971857798156486
0.008050332416063732
-0.0479220391890508
-0.0015820612362984245
0.07877360196204716
-0.04726179965597518
0.004516493521477447
-0.02282870608366197
0.042566048374648835
-0.010229420804179924
-0.06306977220839043
0.03527282018481913
-0.007533174750700444
0.010143780329918903
0.025695727079073936
-0.011842093392047573
-0.012558689199340278
-0.005786467534869728
-0.003172155927230913
0.008338007732582794
-0.015631889665046108
0.020550329495561077
-0.046869270394452774
0.01678901709423704
0.022586693409802197
-0.020022138773354146
0.01589253301701971
-0.018396569181052622
-0.03623728810574091
0.12069660578122259
0.028691702805479807
0.0585631417322567
0.04125785297447582
0.08034741264561827
0.007144827858186516
0.01773406726699313
-0.039430103815493917
-0.027295361902328782
-0.055444268099714186
-0.01248391426258828
-0.05280662916837554
-0.009209238147729426
0.0
-0.03664563359000436
0.022494004916017364
0.06696036338635672
0.03682040389493086
-0.05399118948433207
0.01688603873481359
-0.04462404333477167
-0.011825389317891708
0.0521487737271973
-0.01808480801512515
-0.03881816530521874
-0.0014198854357714216
0.054892996661340045
0.02191551735780927
0.015502293705071028
-0.020444091972286218
-0.005259445247467854
0.00398573275810182
-0.09013257403791194
1.7033968959563432E-4
-0.03438984132039408
-0.009834822441742693
-0.021983591755003692
0.05821225207699074
-0.09371302925241119
0.0862924306872304
-0.039837614853966044
0.028346476450842976
0.011990133877677202
0.009424882129936491
0.015708759875050573
-0.06073603103364679
0.0013522853759836504
-0.004450595870200465
-0.038867207738371296
0.022159510882750904
0.0
-0.10091083693101173
0.013642534065637507
-0.023836666438168484
-0.028416018402085814
0.021149839859606223
0.01724526911497415
-0.028116191227128044
-0.051177541817224795
0.006890923919202645
-0.010854032100716515
0.01502075791257844
0.0668278118166879
-0.024184794231795745
0.1894442183914848
0.019587429090339024
0.0109833994432886
-2.6228913880670113E-4
0.057533417877936276
0.0015344883128450525
-0.02771635466025019
0.019523515249012812
-0.023159537974077136
-0.05120650369884838
0.026728389590677748
-0.019623073392625905
-0.008500580162668483
0.005111447132225737
-0.04604564211083862
0.028700782049770515
0.03961572455032278
-0.004671381265335701
0.02716412261946109
0.030622028168612703
-0.023419745343621044
-0.03935664304520646
0.009485353039917016
0.01974561836696532
-0.04212053502198239
-0.04625790250151983
0.05660672286415933
0.068841344288203
-0.02926280593462489
0.027792084975926175
-0.03569843265653881
-0.063474732014758
-0.01732479325116875
-0.007413519348175039
-0.023259139390152648
-0.024623595510566164
-0.0013376140628768018
0.012561774232434791
0.00492810235026274
0.0
-0.014268202123493338
0.009079977398236853
-0.03472806754595645
0.03248538574177511
-0.021412601355482654
0.013868557445482701
-0.02136979224994587
-0.008769405252229204
0.027418423388368002
-0.009003091448542128
-0.013422725938308202
-0.03962701889487617
-0.0041065288116280615
0.008429171935326826
0.031090717171927216
-0.020392818887026397
0.007147948134971709
0.031871531141232694
-0.02361701170515847
-0.04150098054923719
0.031090808685285954
0.06477624064980725
0.015477364625409983
-0.007550176654404248
0.05470137138074532
-0.019953202487611132
-0.00857751883486289
0.01603985367402883
0.01099030467673134
-0.017423531574889493
0.00837956885463621
0.04178236649130278
-0.031272747036760654
0.009489808186701632
0.013040324748211225
-0.07036297407833218
0.013941965767782984
0.034830131701901405
0.009743913757386315
-0.011144220145064014
-0.004760295654413337
-0.017273612912065348
0.00796646899644379
1.3880107665059996E-4
-0.007662865725628833
-0.015001283134376025
0.01587850668727571
0.040631144983407856
-0.023720550634450766
-0.015443202809103596
0.03249425620521283
0.02215681193487644
-0.02033155060203395
-0.012206819788587819
-0.04140905494888844
-0.0013767415097622714
-0.017407710737342603
0.019923325613153266
-0.0013091500116266877
-0.035991969544111005
-0.03913510371831424
0.010152563793989681
-0.007409760636856911
-0.011846394024540696
0.03409362407113009
0.029232504237832795
-0.03447242152573418
0.045907967236371805
-4.653738603554508E-4
-8.007659840763483E-4
-0.03776654957490583
0.03821147210480487
-0.027729335313312755
0.026987722048082793
0.01594486468040063
-0.0016372359723893625
0.07025297944734782
-0.002618894009449743
-0.04951923971050991
-0.010629713257931259
-0.024868655414022424
0.004081278793989489
-0.02082001312009347
-0.04913945156796168
0.014784654022444721
-0.007738126581229978
0.06051653986440987
-0.027179167752591993
0.07881148053767943
-0.0015634002477784917
0.008643454320694272
-0.0019682578893084265
0.00457243607795222
0.014348656596766712
0.004673776869461834
0.005741531895669561
-0.01073930053154325
0.017310131230881775
-0.03156817180953296
-0.04108285712136471
0.03389034693419497
0.0
0.02499244722784773
0.023184853201507833
-0.013731985749219478
0.014161932269156217
-0.014448903231061551
-0.025692291558893708
0.0010881175960734818
-0.05441215635774775
-0.00934064315381095
0.009629154147459233
0.021452720558644587
0.054347994402412655
0.03580217622020847
0.003306836729349615
-0.033519603159732056
0.04377533987065694
-0.005792741985888843
-0.0340188899842922
-0.049732036914579655
-0.012475752704015016
-0.00520659203926657
0.010227147200729383
0.034815585951972504
3.499204112235939E-5
-0.018021187604093686
0.018490587614086874
-0.010262245743519142
-0.04592933931169363
-0.05597960656414068
0.03536137342443322
0.015109925976355486
0.019128035053491282
0.01948897982073554
-0.012026232269688422
-0.01866108727670007
0.03088163404755609
-0.026242134453944525
0.010488930165356613
-0.0010440104109609152
0.002157739218562514
0.0029990653638365585
-0.005943204123981756
-0.008128751360415415
-0.008059028239114766
0.03590581105407446
-0.035314502732540984
0.00597906261496787
-0.03571428571428572
0.0018003439668469422
0.021732878684175345
0.041095201895874164
0.051708991855387944
-0.021411440280680698
0.007499756869481577
-0.006792895079270042
0.0319013233495133
-0.03191133901240541
-0.020625036419770586
-0.016619123320915644
-0.03728816081734055
0.05381373993272884
-0.014556546975577705
-0.008913504221926768
0.018794866045391673
0.005510694290747069
0.007011650680942522
0.008114918197956036
-0.03387568684662734
0.028972138139797116
-0.04522440737051289
0.01225718757604696
-0.03877590499255249
0.014213924296496094
0.007571367784902936
-0.0026983756134527966
-0.026926119826164264
0.0450774058727868
0.02264146756816032
-0.01287468408154895
0.05486406914245788
-0.04992742244317615
-0.015794189710510196
0.0031799659343952937
0.0304079806390097
-0.00988936960256423
-0.0011164206855808637
-0.0017324322683785684
-0.022783550296783476
-0.014090767952883294
0.03884657858337072
-0.017812051433094677
0.03910215924155645
-0.04698142418037646
-0.052260780097372436
0.022410895336069603
0.005885309109132658
-0.0011889399242100106
0.025920488394564206
-0.009157125213700563
-0.009009386549136323
0.022486383543103082
0.027162387459011866
-0.013450295243116112
-0.008903792862735798
0.01729485675301177
0.02808660133722807
0.0040113638020373155
0.002307911547358604
-0.01755714213279416
-0.011416457090450097
0.025538297307588206
-0.03174754138470498
-0.025577418397041515
0.009977133558685411
0.006317918178436049
0.07055811576277839
-0.0122847459535253
-0.02871174674546141
0.009670276034842268
-0.00240480546191979
0.009065887415575364
-0.023841356418390434
0.03733798626439012
-0.017479272207243424
-0.0157410878206806
0.04828044832329891
-0.02673877202297522
0.03571428571428572
0.01813882105474775
-0.02746853311877347
-0.03610300866497776
-0.05054352060822137
0.047287397819278626
-0.012378379006326379
-0.022927423007289355
-0.04043420697976477
0.030364555225975105
-0.007170040425876571
0.002746366263885385
-0.016837877748940692
0.0332074636127593
0.011081939451771454
0.02642798597014109
-0.038900282294342836
-0.018967153211728052
0.019297548094684123
0.005451700845960989
-0.01957036673106282
-0.009663135095631619
-0.001164188720123676
0.007593480692228384
-0.007504901167124186
-0.026539607945972318
0.02483662669536682
0.043560461910074726
0.017593821309866205
-0.029361667471194296
-0.04308280765607229
-7.416627778395295E-4
0.012233902175765969
-0.04228700042748725
0.011374297581010853
0.04483980501089253
0.048613832457340425
7.975330564527101E-4
-0.0067770426078015145
0.005162380006285592
0.010030981154939413
-0.021099828970130356
0.01609676669518301
-0.0762110053536727
0.03886435905714435
-0.0060846780146112805
-0.010089220891805323
0.004424622772954184
0.016666873214145422
0.009230681542843459
0.008396496683477948
-0.025838374343380016
0.052613418829539155
-0.013213009626778
0.02781210917563387
-0.018154457497560363
-0.009753809531185613
0.024936329617143954
-0.016119387493496378
0.027073917234112455
-0.046721186519539645
-0.00858995479103447
0.004213081819135744
0.002066702411725293
0.026536890830814938
3.204500604859443E-4
-0.019918848076231867
-0.007439779089002129
-0.00627856263173901
-0.013912267922017038
-0.013289456415008801
-0.006832645485104483
-0.004906520258914405
-0.02649349266848339
0.05563187841442517
-0.032440859761579566
0.004982817931605493
-0.027139554012368033
0.021603193629418285
0.010475538997627086
-0.01842773473925874
0.025388794980593314
-0.02488284905307174
0.025355597896414693
0.036272896771049376
-0.026989999067717013
-0.006591562869592112
0.019449695577086173
0.023698637052700915
0.001187722215096016
-0.022496787066976148
-0.020369541894547632
-0.044357827599079434
0.04944583080185403
-0.003131526091590095
0.004233882116008274
0.015253621633687164
0.00514188864369499
-0.04581470587924369
0.028791369544142055
0.011916142294125825
0.0023608824042461677
-0.0011347726003250415
0.01257252671180733
-0.022926595538991047
0.0013554430476851002
-0.010093208462237671
-0.0022202900880805097
0.02967301358869547
-0.010727571477830766
0.025639925077487496
-0.03298555794795277
-0.0108834003198829
-0.022769768095108483
0.017700227852611668
0.004303063410875451
0.020566489190288705
0.04807597186779937
-0.008544849061287534
0.03442628326617484
-0.0020650587099654335
-0.006856714980741368
-0.017837840570266914
-0.024994779951292158
-0.0053655630088209625
-0.005417641620231235
-0.025954375450842233
0.043533897370602335
0.03243876088562534
0.010047876277836279
-0.034055571021577
-0.0013959468356559493
0.014676307689967034
0.024540641528919153
-0.015836904812155304
-0.03726833268312106
-0.026532316202361024
2.045668042060106E-4
0.007012213654204945
0.020301537955391746
0.025367181466130567
0.012275331707082858
-0.0021481732962792613
-0.0285718444852192
-0.025656842150862013
-0.03818198218387216
0.02249944707780558
0.013382602746833328
-0.015590612452454602
-0.02431423988832683
0.006408659226702005
-0.022926989484238658
0.01265163920498615
-0.04751619749281908
0.011132719002261664
0.02672058980619205
-0.00232360832051285
-0.03427986915480623
0.059895288359207294
0.025032863550563264
0.006098043472897033
4.8796327965568154E-5
0.02106462215627693
-0.04342089637973166
0.01785714285714286
0.003804241157121014
-0.021921755279961926
0.01273974867105851
-0.026497120527079088
0.0196286077235949
-0.014153938443238385
0.029103816836388352
-0.001768910828662376
-0.030211451175410207
0.0029591796584811578
-0.04389499281034422
-0.0012019232393594807
0.01861132054381638
-0.0025060084495339627
0.03610686290750713
0.05165478941208957
0.008761743520683676
-0.007240787532803817
-0.015666418115025445
0.02266181001695133
0.05189945383420082
0.006494582273977659
-0.0289492314596171
-0.01150217661402815
-0.032992097796944016
0.007809109700424029
-0.0032096852161546292
0.008341481943506115
-0.0182889928509832
0.01817163394331192
-0.021253413265961203
-0.01785714285714286
-0.0446955151951216
0.03084404327150721
-0.010734241453662155
-0.02752389318727432
-0.024383514953757016
0.019766312756011897
-0.0023986425607401083
-0.01886988161484427
0.03628745664654785
-0.007761545553154749
-0.023502875835587533
-0.004402677834565525
0.042700778675750145
-0.04317390946604352
0.05600697327153889
0.03637186779331337
-0.050563655079983394
0.02018091289723123
0.009919973697573164
-0.01428841671421086
-0.020332673664785018
-0.021169671824296032
-0.0018428680400728774
-0.026428535220780047
0.029729944782079878
0.018919781531286515
0.012530728177980621
-0.010431362750436912
-6.226844270516615E-4
0.03475630848359134
-0.027602337680500598
0.014615008968736824
-0.012962026994901833
-0.034495647698006504
0.04452070469247241
0.03862343889484431
-0.020379495391048583
0.018539862345396632
-0.046257794883446286
0.02157519314789989
0.0013701793317320021
-0.02730091270692198
0.01135802999026166
0.003548699167398627
-0.006743042868783456
-0.02279753097049264
0.03066449711083031
0.050766583573916696
0.014014171376957985
-0.0075130643165678065
0.027516832682690038
-0.02824387018948691
-5.833767404002169E-4
-0.07392957847901489
0.003297371659578909
-0.024005645225186972
0.011401496815335675
0.007984300617324407
0.013908368730455013
-0.0026945694407208252
0.02320718456068133
0.0169075262989061
-0.009380122597508643
0.06587724059685053
8.723252712346252E-5
-2.311922365170506E-5
-0.04646841489001184
-0.015402103089747248
-0.008624088457088381
0.0018611377470741418
0.008968823624371652
0.013657829971410525
-0.02060860351628131
0.034026948632803866
-0.0034450895368429157
-0.03389096622546976
-0.04923648662417449
0.015522359691482319
-0.011843443785714437
0.009313173087820533
-0.0061303987684049425
-0.009681754959985684
-0.028726419661182497
0.07234975973488003
-0.012823988176011814
-0.006631878681633053
-0.01849840991381942
-0.04319183709648351
-0.01789527099054829
0.04578624173908962
0.006967299319576022
-0.014239112563232357
-0.015540689997440096
0.04505431571987871
-0.018098316042706158
0.0049510031822458484
0.005234729571698959
-0.009767827678942279
-0.003361764549100227
-0.02075217309152267
-0.016967775639164993
0.0211536994253085
0.03361230783431102
-0.01185985678440837
0.038761656529057636
-0.05884391248332669
0.0188986147290445
0.03571428571428572
-0.021367963542346283
0.0016740129580499613
0.021795384305918
