0.002505650498501639
0.0149931117460241
4.69454893389943E-5
-0.01754570773386466
-0.01172181757694374
-0.004314485206240143
-0.0132944261085696
0.02933072889175357
-0.012494100402541496
-0.008888671441352849
-0.013028688321750397
0.034411460165644926
0.03066872421509155
-0.025434213802679982
-0.030755885899063994
0.025521375486652485
-0.0022255130133880547
-0.03201311923294735
-0.012477423447679593
0.0467160556940151
0.016864000667907473
-0.012113734950070435
-0.033162999261924245
0.02841273354408725
-0.007949264815510386
0.0017868155723549028
-0.02533475521287739
0.0314972044560328
0.010203786477743008
-0.021694601542281804
-0.019057737714456506
0.030548552778995264
0.02880592519771246
-0.03000647562169445
-0.013067723798526179
0.014268274222508395
0.057378024938871286
-0.0628223012886184
1.566216522212241E-4
0.005287654697525896
0.11509602468919343
-0.1078017242578796
-0.062006263604947445
0.05471196317363361
0.08972361822586172
-0.1054104240328583
-0.07732211214509264
0.09300891795208938
0.0877388703603921
-0.12618159760221176
-0.08968398015669629
0.12812670739851592
0.012190295883745875
-0.14368723765712318
0.08694478463062609
0.044552157142751285
-0.019137013123132825
-0.0025294754891118515
0.05291648861224453
-0.03125
-0.2008546870967949
0.017113555658367335
0.11021725311039417
0.07352387832803362
0.0017229163684543587
0.013805103564808066
-0.12072148338911229
0.10519346345584987
0.15128118833968976
-0.09831593620988048
-0.10553193102014799
0.05256667889033854
0.07262297018956683
-0.07595116308392133
-0.0935609026757995
0.0968890955701541
0.04312801395428164
-0.07118660176701294
-0.051390600284964866
0.07944918809769624
-0.0068590870170998994
-0.052507762822924214
-0.01722924122150256
0.07659609106152675
0.03968486197240702
-0.04641014422613305
-0.02327843073745015
0.030003712991176212
0.04460396407044174
-0.06279284113157053
-0.014704384550213254
0.03289326161134214
0.03426139129637712
-0.017835219228062957
-0.02175905403961493
0.00533288197130086
0.03019618028448736
-0.04393440896184298
-0.004061349863237591
0.017799578540593258
0.04543499074983891
-0.024869682427723118
-0.03583275659054332
0.015267448268427537
0.03549572215591078
-0.05383891407108268
-0.017382165309335947
0.035725357224507814
0.024022893191340138
-0.05350279058725564
-0.0055028511913819906
0.03498274858729726
0.057403679124685934
-0.06239373885100309
0.019365785734851752
-0.014375726008534654
0.06386809282353226
-0.060618637701467595
0.009704406218159732
-0.012953861340224505
0.043993225435786334
-0.039514850692645646
0.033345623930895074
-0.021456333027813995
-0.0013385443310147856
0.03834913184070743
0.006210974206300257
-0.006411021180209593
0.003145367454385784
0.010757807131924431
0.010993953553055637
0.0033650765467378146
-0.012512931534686527
-0.003363881525471261
-0.039055143262766934
-0.024002804046682365
-0.011589262764551755
0.011640656616066248
-0.03077384363766953
0.046875
0.009684056271242022
0.0014642224834466025
0.020406525250754287
0.009741850119800045
-0.012772131334355227
0.010152758314337169
-0.024259241516394633
-0.016553934450502246
-0.01673121983414448
0.004518861296724491
0.026575196873922638
-0.013386381942651529
-0.008695360757867724
-0.02568445394647636
0.016787001709166586
0.011935153476226867
-0.008097278697689437
-0.05138410844391347
0.00994843871901498
-0.014926256427968292
-0.012869672692189115
-0.012886455687187444
0.009237450002831882
0.0809317623736974
-0.00323736589716376
0.0060052905699369144
0.02666032466660699
-0.02367752347768706
-0.015824103023194584
0.005574208104763894
0.002915521000370888
-0.03125
-0.0034614054195366145
0.003322547526759456
-0.0383345015690705
0.020510884445137514
-0.018732412668173097
0.0022090523961251513
-0.03486749435720644
-0.011146311175656756
0.05654493939061145
0.029950542573549576
-0.008819473891561704
0.02386229893321712
-0.008282110166421419
-0.013637248843768015
-0.0030109623528938936
0.032814820253255605
-0.02428058131067045
0.0019495609154291504
-0.011718540921026166
-0.013934878602024402
-0.0027236152683003407
-0.0027895287239999367
0.015084147773882749
0.012703299221180556
-0.03125
0.027159316666300174
0.001819738072398519
0.00837476570971418
-0.012750404553559164
0.008096002733949854
2.5344558569198247E-4
0.0011877840569185123
0.029502867395440203
-0.023953621269297665
-0.0279178941107717
0.01412044139162921
0.022439326020248514
-0.022062455178948562
-0.01707397837919686
0.014928544144895924
-0.015625
0.005683771745400919
0.02492025694037388
-0.006063571729015133
0.03906074522982889
-0.02771181151437664
-0.0315897393299107
-0.020988043625873212
0.0184080366648271
0.018107170915692132
-0.005619186773102584
-0.020662858652217356
-0.016988201587134197
-0.024735720528397398
0.0338498355651361
-0.031021245767318097
0.03146811507455469
0.01137855531320291
-0.0033766195858298056
0.017126542492348414
0.010862439277483538
0.03229189051011111
-0.01893726123247341
-1.5364643050455248E-4
0.0031125776339272562
0.011396309344734387
0.018418875066925945
0.004183050869152124
5.846051739956185E-4
0.002648386910590059
0.0036170438563150956
-0.0014891315546997803
-0.01287007536912865
-0.02925479279930257
-0.009475046074583115
0.014395503709210517
0.03323779364159539
-0.009443450531560095
0.026298365043260545
-0.021202038365963974
0.0027166752479778023
0.014094751236596516
-0.03334839371816855
0.015575800119510534
-0.05606255228630995
0.0034751518106238624
5.770899231448828E-4
-0.0012742067770448208
-0.004469322296693546
-5.500729561762011E-4
-0.004626163203708126
0.022506472710374228
-0.008179950856588111
0.02181049483831627
-0.013010100468955555
0.026122456870751497
-0.004689311672305822
-0.019677193296967755
0.008019464830144749
0.02384646004568683
-0.016415506061472095
0.04326709348353654
-0.026366193940079097
-0.027322140219959882
0.03738490487496913
-0.01864047249921506
-0.025823944678316016
-0.00921473269089848
0.004876161293591683
0.024845029371310688
-0.03493951221088841
0.008530435884795653
0.006735223114131076
-0.019095199040238688
0.023347657099334777
-0.05792699869398299
0.0013594583112956538
-0.011250839501540134
0.013624671115528234
0.03174375889085336
-0.014998732282797259
0.013740740030396999
0.01654021844347458
-0.02016076014701571
-0.01935714679132608
-0.03125
0.018347659480539916
0.0039825270162122004
-0.013786708165893318
0.007688534732366857
-0.005485874795702117
0.026550899154830013
0.009697693051808908
-0.02716691702416757
0.009522275153619416
0.021835278171098725
0.03972580786462845
-0.023860769886229677
0.014845358479091214
0.0031228437247679854
-0.022624094710377317
0.05344113966441143
-0.003715176983692399
-0.016525010683068827
0.0225105886434889
-0.005214283487162148
-0.001228663838291115
-0.010105567639968782
0.013026136497332218
-0.033633890588991494
-0.0100501285063225
0.02735429444193828
-0.008150960996147432
0.03528786973615941
-0.015490536146220027
0.005787008812003433
0.04300713541020364
0.018057764122896277
-0.04604914571147194
-0.024039875297718224
0.02170025496921925
-0.014037312504198329
-0.017581451833036315
-0.00707059700022767
-0.014067750344759187
0.0485369253042708
-0.009225200353494327
-0.03271112119040841
0.005342935000015533
-0.0024886764722797747
-0.020040558966789832
0.025232461065098483
-0.03933973175159584
-0.03242944502094702
0.007713328665668595
0.0026349411221967827
-0.02304938303584974
-0.029117891616002603
0.034256519180347965
0.02623524423995708
0.010487196595573789
-0.0018131645741527695
0.0103655906294936
-0.0216817803987012
0.007917778691436115
0.003956052343964643
-0.01499657363202311
0.028105432661569736
-1.3121455468839693E-4
0.011996562768727296
0.01816493848863954
0.027612371457428335
-0.022129133012380592
3.0047895987639307E-4
-0.029449966571448744
0.021968045312729
0.0067392432664365775
-0.0014580799573452857
0.007194815098167814
-0.011540509366717477
0.015625
-0.06349778362929728
0.056969211218548574
-0.012842603992023277
0.03791243035551048
-0.031015539206113787
-0.06381475993379224
0.03782996317793761
0.05007493265758131
0.007351827535299706
0.014386048622700183
-0.02074678728049323
-0.026490154780124196
-6.262546840974312E-4
0.011214281383159528
-0.007983927459794113
-0.00578605680476273
0.016898183200386486
-0.02079532980906401
-6.343699877216762E-4
-0.016321441429589585
0.024707552405093286
-0.011860753330735378
0.0025069699197094895
-0.025242301201211202
0.008413967028247942
-0.015351738811801234
-0.0158889356627222
0.025312409520801764
-0.01805283166784123
-0.009580706133699556
-0.011682434781689212
0.016464333929476112
0.03967076214195658
-0.013750105918843278
-0.011357865240099765
-0.029976929769212783
0.012575232201034688
0.02191384467466627
0.011672678908095235
-0.04104847815615023
-0.029895894389343224
0.023242868852448424
0.059333293876826274
-0.02040429132320573
-0.0019095818315270404
0.0265263229894181
-0.005927372966840722
-0.030586125831383128
-0.028266784259022553
0.004374780233828673
0.015899013342688194
0.034343177541079906
0.004451180887886288
-0.002434605733661978
-0.015625
0.02564365266577713
0.012349935987158977
-0.028598540986928867
-0.036137585687460234
-0.011627560154722433
0.006310961732467653
0.0079877408462409
0.003770400049529464
0.009783137964624922
-0.02117590150923141
0.03120589784318708
0.026469164248067792
0.0484506800411447
-0.023760768055743543
-0.012252110599075225
0.013519435311462076
-0.019098122880037087
-0.003559844994836442
0.04936243818887965
-0.01598604402610565
-0.025363253934177727
-0.021131001358667773
-0.02083228168068122
0.0111302626500034
-0.012724732570416853
0.00485011301149045
0.04425923156466874
0.0
0.007899020683433271
-0.0021858580904395193
-0.0020664163254441813
0.005781059698447437
-0.020326011051787884
-0.0029897643420469695
0.024105392469022442
-0.00256978091382417
-0.017533208289038434
0.028712075142618115
-0.022009403734629628
0.004509174557468444
-0.015197376174724673
-0.004446015209956853
-0.02442466190701785
0.03062803853784999
-0.029889011231358925
0.030645085814370907
-0.0029749012743200375
-0.030990770045942535
0.05784584449402671
-0.049503959191784574
-0.003122199834466901
-0.019497391918773303
0.016349628465003332
-0.005042555590328418
0.02513481328003803
-2.942470695939496E-4
0.032858973050903004
-0.0374309824955552
-0.031253981129212564
0.01400265541507017
-1.09252629575389E-4
-0.0036906323224387395
-0.006324825790030693
0.0
0.002905282002774786
0.04439242445091904
-0.014890988831280072
-0.02528045804832467
-0.013924933094140376
0.01306396591244433
-0.011564752830081156
0.013460962360885662
-0.0019397404042854238
0.010383115777673459
-0.010203089280825906
0.03213565627037242
0.027897559732833123
0.020007319209540117
-0.00501060109480328
-0.016542840983926305
-0.0035961302244937425
0.006193784298967907
-5.894923041278206E-4
-0.001000334424597224
0.013011442987928341
-0.044354061888695305
-0.007116188838018879
0.014840553749915704
0.006106775798013166
-0.02432285086299031
0.012373345872899823
-0.005847545843955698
-0.032124553002305614
0.015045913143008575
0.0037059274641273073
0.034699704960146266
-0.007598880624438906
0.009418484493001457
0.0014625910252068948
-0.01494333897151839
-0.006724401198220393
0.0020178892899114387
0.04946163477071057
0.010699519129753508
-0.029906802413322404
0.025785182162664413
-0.0475373021953428
-0.011674752461027001
-0.031766253583315106
-0.02958498985650934
0.009608264642969076
0.01127121194450216
0.00867687974918692
0.0037962399598648567
0.021502537905918825
-0.01837317350890434
-0.009615992356431331
-0.023154563207723425
0.017279482089275357
-0.01378055149047459
0.03316486682546559
-0.013278107625167327
0.0071669876118840275
0.0017524056865812696
0.006858879537635618
0.028805748481226707
-0.01451817995073156
-0.018149324166654716
0.026423350100667237
0.004885373370745931
-0.045740315918089
-0.012212176469672313
-0.012986847303774762
-0.0036788914315084627
-0.0170194598609492
0.012062697843844854
0.04098603117228471
-0.007588945158031675
0.0019030449805444542
0.04146621922849507
-0.05380944535757015
0.03376815069754162
-0.007362587254496008
-0.0017304854006274513
0.021612839414205616
0.013180076961730517
-0.01062487219722579
0.010105946798555705
0.014636382757705065
-0.01980467728352039
-0.0017365250964005707
6.902306837774444E-4
0.013100675833345286
-0.0018829819364307096
0.004957818049386026
-0.004896760192233195
0.02478111517056303
-0.005684229005054085
0.026291147255141076
-0.02148281441972852
0.002039660042253935
-8.225515329261576E-4
0.0176376178712003
0.005439155742052056
-0.006127324643447282
0.0
-0.02661769047593452
0.00938033582829072
0.035903532880572825
-0.023611672829085856
-0.024918437151097705
-0.03390244627508154
0.02972858249508806
-0.027117703132514045
-0.02042733861738507
0.001500661384312917
-0.0052468305104136845
-0.03562648991491101
0.01365101548104175
-0.041947322293732804
0.004759925680122609
0.02648630788230024
-0.009412376523154761
0.020771611121749755
-0.0028466500705701665
-0.024550366408478554
-0.0015664461186391393
0.05278568183072734
0.03382444019868585
-0.007689463505310674
0.020340551993483932
0.0038753426955819557
-0.03647293085412687
-0.008358248014896694
0.017001993832764323
0.008424463552734343
-0.015532214480986288
0.011847052487819199
-0.005454695033647868
-0.016954066703199523
-0.002973733616556576
0.007044494245118164
0.008397445637185353
0.013228120344346702
0.10773668522079617
-0.031043309536021024
-0.0663677159661665
0.024199032788158152
0.05366259225286044
-0.024685507948616514
-0.03749920567462062
0.0017988764250394945
0.06424262887110223
-0.018355953724961037
-0.019501185978067825
-0.007543715791329446
-0.0017304854006274513
-0.026985107931028707
-0.013869949253635881
0.02474824684483094
0.004711501117734988
-0.014494695528495794
0.0074696254879595865
-0.015753692985279774
-0.09050920674609451
0.019320162024613147
0.08680488814322558
-0.04724305592274754
0.004551059427862953
0.0145498606302498
-0.0024449836873201847
0.021009818616988012
-0.03324563834144392
-0.0026593254991282445
0.018851029097964697
-9.238214577832424E-4
0.00897131651027763
-0.017035778064633914
-0.027479016643329152
0.03328024751107954
0.014907494850406607
-0.0034630816911946204
0.0064509802611658375
6.332896662212158E-4
0.012435955155227212
-0.018053107992722563
-0.01316103867795404
-0.024443095613688348
-0.011931773572895836
-0.01415255357398899
-4.535577974840873E-4
0.04042599587498731
0.03255290583987504
0.010015696207715342
6.152229792009897E-4
0.0
-0.0063053964815925415
-0.0279615388747071
0.0032235989835578665
-0.011957190556135158
-0.04059982595879772
0.02395540744726829
0.0036497810261230806
-1.3498209775911207E-4
-0.00435378805549784
0.02324710979777236
-0.008294735905566791
0.016616009871051583
0.25833006359800825
-0.03207648253571573
-0.09730627268177168
0.025025100308163038
-0.018779712259415535
0.013201677229735942
-0.006637108204978561
-0.040342943686777245
-0.007667370211316433
-0.025839831772366935
-0.028770271198765702
-0.02348441095988602
0.0
-0.01634517383254902
-0.028410563311877773
0.08648132445838472
-0.04443476484215513
0.008938934009909355
0.016167167259583694
-0.008915852551757926
-0.04141103596362562
-0.0057812529935982624
0.03897526157516513
-0.028572939107846355
-0.028001402480270873
0.08708308906390909
0.014641424336410934
-0.014742849206720468
-0.03345990781296432
0.0016408776870001363
-0.028869202283371812
0.0039201520217140105
0.10786842581745149
-0.06034119897079314
-0.04776248253461128
0.04086507318334763
-0.026700409428043137
-0.07432491385473554
0.0933312837027187
0.009790245939894453
-0.025524878865221916
0.015187782679853563
0.008064537851960776
-0.029184868983811382
-0.029866966932015467
-0.04185476095190946
-0.009909406939233062
0.0705191599373691
-0.03308525937363044
0.001962741026476712
-0.004514167023311318
-0.015625
0.005445854860937412
-0.022632482442218643
1.668871196301991E-4
-0.0035301367447225533
-0.027617606002302363
-0.005542895928625509
0.024552623323768452
0.004840664748437352
0.03462858812042585
0.051313467552769096
-0.021041823136409316
0.015966198596300968
0.26264496922798214
0.007206811889487595
-0.05676029918825916
0.07558698327046356
-0.0055654263552270475
-0.023439457221131138
0.0015105944921898666
-0.0540217173859545
-0.02526625780375301
-0.02875453958402542
-0.07060600071689321
-0.008788956875438953
0.006210278171098725
-0.01093830860212627
-0.013034899637957589
0.059112251008737876
-0.03044655521082186
-0.008879057970146327
0.011609922060335686
-0.053729611669514385
-0.06951182582200086
-0.05618651369973514
0.047392750342339335
-0.011231382881419838
0.04112561686875359
0.06742828017127277
0.03686898545337622
-0.019586558300867092
-0.003316745031568381
-0.018316205007513534
-0.007744539654961615
-0.033278283905408185
-0.010741748978747868
-0.014340586283957377
-0.02440081499138501
-0.03932810730502133
-0.018352070517126923
0.07693558619519095
0.002535862269490005
0.009768766095216187
0.02907940019074964
-0.025622262344632066
0.006920672470205717
0.00811050399705113
-0.009998586976018362
-0.05846044951086685
-0.006934661994964598
0.012822234079869292
-0.014241966932015467
-0.02681739296487541
0.015436377591770464
-0.0030753043194335188
-0.008507343609262717
-0.013814607389330637
-0.015578420115513981
0.0326547815694181
-0.040089065457950504
-0.03905789527982292
-0.005269648687268414
-0.003814386245850147
-0.01528380140369903
0.046875
-0.011629859849199972
0.15692549626666774
0.024346641534215653
8.471765471452607E-5
0.06119198102315257
0.12159135789431416
0.004158104611485067
0.006550261007808776
-0.034642769936172754
-0.018895821012612612
-0.03701552296049417
-0.022355603511877785
0.04083426718215888
-0.035577955237324946
-7.639616577447208E-4
-0.03125
0.0073904672077902585
0.004077454426448803
0.02681585096202963
0.0
-0.02968529430723276
-0.09906722295841439
-0.030516456232621343
-0.005517671363380813
0.06329422759932625
-0.043765092118330066
-0.011912063442478242
-0.010208674288285247
0.025502217075306116
0.03247930764396258
-0.007293870284671785
0.005419289416481787
-0.050501997192836656
0.029547025458286608
0.035001041838308135
-0.02186255243365386
0.03973605340170956
-0.04802484900856413
-0.03575956443504006
0.03210784900728751
0.0
-0.022354701609455074
0.0349329466849151
-0.02453920027706813
-0.03899511875300886
-0.003484619135417798
-0.00884980458805586
-0.04565752379584112
0.016013712372668694
0.014414218586123219
0.0
0.008847213873135444
-0.04352280841645432
0.012286739303131828
-0.038311367301387386
-0.024342245224456514
0.017759227896882196
0.004054421508455058
-0.012704390442230169
0.003959125776090342
-0.005168124509367381
-0.02543057196157656
0.07006271159751602
-0.014922223498078067
0.01773874398670426
0.12270246536372453
0.0
0.01782413873953346
0.06833939559501996
0.0
0.0
-0.00623755243365386
-0.006693068472150028
0.0
-9.760521446630525E-4
0.02090146197458962
0.007794521871248489
0.0
0.0
-0.03610314946889703
0.0228891746993645
0.0
0.0
-0.022339078588122153
-0.07809020476944158
0.0
0.0
0.01570255145831667
0.008720641968942292
-0.015625
0.0
0.1522055004910395
-0.10579481493100382
0.0
0.0
-0.023644703521343343
-0.05731648971059934
0.0
0.0
-0.008618299932917323
-0.018080730227370157
0.0
-0.010208674288285247
-0.04293567801285557
0.0
0.0
-0.0076542198493584485
0.03125
0.01420246084444721
-0.015625
0.0
-0.06197271504509067
0.029958876354733918
0.0
-2.9806684082607504E-4
0.03769710298101213
0.015756038926857643
0.0
0.0
-0.02378420702219182
-0.06262625085524558
0.0
0.0
-0.03875695884828152
0.02939788522260806
0.0
0.0
-0.013717888260249847
0.18445905209483301
0.0
0.0
0.0
-2.9806684082607504E-4
0.0
0.0
0.0
0.024563863199506104
0.0
0.0
0.0
-0.012075500474934133
0.0
0.0
0.0
0.0
0.0
0.0
0.0
-0.010208674288285247
0.0
0.0
0.0
-0.05725488601038459
0.0
0.0
0.0
-0.060598677358453326
0.0
0.0
0.0
-0.015625
0.0
0.0
0.0
-0.0086302719940215
0.0
0.0
0.0
0.1656000036173476
0.0
0.0
0.0
-0.05439994699270002
0.0
0.0
0.0
-0.015625
0.0
0.0
0.0
0.0
0.0
0.0
0.0
-0.13543845629558088
0.0
0.0
0.0
0.17999061343833206
0.0
0.0
0.0
0.0
0.0
0.0
0.0
0.0
0.0
0.0
0.0
0.0
0.0
0.0
-0.019137013123132825
0.0
0.0
0.0
0.0
0.0
0.0
0.0
0.0
0.0
0.0
0.0
0.0
0.0
0.0
0.0
-0.0025294754891118515
0.0
0.0
0.0
0.0
0.0
0.0
0.0
0.0
0.0
0.0
0.0
0.0
0.0
0.0
0.0
0.05291648861224453
0.0
0.0
0.0
0.0
0.0
0.0
0.0
0.0
0.0
0.0
0.0
0.0
0.0
0.0
0.0
-0.03125
0.0
0.0
0.0
0.0
0.0
0.0
0.0
0.0
0.0
0.0
0.0
0.0
0.0
0.0
0.0
0.0
0.0
0.0
0.0
0.0
0.0
0.0
0.0
0.0
0.0
0.0
0.0
0.0
0.0
0.0
0.0
0.0
0.0
0.0
0.0
0.0
0.0
0.0
0.0
0.0
0.0
0.0
0.0
0.0
0.0
0.0
-0.2008546870967949
0.017113555658367335
0.11021725311039417
0.07352387832803362
0.0
0.0
0.0
0.0
0.0
0.0
0.0
0.0
0.0
0.0
0.0
0.0
0.0
0.0
0.0
0.0
0.0
0.0
0.0
0.0
0.0
0.0
0.0
0.0
0.0
0.0
0.0
0.0
0.0
0.0
0.0
0.0
0.0
0.0
0.0
0.0
0.0
0.0
0.0
0.0
0.0
0.0
0.0
0.0
0.0
0.0
0.0
0.0
0.0
0.0
0.0
0.0
-0.062246700650164785
-0.015301813967582258
-0.0766483289066495
-0.0466578435723984
0.08893127541289798
-0.1465968094804582
0.09746348611726022
-0.02268439639133265
-0.0663663347056482
0.12933319384220254
-0.020786223648913537
0.06803661762275309
0.04140467631136931
0.04637053317064605
-0.12075041695080951
0.10649908579682778
0.0
0.0
0.0
0.0
0.0
0.0
0.0
0.0
0.0
0.0
0.0
0.0
0.0
0.0
0.0
0.0
-0.015625
-0.015625
-0.015625
-0.015371700650164782
0.0
-0.006208870280805014
0.0
-0.009092943686777245
-0.03125
-0.015625
0.0014766710933505033
-0.03125
-0.015625
0.0
0.0
-0.031032843572398394
0.07856373454745819
0.004628925111679472
-0.009886384246239699
0.015625
-0.02477937916533471
-0.03228519874686847
-0.03965172224657691
-0.04988050932167814
0.00668610031619523
0.06968836736768895
0.030157224296560647
-0.009068205863184606
0.0
-0.03578206012191986
0.0025691404538804425
0.010528523276706763
0.07559484197083613
-0.10800918860886001
-0.0011068323749748397
-0.032845155692649314
-0.015956346017929342
-0.052006981525363975
0.011891456506632682
0.18540506487886316
-0.043100940631146716
0.045962425667375115
-0.025590313254841755
0.0019426045696998122
0.04998099709677959
0.015429246265993738
0.0051914262989987345
-0.0025650520390189495
0.044397085802840484
0.0
-0.018617409491471178
0.015625
0.03946460325520741
0.01543210906015341
-0.015625
0.007098820855285237
-0.06265109888292195
-0.022022371094829237
-0.020451946973058337
-0.015625
0.06558159004770563
0.03810766069587538
-0.01026324108240826
0.013073076135655027
0.15063239616486948
-0.02421499456552693
-0.0190233758438303
0.07553663656562254
-0.029471171978881522
-0.0566927955230004
-0.025517664909361148
-0.0073236310859374765
0.05116334002989779
-0.057668388394504944
-0.03451551943771034
-0.004215058310368246
-0.03125
-0.056198271085091345
0.010620075304571456
0.05986133943770579
0.0010775668817102329
0.015473349585799682
-0.005089505368304556
-0.012732533027261999
-0.022014051061761748
0.014953754900651697
-0.03889733512110298
-0.02911131021067101
-0.014273762211622631
0.006412190445892196
0.0103938818528302
-0.04591757582704399
0.030681090406797736
0.06354944279516428
-0.029594461468049067
0.06889436099178008
-0.001655927112987685
-0.07256176636457065
-0.030106199531815515
-0.025992046188499623
-0.046072171208158944
-0.002260722796522823
0.14021941543128894
-0.013883099486372345
-0.06589478183476347
0.04639918734399082
1.4681461036702113E-4
0.0049404150424166605
-0.031408698255772416
-0.022153499824173667
0.01028982522403686
-0.010728228437575576
0.08321015119601625
0.02405060633299607
-0.019151525568666734
0.011828355184139626
-0.004304355634892811
0.013108422456683158
-0.03219860042625383
0.04114938044441274
-0.01577167162331674
-0.011098322248508374
0.005981366911947849
0.0183859526303482
0.01797501643243324
0.04295064385679988
-0.03711809433574738
-0.0338038621525413
0.15508456349096783
0.0415372554832805
-0.029795701935981814
0.06643807009134181
0.010874724972833493
-0.050830108665582324
0.0010778844841771995
-0.018375305802730182
-0.02693275737379035
9.923983322519814E-5
-0.008302150882862442
-0.03823493788918949
0.015625
-0.046804691221304914
-0.029342559682315084
0.10916266343762054
-0.005425965818171178
-0.002398343909498775
-0.04401098710392387
-0.05002645305210114
-0.032223226068970275
0.025198953544566843
0.03357679944644264
-0.057443867884227534
0.014915719253380439
0.020540073606342964
0.012152836353528193
-0.004002814238680639
-0.02774615281846156
-0.006137094854732078
0.01147474691269404
0.013239840421931513
0.039184226518522276
-0.033010505768886325
-0.046880733710735666
-0.0040698626787053285
-0.051765481413299765
-0.003408782544884954
0.10005640953673584
-0.060837478431681385
-0.013614371196704287
-0.01063206700843512
0.02305366130198437
-0.01680067915941025
-0.06286266976352212
0.01491212633405503
0.008323447325993575
0.01282082963882614
0.006474086014215272
-0.015625
-0.020476677430756717
0.015625
0.012495285826970768
-0.005121937710589514
-0.016002753053816793
0.036777720680134685
-0.02669774119710933
-0.008151924556943099
0.0035291066516867
-0.014482096172822395
0.03574277352742046
0.008646205672373508
-0.04982392849781493
0.08965855913738995
0.05284299381202434
0.06638218226136015
0.012015539560730192
0.0640761945714195
0.03125
0.04797395109065062
-0.04659722780716662
-0.0421233174785886
-0.04587689790029528
-0.031466271350791254
-0.04961692048439993
-0.014204010445911654
0.0
-0.016776778527180992
-0.0011741229081120713
0.04591765579582839
0.04765296942961799
-0.07638445964490888
0.00306135567537048
-0.034948562142545374
-0.019463057892741477
0.01424070589324192
0.015612685581496389
-0.04455220895848677
2.635410779346717E-4
0.05000629150902977
0.047701275966077636
0.020737231860496728
-0.01644767505047657
-0.048082296485190315
0.03759609783158159
-0.07294505773441912
-0.015954643776361993
-0.02107078835265018
0.008446149632681987
-0.023749868017893354
0.02160637181498047
-0.0595373614864212
0.0902640517893096
-0.05047774024367893
0.01211344229503005
0.00552916785072332
0.014145711104340871
-0.0013548678257574295
-0.04891427633435873
-0.004928672749630314
0.02599273244235189
-0.04567031081846561
0.015709843678535576
0.0
-0.0835893911055817
0.0286384983724829
-0.021636318472153852
-0.039275291036479226
0.0020588807674140203
0.029469274671610604
-0.02659582922165218
-0.011406994786401232
-0.028963121135147422
0.007597651201758426
0.006590449522817144
0.07228885299172354
-0.06418293813244959
0.21018552825367703
0.012245744229052053
0.009131747204902568
0.01133597581416384
0.06753769589569746
-0.014026043576469499
-0.008712845271565
0.019064480495109427
-0.0273986573832738
-0.013894271309586786
0.044755675809728605
-0.0314691609899974
-0.05945858974694346
-0.008296868471434383
-0.022409350214332102
0.024607128578807626
0.040115352890422534
-0.004792168225713676
0.010829497668678325
0.010438182325121547
-0.004718516318001064
-0.03820425832742573
0.013328860279112897
0.0027314094530891102
-0.014454006943784155
-0.031245748911581883
0.015632770494906138
0.07478155213142285
0.0021698166163062887
0.003939305634809494
-0.029448240595620186
-0.06224738581016799
-0.01992767123816503
-0.016391437343758454
-0.02433396892476071
-0.018545720432846354
-8.246170476172293E-4
-0.005389059500534598
0.03366592233604754
0.009792472099749264
-0.025407141712701607
0.006968589113987563
-0.009733715503257299
0.015053553825049991
-0.029021481984909045
0.04319438289453169
-0.03966182042151733
0.011706527025414283
-0.0024630847078425805
-0.009656766357986336
-0.012793352731092722
-0.02836853014702436
-0.00795285262591474
0.013630072338339596
0.006266558581564479
-0.03657918766706936
0.0191836619768872
0.045310699106421985
-0.04479625256684114
-0.014913581078471346
0.012630903772262315
0.056292690679756
0.011868369627912828
-0.010666146359801289
0.07999290154875316
-0.012128327515060402
-0.010163342753093087
0.0034436804381524893
2.5336213159457034E-4
-0.025901918846358125
-0.00113999845320162
0.026302455899757774
-0.016426615382470578
0.026850243509911144
0.007155734216733659
-0.06540206671556618
0.006255996548336066
0.01931781059159455
0.020236684470541784
0.022440067467942824
-0.00795285262591474
-0.03152332723675468
-4.662271824982262E-4
-0.0014020104347133404
-0.010597724212124007
0.01931946702216325
0.026795574864027123
0.020333778240294486
-0.021900324201324955
-0.026083286281225387
0.01590402646363847
0.018509837212744334
-0.013321403014278962
0.005573915545237576
-0.044211702338639546
-0.01399316086539256
0.004554803595922176
0.03572650332176301
0.0021084127749249996
-0.028638969840561062
-0.0020566782568860993
-0.00748163360346164
-0.02732436380213797
0.009123434996978517
0.031541040643157395
0.03098090866740702
-0.023399444323313784
0.033349730633535246
0.002521168910375583
-0.026083918745022708
-0.006545817699244991
-0.015317669198801624
-0.025731945700214573
0.040300034009588696
0.0
-2.4839035708629394E-4
0.055077867085160395
-0.014651023006696502
-0.03589898997331998
0.014731382906300779
-0.043832411529841075
0.015973095235261216
-0.020734032350572865
-0.0414348351547319
0.009595895704296187
-0.005584578597905296
0.03489064495458548
0.003498350220933163
0.06491308191555475
0.0015192516518446504
-0.0054745134466959305
0.013643941345564653
0.02268620302882328
0.0022516660630462525
-0.006841132699312716
-0.0033911297033050788
-5.405608210947623E-4
0.004311522337166231
-0.016073461686165216
-0.018416925636834704
0.0033331747916255008
-0.015625
0.022313397001573754
0.049711325538934724
-0.013722895792763614
-0.007044300765695136
-0.006400081806330863
-0.02183092292518479
0.00656019706285779
-0.03646220870763911
-0.004673096231927217
0.0201030326673165
-0.01653550509238262
0.009001404637252401
0.04150837594941925
0.014865333999718289
0.005115937456941635
0.031158900000492526
-0.012047772143508283
-0.054313110437533126
-0.015416327889930324
0.044162603625156824
-0.019269030164668036
-0.021038698725331133
0.04386608639619632
-0.008255923395067323
-0.024658679394209043
0.02218894394932372
-0.010348057153561876
-0.016190828200510234
-0.05405971242739821
0.014338137350556623
9.350692533333094E-4
0.021707882155159862
-0.005553835031562823
-0.0032980909550684168
-0.007804298019799745
0.013494336569403922
0.007050965540362126
-0.01301423590657153
-0.014307837409290395
-0.018946658929888265
0.026843569928857655
-0.0016853376725895208
-0.0018417639391371532
0.0091787442556546
0.00692473784039202
-0.017878127539821285
-0.0015977669315435233
0.0
0.03257504954311052
-0.0017431893887899612
0.0049512270310270515
0.0727325127034377
-0.0069289280123730965
-0.016440022653432543
0.002768329043078211
0.0299632990385372
-0.01891523463454521
0.002864574669556714
-0.03800529895088142
-0.030729332652715106
7.177987096659167E-4
-0.002894536063087646
-0.009333846205385944
0.018922554977408853
0.016160885897063854
8.339468562086525E-4
0.02288726134790563
-0.03524153890095822
-0.0028762867900022394
-0.018034438586948545
-0.005260860691639454
-0.004664797036362358
0.033369579315139376
-0.007169108326181756
-0.03086501234918658
-0.004253773712638902
0.02559866009352051
0.018770569832042713
-0.0028999469721786913
0.03365021310357429
-0.02847071627713034
0.0042950524133128325
-0.03874043624593319
0.01078351818832224
-0.006145924419596029
0.015016811892448176
-0.0133535626316114
-0.023455611080340964
-0.03829100445666667
0.021282055116274907
0.0187645000969806
0.028847225286615034
-0.009889095460017185
-0.060786928723248104
0.03473721707026916
-0.001618299233129914
-0.025257727450104253
0.01200090559087097
0.022661535662720098
0.0
0.02679974949768548
0.02526195273586581
-0.014819920077898905
-0.026755759879857628
0.029338113195710752
0.018821246188900423
0.015883239864859622
-0.019600887787654918
-0.026270267467346415
-6.162296880695044E-4
0.036844319700614074
-0.018383142729749943
-0.012874010702847397
-0.01726720111775072
0.01653205987888142
0.05521314780038682
0.011844698235665863
-0.021016858338579348
0.002233504293328387
-0.0069620426671896775
0.003104648680428451
0.0010082565284797746
0.013697747733995562
0.019815841964535473
-0.005714816318509262
-0.007272422373376891
-0.0010242998847164158
0.030289833615253742
0.01948986769983657
-0.035520755627284316
-0.04492496004587755
-0.03229258387417184
0.02872934113873129
-0.024457439557060586
0.0031078133344773834
-0.01211661792687427
0.029183003959601453
-1.5815046743403866E-4
-0.011406782145654918
-0.008073368054162252
0.026183817749681954
0.012186707362559165
0.005501610590471433
-0.038962059965154124
-0.012117146454309212
-4.8167443983977796E-4
0.017338309521075353
-0.03676046943112866
-0.040119578779319646
0.019279617576913093
0.031863661767141324
-0.030626507660094476
-0.02084768944575717
0.011061885109554116
0.030569407872120348
0.016084122057503345
-0.043940410848294614
-0.014428892892359435
-0.0032419429592118578
0.01983119228351933
-0.010678037972784361
0.02234642697811956
0.027848162304464085
0.0385743319955851
-0.006001219365354771
-0.01478855789102267
0.01478677137889563
0.009252778388752225
-0.008810263020244468
-5.714711378170378E-4
-0.05031261276370885
0.01396452513791777
-0.013074732981349774
0.007056803176544769
-0.00808389159047104
0.008202867085160395
0.0178988352942546
0.00992376940206034
-0.012685051137901374
0.013923523233061352
-0.014162388411012843
0.0249732916686229
0.0
-0.043290089574431694
0.03854097521569778
-0.007569376170822871
0.006771731759279524
-0.026403149065656127
-0.014122220898578999
0.0015154005159137974
-0.001973268761428168
0.030459839831355626
0.04170274514635161
0.001600283735409558
-0.02177111793927407
-0.019000916537784962
-0.019144165408059036
-0.01174217469120115
0.009434866771638947
0.027994956477072373
-0.013780419834486888
0.029450668334279798
-0.04103550480283701
0.002168134420247096
-0.017265262657114245
0.03541598226666648
-0.008978333997016518
-0.02647754171199991
-0.004568056486300038
-0.0037802642714989763
0.017373623166551083
0.0376131251257016
-0.02080383124898262
0.0016342797347130653
0.023347547494362287
0.031408566223063906
-0.008988029428764113
-0.053807991415493014
-0.00515868777727848
-0.0338849044194294
0.038940018052886737
-0.0035126902483211507
-0.004000228111768591
0.0065321960349198505
-0.018134248321081473
-0.03768403407620802
0.04243756251844179
0.004573848953686633
-3.676566701673028E-4
0.007912940034845876
0.007242700700414138
0.007128334533542061
-0.008265050807727381
-0.00864567166230395
0.02437590650348686
0.007782688278460899
-0.012589403184023221
0.017866103988538856
-0.016791622769920758
0.014967110354101544
-0.0208319191297206
-0.01100891305247716
0.004450182469856741
0.009084361654827747
0.020915942160141927
-0.012551839493789324
0.019661116453484284
-0.015861132995042583
-0.009495939618538778
-0.0031913893836027756
-0.025929579741037663
-0.012554059110349026
0.03242158941458854
-0.03232660224108218
0.035237408683823336
0.03125
0.0176089517073617
-0.029939916531142675
0.021106079790196342
0.025650337064868182
0.02775384941715348
-0.008481387330623858
-0.021681031492151157
-0.011626480094858121
-0.0010814625169157238
0.01681266517113892
0.0034027525853543104
0.015562728314723832
-0.026516888605802258
-0.006572970738406313
-0.023045239884855292
0.007672147374085259
-0.055893950169880184
0.02263192753950568
0.010543320938940143
-0.002214868746343173
0.001235713994024174
-0.021629205901355725
-0.02772887013270281
0.010928368646371037
-0.02267148734799307
-0.0060384974738042895
0.012744747488596612
-0.004970989326016726
-0.024597515699830506
0.05937471437817851
0.021478587170466714
-0.013970148715564979
-0.013907179544006436
0.01741472842050211
-0.02128085380106473
0.008951792899695799
0.007755925596837741
-0.020216223270546743
0.02899010928239031
-0.038964515766299994
0.0047202053663302195
0.014542568785483486
0.017870262823735765
0.016222280751329525
-0.03338734860012509
-0.0015940331756183878
-0.03211382664036065
-0.0011369287600865123
0.021636803859398635
0.0062626100537816805
0.015727765062481747
0.048090855632253356
0.007135630016691116
-0.014104417224677507
3.4955444878158673E-4
0.011879498084919466
0.044463864990962235
0.03314143336410388
-0.031823365271828254
-0.008350991843516925
-0.03166339526174773
-0.008620391794802274
-0.01424387709624873
0.015625
-0.03891923971009889
0.03243446520969526
-0.009898901388575743
-0.03233374332234919
-0.05120057746116014
0.01839728476575857
0.009613275807921082
-0.02752307421388831
-0.00265122491039378
-0.012117445471093644
0.01376306047825841
-0.02289111399214447
0.05000305347380869
0.016701479676903178
-0.02168807205935206
-0.0013037501427868668
0.03732158201214111
-0.05321955261314801
0.025289903900442792
0.013431914198683878
-0.012534249329695248
0.0038345070637132925
0.009527788696985688
-0.0015333082581301515
-0.03449992605025962
-0.015718085760023086
-3.288434227564606E-4
-0.026900296865747676
0.008506709280420964
0.029026391903331825
0.008248303905066545
-0.007719777886192859
0.01934882798712621
0.02211528246921517
-0.032187403241074414
0.014488071239913488
-0.00795285262591474
-0.013970148715564979
0.03125
0.04130534849033688
-0.03167664605662664
0.022800521676299965
-0.06298459825713651
0.0411390480033353
-0.015968705078694252
-0.03589580313043468
0.02709480968844042
0.0
-0.002106590127562251
-0.005439735684425254
0.03364263780254101
0.011072476842396504
0.0012855352978234686
0.007337436290338454
0.02398164931794311
-0.016194502228933795
-0.01453005234788856
-0.044855276181766796
0.011027781358510146
-0.016128809671634155
-0.009597757472712576
0.0017692715789010272
0.018114521454675105
0.014798521823258252
0.02216458620801473
0.020897722362138924
-0.00712021143972354
0.05166591326919143
8.11181253493087E-4
-0.006300965546393339
-0.022047664873053294
0.004748765936284729
-0.0015361218376830077
-0.004523585062201336
-0.0230529910627182
0.017515058439759965
-0.02195473755402648
0.031104648314828152
0.0014414546087254823
-0.034459814824201185
-0.04631990445752522
0.01801248570687948
-0.01860651289861593
-0.0024259744436984417
0.0045669452801982095
-0.01831933544387083
-8.249900907027208E-4
0.053660998258735465
-0.013510756931132715
0.0018913113839519567
-0.031163890297767012
-0.02689215180102312
-0.005792026276567245
0.024031083395116032
0.00986477133747237
0.0033396177247306917
-0.019841765314358474
0.03284370111424819
-0.01693038908671424
-0.0043988396503126005
0.026733538558339858
-0.004529716079475724
-0.011203510857531254
0.013510767758353706
-0.010764168167217033
0.010855977553155986
0.0020420030173135275
-0.0371939346093752
0.05182954958351581
-0.04850004791668486
0.029754892323881402
0.03125
-0.024162683523741353
-0.012010305251005531
0.021769225848080546
