0.00474469560499996
0.004737148323557629
-0.015681735822785738
0.006199891894228079
-0.018399033373996194
0.00975163095786205
-0.01766244729125293
0.026309849707387124
-0.007639356098640075
-0.00937168004699928
-0.013615211110389639
0.030626247256028843
0.025152357382823884
-0.035562924831096264
-0.03418559247059626
0.044596159918868505
-7.454136935190099E-4
-0.020500169387807382
-0.032835786436080414
0.054081369517406726
0.010491062697051728
-0.0041465853646683905
-0.022057810909817982
0.0157133335774344
-0.02013405075232579
0.0021574326180237823
-0.014405948844971948
0.03238256697927406
0.01013525261423406
-0.020212155916811254
-0.01841491831254393
0.028491821615120646
0.028854637361765995
-0.0342577811865256
-0.00899964995367646
0.014402793778436007
0.06177361968496438
-0.053815196293765785
0.007950294023804975
-0.015908717415003267
0.10828286164823392
-0.1060977931188746
-0.06931247636258234
0.06712740783322288
0.06327076301037413
-0.11602040133025625
-0.07370402155111097
0.12645365987099308
0.09419458375968956
-0.11868172214503099
-0.10112533556985032
0.12561247395519173
3.4125399349020993E-4
-0.14547143776796556
0.09277762851803284
0.05235255525644236
-0.031535427716124456
0.013488680593768041
0.07652249718139276
-0.0584757500590362
-0.23981264114673814
0.0294016758065712
0.12828458197739856
0.0821263833627683
0.009954003676112742
0.014530778571133466
-0.14777776806986648
0.12329298582262072
0.15078361027266862
-0.09092616649433663
-0.1199473004042417
0.060089856625909516
0.08839655851513176
-0.07501165300038601
-0.10005348240607993
0.08666857689133377
0.05271130705824736
-0.07642374065446014
-0.06867285138326094
0.09238528497947379
-1.64781276753935E-4
-0.04687269176257669
-0.024781813790851273
0.07181928683018189
0.03827424650709739
-0.06411991360889432
-0.011904507577764943
0.0377501746795615
0.03211373563993557
-0.015915543767415725
-0.02803765920359167
0.011839467331071739
0.03244173782134642
-0.03271726537359548
0.007015151443028521
-0.006739623890779367
0.03460480097241986
-0.04090679866877799
0.012584956988756939
-0.006282959292398978
0.04549728569522227
-0.033826090056667965
-0.020017283016830194
0.008346087378275765
0.04327961401204723
-0.05493218288642788
0.0035831554465681646
0.008069413427812526
0.020619254038934207
-0.045124801159163855
-0.011759518162416431
0.03626506528264617
0.05567213082159068
-0.06438169068791585
0.025807349183013615
-0.017097789316688553
0.06571338950094141
-0.0659417857162838
0.016066511504409207
-0.01583811528906711
0.008017112289355637
-0.019937815432489268
-0.004580361882616414
-0.022782948327610637
0.034133185146365985
0.02687710098340664
0.04308967705623033
-8.503865779944872E-4
-0.0030488097218394072
0.00945692889222426
0.016323305627476768
-0.01921637866063276
-0.022291821002018982
-0.004070877871772005
-0.03823312155870672
0.00185990664562115
-0.013949877766938906
-0.017360920659918785
0.025534080767347377
0.05370390720410462
0.007711302447875858
0.01961331657935667
0.0044434682884907425
-0.007535580983495847
-0.061785964787357574
-0.036605525618334675
0.0014819462007053114
-0.008736777574133492
-0.01130228841491437
0.030917529487934598
0.023930658191742532
-0.00532212503890651
0.018537543081345795
-0.012080409876502045
-0.03993451827755845
-4.0108694484570183E-4
-0.02229518529657704
-0.050909419241930084
-0.026539741450400018
-0.023736415415399482
0.021427736312079598
-0.0014634177006731808
0.018460060173445612
0.09108308345175237
0.0
0.004716899507915921
0.033875872024439084
-0.026422736169878124
0.013960126518472324
0.020748995783787298
0.00996778913969484
-0.03784064898962394
0.03265896072772349
-0.007544343228330686
-0.045626546656710024
0.02626223857925001
-0.027130840033419194
0.01715064476160658
-0.040726887022629325
0.00566844840847621
0.017719464401206735
0.011119633586719538
0.004919108268658797
0.0048937476493454545
0.00473973018147382
-0.0393317611359184
0.023771699470113115
0.037385235606566314
0.008204742513398054
0.029428589702418816
-0.05357521771456324
-0.012688264686376448
-0.0454449603149018
-0.012445847303332506
0.04928465405195701
-4.0685668685536396E-4
-0.017691604992930668
-0.0035530411910360687
-0.02082128922452406
0.034745158350515136
-5.742998132695042E-4
0.038578811524260764
0.0023221685889965628
0.011881582725400484
-0.026112046936439575
0.012782143838963415
-0.01617974925874182
0.01754630744872053
0.022883134355429678
-0.011708263648452195
-0.037831819743833
0.002023806274466548
-0.021291439306595307
0.029112569224557856
0.03078228986821109
-0.04446356418381344
0.05960463827081888
-0.06291370900787414
-0.05957005220976382
-0.007658755283717532
0.017751483033041058
-0.016051009600768502
0.010381711289028251
-0.023543554386477792
-0.0142982560126999
-0.014043775803608266
0.036038462799548594
-0.012158006004242002
0.027166453262206458
-0.001643440248988103
0.008068602767587058
0.03520675984465692
5.039480309731725E-4
0.03943405465021578
-0.04819828227071495
-0.007614365426200606
0.027980967710734904
-9.8287477631041E-4
0.025550349434337843
-0.009865257657964276
-2.3714357093899963E-4
-0.006797205935593416
0.02707767619623589
0.004449190236430211
-0.018032989027476385
-0.015428165119630721
-0.011286796514470787
0.01975674374775988
0.03836672928580316
-0.0066457922096662195
0.03898887662137832
-0.0064357970275189
0.009587836404688984
0.0035325602477167192
-0.03622755214186433
-0.0011254484798573737
-0.061263072921018444
0.005613934021646401
0.003738064283294956
-0.029763391805292
0.0
-0.022803900136943445
0.027413949017863957
0.029383648741128154
-0.025857291736959317
0.02377511896871115
-0.007845980811381997
0.037753299900364586
-0.022345092583296224
-0.001917243962780121
0.011157575995909105
0.038281609714470546
-0.029634564696371754
0.07141416682976967
-0.026427315619194425
-0.049175192764142416
0.041585111237146095
-0.017375557868639188
-0.023170288332511894
-0.02959003431809301
0.006404462820163548
-0.012375291175401336
-0.027548339339073358
-0.0035780578487998836
0.00854507335702509
-0.012516839946388556
-0.006104541744854105
-0.034918784356768824
0.016863420529072692
-0.007390509275511383
0.021980268309305946
0.043115793741041235
0.001643563529418135
0.02050934243270823
-0.018706267377440515
-0.009538504764886446
-0.019794628901531705
-0.034569549007608766
0.024514597844344566
0.0
-0.0011462177688527399
0.022148700048961675
-0.014036701917633447
0.0015221423024274856
0.009560171809097037
-0.05146945526582624
3.3741895330575674E-4
0.048314671400226744
0.026739085942096445
-4.2985308855591E-4
-8.995501775289514E-4
0.019835415083106878
-0.04315299195326288
0.03418120919602348
0.001513336278690831
0.00657771794602422
0.02625366628067007
-0.005343496117563712
-0.013100608255279101
-0.037625075331792414
0.022324650181543892
-0.01681728461033341
-9.595994121258944E-4
0.023561388156182972
-0.007453960199838645
0.07695352579654896
-0.03363449469851646
-0.008125625874148053
0.026461691360333543
0.019816465937584477
-0.05089086006477098
-7.45697823581918E-4
0.01824911475781027
-0.003230162435129898
0.004466999839640116
-0.008238775774810763
-0.027199048990075494
0.03560602375583641
-0.010409706630584199
-0.04320848794361948
0.011936542976965121
0.013350822644637394
-0.014966537694126883
-0.0065613087472037954
-0.016479232213218713
-0.03130972867861451
-0.016685084387387278
0.0
-0.02725137787388014
-0.017494187070654588
0.02747164448831328
0.035442056766299856
-0.006037160158607526
-0.008071557661680377
0.017253069375964106
-0.003515915628963932
0.014666807673001256
0.0026467731546091465
-0.015846502523366248
0.01102480226758943
0.01302780109063933
0.009972063936449548
0.025423985898833865
0.021543909782737927
-0.0222640148913021
-0.013337406838920785
-0.02682206571542142
0.04232351878421399
0.02235646617264347
-0.03948541805803375
0.026511895741915294
-0.024745100726142416
0.005052108483630318
-0.06158422831542667
0.05861671684840318
0.00800592772464876
0.026190308031451864
-0.03200779884202282
-0.0513063899783099
0.03698114907337214
0.04781965506403079
0.014765340559150318
-0.022991900651782235
-0.0069330845799558775
-0.020432367269444356
0.005710536069264277
-9.054450855986787E-4
-0.02501134598885477
0.0
-8.110315343211813E-4
0.0025173185823585513
0.025669642857142856
-0.006785632007415068
0.013792340469963048
-0.005427020702695088
-0.0065922994865547915
-0.02947291752237613
-0.032817880332116516
0.007779472893546198
0.015106072498677505
-0.007965682900935696
0.006875095574303303
0.0014591104964190053
-0.008352552812533734
0.02930161918621362
0.028234882932989137
-0.014435726014967358
-0.01119905166032473
-0.03740461349662437
0.008386422537319745
0.024205418948130157
0.0162576792166788
-0.022116750145492556
-0.04585467836048337
0.006799892114133867
0.03240329981763093
0.011128210159545276
-0.014405325823076617
0.02281279036271844
0.012859984375982191
-0.047133117832866965
-0.0010546736732554296
-0.002852600425008801
0.0031322757885883616
0.044958504071603
0.013791333007014957
-0.021678332073776407
-0.012870006071083491
0.0065048517782590985
0.042860413273887024
0.025266843405572992
-0.0432652151773503
-0.02173074370614371
0.012030884378938806
-1.4694745165151407E-4
0.004015988711249981
0.007004625837869422
-0.017338427619531013
0.014497566735938841
1.8003041660908E-4
0.022282827894155685
0.008081588222039256
-0.01851829108566003
0.015112441568480513
-0.003138424945897793
0.012596484630464512
0.008309855263358569
-0.013805617775650349
-0.026158399204606907
0.0013841477555102712
-0.02239655468905322
-0.007035517668501397
-0.019636080768222604
0.0030666170947206877
0.04329515308672348
0.007050833319191102
0.006388532053782425
-0.018012971152898273
-0.0017611702455979372
0.016120448519134974
-0.05158815256172715
-0.014976913705190786
0.061456034545592925
-0.01593777313823749
-0.014183796480549259
0.04653178533665043
-0.025149914952524915
0.009656233857894558
0.003415351599149303
-0.008377526094415007
-0.007505667248420861
0.009778914302688811
-7.083975219279379E-4
0.004733689982903108
-0.007969615403810928
-0.035056260774142756
0.046702308115376616
-0.02802992649133145
-0.007109414655075058
-0.001351776769540354
0.030500140592191468
-0.021254277733099958
0.01065603502868959
0.003317610434106194
0.010313996124129254
-0.03224306701528788
-0.01711380561666254
0.022554950793664826
-7.378413314003511E-4
-0.028646871285359386
0.014351671926557062
0.004206167881418747
0.02899266337023822
0.01293837392666354
-0.00279659853163069
-0.030103688659389557
-0.0031185839469726317
0.024601635151315512
-0.03295897003650981
0.011202477710488178
-0.019190890373484207
0.017395075460504502
-0.013203665698519444
0.03278237801351472
0.015070372906517039
0.027629504859131616
-0.007880043015966951
-0.007594713655071876
-0.01858115820600173
0.009548975247277613
-0.020900411479128363
-0.003911969795462808
0.01624546764540432
-0.051845834869361215
0.0061360268387156
0.01556693557672948
0.006558626706794409
-0.0016461278926182318
-0.0045297016192846935
0.0
-0.0182333604491933
0.0010334942123580299
-0.0017996515772256087
0.03996791179205075
1.0966371464453742E-4
-0.027772508228388924
0.028460048072060037
-0.01826918519770979
5.231511446612894E-4
0.02149952922238551
0.023457133395839325
0.014380062859359622
-0.016603369503926504
0.04924181455809575
-0.013369522888894095
-0.0804677785080929
-0.029585682273688296
-0.0025637160540150482
0.009257669299842949
0.009931089987923074
0.0010149432848580546
0.011411219155286485
0.04792204082632016
-0.009084912756088408
-0.016149052003602976
0.011703527671118654
-0.03883997322967557
-0.026563907087238516
0.04650093149283739
-0.017608135149747635
0.008548400476695465
-0.0203003924857977
-0.01264301837152665
8.646554892965275E-4
-0.005547797402438114
-0.007771463133760018
0.038412699118471116
-0.004930617201953983
-0.0549728865718116
0.0013319041008167717
-0.009455220701625468
-0.021521620720163538
0.027670082023334108
0.008778773921575528
0.025669642857142856
-0.03930194148522704
-0.012611063102059221
0.09841043815920283
-0.058911785692030885
0.01597246165178199
-0.005278466718860914
0.00282610257121858
0.028293257697187456
0.015066995113051615
-0.02085848127304888
0.0044621669695809225
0.02491239022385856
-0.042658068235620156
-0.018728695863726275
0.030504551179700145
0.02220415195974777
0.005831705710138602
0.020862999640231368
-0.014366032318975803
0.027979217829310135
0.004848962731372845
2.36706891827438E-4
-0.012108739540538455
5.355348747213239E-4
-0.030011924453313618
0.03465961749562078
-0.016926158944807375
0.0030285992572338678
0.02244900472914334
-0.017117417619105037
-0.00785139551983196
0.0603589498619969
-0.029208453096716106
-0.05772877813500243
-0.0033558822787226237
0.03259699078809572
-0.04945098015959893
0.0029215078282253185
0.005096827628115065
-0.008456364968664443
0.006116695291699233
0.0015936625629780245
-0.039418391582033425
-0.013765882149980518
0.038064286652475486
-0.008183123168743369
0.00230798769446185
-9.622275559635681E-4
-0.01017739465480275
0.008874487081769827
0.014427000399422605
0.027968333233945333
0.0023548195985054615
0.019513268375348714
0.012289410345048648
-0.014905087320729553
-0.013509906385780542
0.028586498856870115
-0.009485895119857167
-0.042352772075742624
0.011486545812169218
0.025122182381297705
-0.016217843251266833
-0.026749686278021108
-9.899465982716737E-4
-0.006525674311877546
0.03190757435348257
0.09341339318021788
-0.04702736488078531
-0.05245921715815145
0.03570594501803917
0.05952231413412876
-0.03948739203052791
-0.023625294671997484
-0.022684363609541982
0.03934001144748562
-0.00985536421242035
-0.003434976810961367
-0.008656654047563337
0.0
-0.02490032998175528
-0.012813954018181833
0.04581788500378095
0.028267334090210178
0.026248561986042647
-0.02123891715548338
-0.02780963863825467
-0.05735009329281902
0.01975051336405053
0.04189130289648503
-0.026629863402059764
-0.0320610360041947
0.031114490429437806
0.004149094572296695
0.040778748644880264
-0.009965871045033603
-0.006355478544892637
0.005697243443409213
-0.050744172530599985
0.02745170902943174
-0.045652197935912284
-0.05214733619661482
0.04217016035846462
-0.005399108320385539
0.003869311208535734
0.05940703652177471
-0.028535470451757007
0.02745609538806996
-0.024272869195942168
-0.018710681243284406
-0.0033795992191202953
-0.05003777046223169
0.008117749532797461
0.013233795923274819
0.037429525109222594
0.038061320423192324
0.02599054413408168
-0.00920067656951402
0.0
-0.016593236818090783
-0.010622996581242362
0.010001754503546866
-0.01732960974386564
-0.031621770630949037
0.010389351536567927
-0.021743378027147015
0.008458831396649344
-0.0022004294707979027
-0.023404321946909962
0.011681727627965929
0.04253568394494869
0.24884131288458358
-0.016703376525985594
-0.10334953434041078
0.05840535470486484
-0.0015340400526047526
0.010467392292269716
-0.01324626024250938
-0.03612754869372882
-0.018692707005472396
-0.02792666258736069
-0.0306074226834318
-0.05781935480349874
0.0
-0.06650171044898211
-0.01316738094750151
0.12973555813473273
-0.035493424360627565
-0.007434815621123879
0.022093758155392742
0.0010143575291921073
-0.057976989929214864
0.016835878221800552
0.05283382625397133
-0.03818327858574106
-0.02525510016926564
0.05600054276505191
0.038217702442309896
0.0187116542117129
-0.03952855502202311
-0.007281871716293711
-0.047346804161198214
-0.0010220763077093617
0.10272772811544595
-0.06270541298279406
-0.06929582467329287
0.03238680974105274
0.004225069222690971
-0.05322138583396578
0.08184633284769384
-0.02547440767877583
-0.028211527802580485
0.01864602554628554
-0.007982233119862802
-0.022192206132938354
-0.01971795937413197
-0.055513534194224834
-0.023169868656139608
0.13560268899934239
-0.04533828332399006
-0.0011760109819451726
0.00774727871330662
-0.023437055385434592
-0.008837233692518778
-0.02094837754011456
0.012805931334444708
-0.029562701042571776
-8.323439158169112E-4
0.006804731735965574
0.05335046097829335
-0.0415240358219739
-0.011105182564099871
0.09463818654116085
-0.03443398345217648
0.025939901002467753
0.2965296584074
0.0
-0.090260607633367
0.06446828254137896
-0.009857925449736061
0.0018229318130467105
-0.027070922394873236
-0.05291370008028612
-0.006812903161499968
-0.021006572685714885
-0.0807819135055648
-0.03420293279222454
-0.01951409496524526
0.04274896547037603
-0.025810717379036258
0.07094531346358059
-0.06519611563971899
0.031791121627918445
0.043678822288208345
-0.07439702272805523
-0.07604637386888222
-0.033241539827585494
0.06867142682753186
-0.006250005991074205
0.0525998139351021
0.06314727848252541
0.05888860027736103
-0.04039586250138807
-0.029620422646909027
-0.021371673369433214
-0.006880305642845921
-0.07147553434162937
0.02004170683974947
-0.013529285193920226
-0.00956309739577249
-0.0699410031431922
-0.020843914795667603
0.07314516210001684
0.0027321652705227795
-0.0015087751149296677
0.02962325185174489
-0.029641209106035557
0.0031653211807160797
0.04983114369088326
-0.008748502517138563
-0.08594759086948672
0.0017731499121478866
-0.009900999072220683
-0.02363655410794602
-0.010059295811067768
-0.031186760738896695
-0.005469086302344467
-0.01067815334267733
-0.06264202865837774
-0.016808193381133242
0.055469445563848495
-0.03364488677888586
-0.06603929397960588
-0.004178561941969016
-0.01425529451655506
0.0
0.012141307862313086
0.012506258687120415
0.2656085052794
0.021049703322289427
0.0
0.052215025354352095
0.15447396682284292
0.010836938917238054
-0.00555116202825806
-0.006673266324928706
0.009590030058879161
-0.05704466850764132
-0.010448325656205674
0.023924674251345687
-0.043763323567326526
-0.001410025513214229
-0.06699586816440564
0.0023242540302657088
-0.019257189984858765
0.002359437719660316
0.008280074204036678
-0.03816241985236245
-0.08990345952829776
-0.014668267856375324
-0.014664704433653402
0.06141914652414209
-0.05300164880701307
0.026336839412327572
-0.01353403650711005
0.03254447155321681
-0.01782279813638615
0.008679184070282437
-0.015659892627893825
-0.01531539361009883
0.017093066545268713
0.05275771389659449
-0.009472679429129181
0.03945466739103287
-0.04097442601203703
-0.05895373117084702
0.038634525847135406
0.0
-0.033220591965119325
0.04702710314348971
-0.009530356960386057
-0.0567229147419873
-0.0036803854305730334
-0.01702391872959892
-0.03728006385627022
-0.004224198925756647
0.019505235392341374
0.0
0.0
-0.040658280714350716
-0.01722473941494213
-0.05206156959065712
-0.014362751119637949
0.016712004543552306
-0.002716674739488075
-0.02367268500881639
0.019855012035372124
-0.001459187821879239
-0.013134753627290371
0.056129199888758516
-0.014741209071559715
0.02739904686148934
0.18639024765044243
0.0
0.022154437488296437
0.05401241745024779
0.0
0.0
0.0066254583129224795
-0.007818063538014973
0.0
0.0
-0.008108555030476753
0.02095754720914853
0.0
0.0
-0.025669642857142856
0.03204098472470885
0.0
0.0
-0.015560730005482854
-0.09928589969515855
0.0
0.0
0.02227938817872551
-0.011087015568389027
-0.007136464344750487
0.0
0.1645928056002553
-0.09313492085748958
0.0
0.0
0.01287369265374867
-0.09222257810648996
0.0
0.0
-0.012198891280178668
0.004845480319538235
0.0
-0.01353403650711005
-1.236705812196169E-4
0.0
0.0
-0.0066279868427597585
0.05133928571428571
-0.02075461277368721
-0.025669642857142856
0.0
-0.0939289646045042
0.041197346700071066
-0.025669642857142856
-0.011373404366254631
0.02180559785393377
0.035942246228548656
0.0
0.0
-0.09013148332184304
-0.04454555039828637
0.0
0.0
-0.025265671248625107
0.03544937960452464
0.0
0.0
-0.017194376278926678
0.22092573588212044
0.0
0.0
0.0
-0.011373404366254631
0.0
0.0
0.0
0.01620041405656867
0.0
0.0
0.0
-0.00448575569682386
0.0
0.0
0.0
0.0
0.0
0.0
0.0
-0.01353403650711005
0.0
0.0
0.0
-0.061350307411414694
0.0
0.0
0.0
-0.06345062950469035
0.0
0.0
0.0
-0.007136464344750487
0.0
0.0
0.0
-0.0066279868427597585
0.0
0.0
0.0
0.18255786503543897
0.0
0.0
0.0
-0.057482606817503355
0.0
0.0
0.0
-0.025669642857142856
0.0
0.0
0.0
0.0
0.0
0.0
0.0
-0.12391929108682506
0.0
0.0
0.0
0.2019414892004104
0.0
0.0
0.0
-0.025669642857142856
0.0
0.0
0.0
0.0
0.0
0.0
0.0
0.0
0.0
0.0
-0.031535427716124456
0.0
0.0
0.0
0.0
0.0
0.0
0.0
0.0
0.0
0.0
0.0
0.0
0.0
0.0
0.0
0.013488680593768041
0.0
0.0
0.0
0.0
0.0
0.0
0.0
0.0
0.0
0.0
0.0
0.0
0.0
0.0
0.0
0.07652249718139276
0.0
0.0
0.0
0.0
0.0
0.0
0.0
0.0
0.0
0.0
0.0
0.0
0.0
0.0
0.0
-0.0584757500590362
0.0
0.0
0.0
0.0
0.0
0.0
0.0
0.0
0.0
0.0
0.0
0.0
0.0
0.0
0.0
0.0
0.0
0.0
0.0
0.0
0.0
0.0
0.0
0.0
0.0
0.0
0.0
0.0
0.0
0.0
0.0
0.0
0.0
0.0
0.0
0.0
0.0
0.0
0.0
0.0
0.0
0.0
0.0
0.0
0.0
0.0
-0.23981264114673814
0.0294016758065712
0.12828458197739856
0.0821263833627683
0.0
0.0
0.0
0.0
0.0
0.0
0.0
0.0
0.0
0.0
0.0
0.0
0.0
0.0
0.0
0.0
0.0
0.0
0.0
0.0
0.0
0.0
0.0
0.0
0.0
0.0
0.0
0.0
0.0
0.0
0.0
0.0
0.0
0.0
0.0
0.0
0.0
0.0
0.0
0.0
0.0
0.0
0.0
0.0
0.0
0.0
0.0
0.0
0.0
0.0
0.0
0.0
-0.07205499984809655
-0.02536293746389917
-0.09520398420513806
-0.04719071962960439
0.09995373920864098
-0.14196976702779882
0.09526316272751124
-0.02384545910178225
-0.07857528561061718
0.14487547298501144
0.0030636541409622534
0.05892074046204219
0.06063054992618534
0.03698801007781999
-0.15090060073320227
0.1354084240919652
0.0
0.0
0.0
0.0
0.0
0.0
0.0
0.0
0.0
0.0
0.0
0.0
0.0
0.0
0.0
0.0
-0.025669642857142856
-0.012874385426033908
-0.02810809338565992
-0.00540287817925986
0.0
-0.025669642857142856
0.0
3.0670539324368154E-4
-0.04869703496156091
0.0
-0.008514725765676051
-0.03799222347790109
-0.025669642857142856
0.0
0.0
-0.021521076772461532
0.09323675050379607
-0.01715174589002786
-0.021116314226527894
0.04498504882140068
0.014286831874192676
-0.04864964081454752
-0.07652390886793722
-0.031083049219506727
0.01507079330944229
0.08756046823860038
0.029777934542858694
-0.03714603336339016
-0.006936259124862102
-0.013742433988710669
-0.003919093892137487
7.523279039280129E-4
0.056006388868543366
-0.11031999978877986
0.02272752142284705
-0.04698919611322771
-0.0030439509029819393
-0.06670579677440636
0.050694390694690894
0.16393082996770872
-0.025945421839546
0.041176158140124396
-0.011034314306432298
-0.0011327678531838315
0.018495077850364458
6.781214602077784E-4
0.004569658183953728
0.035177882967516186
0.0256109588900076
0.014117729732183898
-0.004767781553149015
0.025669642857142856
0.03336820651178027
0.019626065150362807
-0.025669642857142856
0.009663381272819767
-0.04693815940552781
-0.022065025254077927
-0.030558130359310813
-0.05133928571428571
0.07760871441330644
0.06309396157791106
-0.01750480003461852
0.01221054813536621
0.13176116546988376
-0.02700577575367364
-0.019425620275325392
0.0638546859643195
-0.013816755870539023
-0.08490406298327757
-0.04648971035576814
0.01898212783692702
0.04510374468892914
-0.008185240641781399
-0.0635197692421741
-0.004663402547463388
-0.013412209799131714
-0.060820819012698375
0.058069419990169055
0.034426226207716994
0.05539997933035683
0.020981619488548625
-0.0219439370198826
-0.009826574316031858
-0.06122518272239118
0.012352784438494064
-0.03421767775784637
-0.0383089392539904
-0.01525216998113599
0.006739566957126641
0.017610710971306374
-0.06059726897768617
0.008152042411740848
0.0882440862154295
-0.05957798180835443
0.1059997205954496
0.00778247544730485
-0.07666814260093888
-0.03180523060612706
-0.005818925137431284
-0.03743786216194261
0.01139986524266616
0.15002488177648354
-0.01731528373256022
-0.079166287214339
0.036465041476657654
0.01077306687973589
0.011598942969384986
-0.07062209003883388
-0.04022314101348769
0.004277051770454392
-0.021042131126893626
0.08144429809837841
0.008719272318283143
-0.0335405432272647
0.0068748630922691005
0.032438285253663574
0.006484410246635597
-0.03898214279610296
0.05008909634521198
-0.027199396830331138
-0.02113150775945005
0.046369407574458066
-0.014892738727479149
0.044446522433519015
0.05254039038108045
-0.03767540827984131
-0.03269182230040929
0.2009678556533375
0.04346135918401774
-0.04347339994818503
0.07543210345675355
-0.016568345054549165
-0.03209784238496152
-0.010851578536105376
-0.01445526057216473
-0.023059197509963814
-0.0067368123726885935
-0.030693469570426027
-0.046225851675521304
0.015178631002033406
-0.055172467929715405
-0.022655316440576573
0.11773320297138401
-0.0011680337294390844
-0.02272976287159151
-0.00920428139834701
-0.046939437501831646
-0.023688575398308424
0.020162074030591323
0.031216745878398622
-0.08235724756616326
-0.009970382464918097
0.002975313431633972
0.05347948286789281
-0.016149062967842583
-0.024038607617327193
0.02787782345526758
-0.015995502370920248
0.02560328772856819
0.02530919862186408
-0.042499430854746806
-0.06678760591079944
0.007463728806805153
-0.03110104399462062
0.0025712469812036076
0.09995358722272298
-0.057535930176753146
-0.017482597764290158
-0.0016074732917505281
0.05240212238737192
-0.02207863514800503
-0.05534225418234739
-0.0073822339825616885
-0.02072337665075626
0.014893397532421597
-0.0061150761162679975
-0.013412209799131714
-0.011908449077306017
0.0
0.0020322868316786447
0.009833011457529617
-0.003952775542082294
0.03182799382319794
-0.03449804957421263
0.006169692598668021
-0.014419929511826333
0.007841368159798637
0.052255498355578314
-0.007836028306224154
-0.05505910478231688
0.0973316281088264
0.07748694055470132
0.07768867298633768
0.012162284704390972
0.051656046184064594
0.04015897441416634
0.009642459939597916
-0.04286807417470849
-0.04211340452050805
-0.04780427817263291
-0.03088008217184018
-0.0240255431948148
-0.02866383279534961
-0.007736192818324262
-0.0073978955659221735
7.237825032703031E-4
0.050366700642703204
0.034085386021439776
-0.06988538303819788
0.035285210167552566
-0.06881089076659402
-0.02339641909735516
0.025903765753643296
0.0334817281080729
-0.035520584679998045
0.008019905131950887
0.05196458519210512
0.052318448378174204
0.004063040320703717
-0.008306512611708176
-0.032899360290711624
-0.022802411715389763
-0.058512159874073634
-0.024964174040621286
-0.005909388855793545
-0.037068785039033804
-0.017067879377936076
0.04602684008961325
-0.07465817716778364
0.0751432279714349
-0.045711170527401646
0.04464750431026745
0.016791211889069166
-0.021827755897781784
0.021157245871457543
-0.08655364290258116
0.0021036235870737306
0.0220829653052684
-0.014245127621331257
0.028634974438661993
-0.002049118940226538
-0.06555048300943306
0.027017895068934747
-0.048278892298717506
-0.035267122220107416
0.012988253188184605
0.02804485456740665
-0.03953800167992477
-0.034873628697998135
-0.014339189042588905
-0.02568248082405815
0.007352807384310286
0.06285314583817757
-0.04048547204344951
0.22584103516216184
0.032986571342319
0.03533474757453313
0.005122146888102329
0.04179966116922733
5.494347423469978E-4
0.0202652493206057
0.016583257980196546
-0.03755315989102952
-0.06958461937559855
0.047811800122586165
-0.023369091168838188
-0.01002986275467272
-0.0035650402620993633
-0.04214726326891076
0.03180959806617553
0.006697876573303833
-0.011395793480819691
0.03824900382523237
0.018870322299181872
-0.031213029535887643
-0.037868116307245445
-0.017281176386859394
-0.002212014172479883
-0.017017766828065127
-0.01599181942855399
0.054228480746081345
0.05264773218370332
-0.012139258408246733
0.008056375300720835
-0.02051201710218765
-0.047705393514122146
-0.03513926984491213
2.28590351091712E-4
-0.025140078350954227
-0.030733208669056853
0.020969826258580036
0.011667973128169607
-0.004963169268529339
0.0208590298580525
-0.024561747506356753
0.026792249225820554
-0.014374204216741421
0.02071009583824923
-0.04100218060433965
0.00922435849865805
-0.043295164667975984
-0.02092168880886847
0.025866467550939916
0.014298268934907899
-0.048577051395574534
-0.04585500692091965
-0.015109751566717036
-0.017514582936111113
0.0024515704066538284
0.02416677212357244
0.015555753974502349
0.028668944371044554
-0.06799413084452566
-0.046143704498284095
0.04498775502146463
0.06172145240244651
0.021823489897672358
0.014266644937570638
0.10563886107177067
0.018508830107039517
0.00934239000798431
0.012364569081160492
-0.004098152048685414
0.0010163431348227357
0.009653191241221673
0.030076526008048325
-0.04087943873085598
0.014457809117706721
0.0181162638247909
-0.09222390877615023
0.0070540894309603225
-0.004323166124443522
0.01593839783235905
0.011994353990588943
-0.007162879373301774
-0.02163643371259565
1.940786295833198E-4
-0.006932109642722865
-0.014790826647104764
0.005174507987375268
0.01688277317497665
0.027732971494109828
-0.04931777858459094
-0.009475658779719322
0.06354536123548744
0.019621990748627836
-0.014294647415054353
-0.01575181296645301
-0.04015119230218758
-0.009925366039664993
0.002251451057356557
0.046744751660443305
0.01517460707229586
-0.06294722654980701
-0.029087377390219604
0.010521440418521563
-0.04782155452903836
0.003259935029742471
0.05371212488817473
0.01371686553867877
-0.037214219609586874
0.039086083233634286
-0.011743696807895963
-1.1679258325719699E-4
-0.039965438809708036
0.030643289599211226
-0.008744604952040484
0.0018942199199397415
0.02150038471245043
-0.013264293216486192
0.06530683452382205
-0.05112072331903599
-0.035524835588784456
-0.01735547135253453
0.01987007511895294
-0.003675044807309455
-0.03689739299623551
0.007967536981610505
0.01005406150269
0.026178600048222134
0.051311642336975466
-0.008136539792959703
0.033710232758864395
0.008108418036395088
-0.002275361524460017
0.021899720020252436
0.01777859144263942
0.04391538971600564
-0.019468554055345644
-0.001983484931986971
0.023748109693640888
0.017612164235540663
-0.04260985463555113
-0.02808194834726476
-0.01769942158058036
-0.017300107842707593
0.025059678302008417
0.022643243406980616
-0.013072335428469174
0.015861167253431077
-0.00346728964025253
-0.02345977266279218
-0.023342536728702786
-0.05149528032257262
-0.020785765471226
0.008885950099985277
0.006584669992188862
0.02329208691392832
-0.005678757249959619
0.010386467173801286
0.015714164341596108
0.04925497701040499
-0.025693448559678908
0.009640729832396281
-0.04981727559144159
0.002181618610615707
-0.0257671232023328
-0.01399083050604883
0.052600306167122635
0.0015243854528028435
-0.012808520755129383
0.035404246905643685
-0.016570099148861178
-0.01097223052384531
-0.06307426630197133
0.014916782029202866
0.03358141698433621
0.004386492061354844
0.002186434894441542
-0.0051380661618084834
-0.010365054083287896
0.009523696137630985
-0.0015384236236575984
0.001056307601004865
-0.003054751740909858
-0.018119737410908592
0.03714314198736874
-0.003119793718814788
-0.02877020180020646
-0.021282157654372504
0.07339260508487104
-0.02036375742384179
-0.00717095224948127
-0.024049143852357086
0.052668239377279776
-0.02168064187368106
0.013115745839637066
0.05516376088068248
-0.03426037533948402
0.0019974096165198685
0.012774104880354511
0.01837416042104389
-0.03547334570812025
0.004640481242057964
-0.02058949394568455
-0.005085889136885343
0.023369744770342125
1.0643367580148028E-5
-0.03278907454862063
0.02036538696967336
0.012285395244723968
-0.005073685575316291
0.016404512501068377
-0.05856943218263651
0.02754868239148863
-0.002466888059725291
0.009312395286200445
-0.027930763093109323
0.03689134081796117
8.913120135708372E-4
-0.025771588032754984
-0.009745433566701694
0.020209051155133127
0.028676935145378248
4.6365621017533006E-5
0.04465991782087589
-0.021510530580908682
-0.03383584311010609
-0.004321065393098986
0.0397838899262162
-0.024760461803496107
-0.0025899614029004253
-0.0037836037485685023
-0.009834698235053126
-0.016743282946263247
0.0199138727688211
-0.03130616469011578
0.021745175057944568
-0.023718972450702445
-0.04817288736261648
0.027004228187271977
-0.020679430640235388
0.00448242524962095
0.027603580063291798
0.01301863282319332
0.014003376747043335
0.020508835094964054
5.749756193451899E-4
-0.02279497008465743
-0.02707016371370257
0.015088856876246302
0.025917343605271804
0.040284867246235305
0.005438752635851463
-0.015885018306417704
-0.004021006586939098
0.019932537461392702
-0.026013808918587424
-0.02893914313386574
-0.0014813243554761598
-0.0037046428556322675
0.10134851787838683
-0.019066678323694367
-0.02173590768979096
-0.010164336493596018
-0.00939637221755411
-0.008265204066612748
-0.028331781362288914
0.035030037989928334
0.014856720397760514
-0.010741104606594276
0.015457436219320693
-0.022057516237247617
0.025669642857142856
0.025040690724660624
-0.020075031352817192
-0.035127375895657266
-0.04105702280858338
0.04483988497628193
-0.033235684315917044
-0.01700864247260262
-0.0323729392118256
0.02585013927748129
0.0016956079786470055
0.004590760995521303
0.007860459043477569
0.015951524751854244
0.015723817777608198
0.01182720805678174
-0.0410551094478312
-0.014756403830342255
0.03300746809960372
-0.014578334243750279
-0.0336844096773126
-0.008615756329492732
0.013679487926765006
0.040973283070249326
-0.014057900951994159
-0.0042966926999337945
0.0061044348655174135
0.016224963954765623
-0.01700633929029678
-0.019442131853107454
0.012495673573797147
4.464821330098772E-4
0.03380792939005476
-0.05474528684026324
0.0017326016815024901
0.033398812489767574
0.026245408638200872
0.0019112325180777705
-0.02628675006082856
0.01646217413627635
-0.031969118702751535
-0.005534323403592034
0.047303600690973446
-0.0434820118050594
0.025494098019764218
-0.010915609336209182
-0.04248080511382825
0.015115043452666472
0.030813721778584047
0.008959628984818432
0.004928548064905624
-0.023304461752777665
0.06013841766128068
0.003001505054939596
0.02141220594379091
-0.031699634629319434
-0.026430583794788954
0.0403422669983
-0.014594148943778563
0.019751148581440094
-0.038039794992766565
0.0184440195560645
-0.04117324614641878
-0.0068098325566507065
0.01917497652678361
0.02630546558073356
0.014100214617596446
-0.02931817848478658
-0.022650064229638632
-0.030247630242972293
-0.006238029241528559
-0.028660607369985908
0.006741076439011971
-0.020538911805243434
0.050225606504204684
-0.02867385203063051
-0.024715398667685837
-0.023322470200789973
0.06289170002858632
0.01191803101273842
0.011078584835845496
-0.0034965370883075723
-0.03792292685569484
0.04270463024331277
0.024072059609395107
-0.04548424825314727
0.006483803006415347
0.04613332380804237
0.017866446646089867
-0.017705844062194803
-0.005313764302614064
-0.019994159325337636
-0.047850127723415
0.019003547968808286
-0.00536291598928137
0.03540561820078587
-0.006624608065993468
-0.006830462332244446
-0.004449762828483847
0.023236050631932192
0.021112725212407465
0.0150090248253959
-0.0024934887899995192
0.015607923330146614
-0.008025276280893338
0.016248899771370215
-0.03624884523282912
-0.0074761492187742015
0.03790205209504735
-0.015868095542125468
0.009739591709384151
-0.012179961769111396
0.01952912874136751
-0.029792713115014576
-0.007472838032781155
-0.021874936995989386
0.04579693368818093
0.012493840404096391
-0.003958134345655425
0.02834049850682271
0.0037881359661297073
-0.026912147138318583
-0.007721928101880434
-0.026875409341714764
0.00437145690193301
-0.003540493205667619
-0.044078549216617705
0.06241207643903052
0.04464681816777348
0.016882451544056418
-0.06908451456548534
0.008936249992539076
7.763880004038569E-4
0.01913033177820298
-0.005894390652325776
-0.02386066611686151
-0.019240701498986695
0.024754488688163025
0.013053154778580342
-2.205310655247041E-4
0.05762988430347291
-0.012292966509678184
-0.021186407577544968
-0.03008166219126683
-0.03351559645033154
-0.04191885231043191
0.04895532089555757
-0.009913884128096413
0.0025293063452463543
-0.001979730921678448
-0.021810215188935767
-0.051442629523452216
0.005784067921152743
-0.013553771797829682
0.0027301871903078236
0.003296518468326468
-0.03497260297247611
-0.011246053610731475
0.06260173961104855
0.009712046574429312
0.002945763000753894
0.010608648129879206
0.026004582542920356
-0.011225138785791296
-0.00500540068203047
0.013001350690170452
-0.004336207720383407
0.039498339750246574
-0.044861345982641423
-0.0018031942404791272
0.002312472087343146
0.030537821180944377
0.008310073796309915
-0.020875531544159144
0.009420560041873846
-0.032600415393387996
-0.018363926465956346
-0.007873171114758087
0.0012328120587806139
0.0397518509164028
0.04011972406954733
0.040729332327016074
-0.03735829664594776
6.06467601185045E-4
0.002319925347418105
0.05156325455876276
0.010910814693554314
-0.022148202648943797
-0.012481922065891854
-0.030475800795947285
0.014980283225342783
-0.008021508270804034
-0.004201018064601245
-0.02806810939489202
0.044252510906637156
-0.019447840830388332
-0.032608817557208535
-0.050986320106484274
0.049053489434933664
-0.019988195365586544
-0.04175447679070878
-0.008362437604565814
0.004293882203961395
0.028308407702848856
0.014061956155149461
0.023933393363863933
-0.00716995347164132
-0.0204515100930212
0.011677711220928168
-0.01676500024433762
-0.025550436221360096
0.03737612448680094
0.039903346709790434
-0.021515692056176
0.021185195463946843
-0.004234038088321568
-0.0014809661041481903
-0.0382693931231329
0.009104942519478722
-0.017309628162434053
-0.05619261597080883
0.020837740462147224
0.012247939905212873
0.02986427846220847
-0.0056690186621977095
0.024738659802310894
-0.0044660139679317664
-0.005161581743376427
-0.00613102628313275
-0.012163988565963142
-0.01970810844471564
0.03371618154605103
0.03352443244992985
-0.031216614652207937
0.004360992670725124
-0.028969734219701403
0.050698612847665185
0.009908953521472254
-0.0334466387879409
-0.020052726649423286
0.023886283519859993
0.0017303318202180479
-0.01688325430124172
0.018815716956217858
0.04390827500255689
0.0021950275643151315
-0.004820075627875524
0.0
-0.013557473912514275
0.005547453089523827
-0.06134454953332734
0.02541790195471047
0.008099259491782996
-0.008427037178400938
-0.01578173029448457
0.029281787789319606
-0.009659702583849704
-1.9283867978868094E-4
0.034782901946085354
-0.014829944989118977
0.04712755959258279
-0.0039109963869609615
0.006940406737798749
-0.057548055040929594
-0.012072449106407278
-0.026563482477871964
-0.005983269248448594
0.018334010011583933
0.020441414442972823
-0.011051390923783449
0.01746808804402792
0.0018125205245022522
-0.04359254130871708
0.005972296699352432
0.03172505934727925
-0.03422397206614499
-0.008922938140204567
-0.0031918226968897442
0.013922544203971472
-0.005721752400763131
0.054516222448985366
0.001225007656747155
0.006046417703597172
-0.037583361257793546
-0.03625431372756011
-0.005279740591534689
0.023820888183259652
0.0043247970068085746
0.003340316783401658
0.006081934573873543
0.001275938711819899
-0.02935965662013515
0.0
0.0028406963649057013
0.007732696452794034
0.015120565196289475
-0.018968373302566986
-0.021908093791622188
0.0047460320406316515
0.017766317036856827
-0.0064914075172397626
0.01689875535007949
-0.05527474151483788
0.04222020009810174
0.037799541337718706
-0.026177554288228225
0.010809904352118094
0.009150527467645459
