-4.962650907435113E-4
0.0017382189938987044
-0.0030690204262288183
0.0018270665230736012
0.0019380634940118014
0.0010300862106417848
-0.004489663106562033
0.0015215134019084479
4.6432965726269076E-4
-0.0014302745311695411
-0.002622369440550361
0.0035883143144572263
0.001452705016891623
-0.0018106205493832557
-0.002561551537092488
0.0029194670695841234
6.229801167885003E-4
-8.90471828882437E-4
-0.003385064281368997
0.003652555993462879
4.7685991284787546E-4
-5.799755336637156E-4
-0.002724899262701615
0.00282801488351746
0.002196525884632863
-0.001942120503343408
-0.002441298185485552
0.0021868928041961014
0.0025963040850333803
-0.0021618113364407473
-0.002665261612250263
0.002230768863657622
0.002398422554657437
-0.00204575453344555
-0.003001738515559859
0.0026490704943479748
0.0050700558286589145
-0.004714372775181866
-0.002714714487563277
0.002359031434086267
0.009146285344745772
-0.009240287910250153
-0.007041626126723001
0.007135628692227443
0.006194259882903317
-0.008527847630945004
-0.005687382835050386
0.008020970583092113
0.006424809356309057
-0.009483140927354371
-0.015331773781971363
0.018390105353016654
0.008651070114151827
-0.016143860847925323
0.005783220915179853
0.001709569818593647
9.048906910371812E-4
4.244725734119956E-4
0.015553626312578714
-0.0168829895770279
-0.01858459270724531
0.01568369925899957
0.003499486824486591
-5.985933762408541E-4
-0.002833858736153877
0.011645000391479005
-0.01584036188245976
0.007029220227134618
0.016618585780203855
-0.013975546439279847
-0.012714756904024307
0.010071717563100354
0.008910682973648455
-0.0035305029190668726
-0.009965107444930434
0.004584927390348829
0.006141758122235923
-0.006576996590865684
-0.009780964272647841
0.010216202741277616
7.590510242778486E-4
-0.0013194439724956422
-0.004735719199393761
0.005296112147611566
0.0019760230846133614
-0.0020412947501450597
-0.0032234551764031404
0.003288726841934835
9.754348277120645E-4
-0.002751176376168521
-9.916555718530468E-4
0.00276739712030951
0.0017630070151062759
-6.3357592547839E-4
-0.002066832653586338
9.37401563958514E-4
0.002367558614979846
-0.0012518858245960406
-0.0027935865572524463
0.0016779137668686498
0.0029743135697963274
-0.002770471250915066
-0.0013704716123973636
0.001166629293516076
0.003235270552544184
-0.0030461410929110005
-0.003384448934587718
0.0031953194749545465
0.0019533567657444616
-0.0013756799295828479
-0.0023249792283810966
0.0017473023922195295
0.0037472408447944156
-0.003854900500518314
-0.0011711159497996082
0.001278775605523511
0.001921228427163826
-8.715192266395054E-4
3.1668844666580057E-4
-0.0013663976471900898
-0.0018485712751422955
6.297479106467572E-5
-2.871731067242266E-4
1.9673302816159652E-4
0.0014566828571674767
0.0023569210645861937
-0.0032616674866000183
0.0016931212343650314
0.0025832489212214206
-5.174728303295303E-4
-9.586403150201605E-4
-0.002309652862523542
0.0
-0.0012330991840530398
0.003994029933616201
-0.0024236998605332988
5.392615330151529E-5
0.006309167403343317
-0.0034759206348558957
-2.0203801263807102E-4
0.0010148075187769636
0.001725247210452876
0.001270979868827785
0.0030703574019603184
-0.0011571377956829882
-0.004653966423294419
-0.001601160700267529
0.002289302332487192
-8.822336682344583E-4
7.14139406512721E-4
-0.0051285284468071
0.002391277380016462
-8.300699085862161E-4
-0.00622964946682659
-0.0019967106858072648
0.005136366071179838
-0.0010964067445627017
-0.0010569338790435475
-2.3625732219654085E-4
-0.005427106674001848
-4.414399601951984E-4
0.0011091687161512214
0.0037718291873131875
-0.0016277632125174472
9.689697807982118E-4
0.0018729200210316653
0.003235328654627849
-2.212650035934129E-4
0.0028064796354397505
-6.460368832542462E-4
0.005092284928472998
-0.0022036985431170986
-9.541314923765445E-4
0.002851131064123694
8.15658545525982E-4
-0.0031923169563633316
-0.0035570124989031636
-4.39018555569231E-5
-0.00103932488180433
0.0036642610723601754
0.0023472181342409095
-0.004050883686077591
-0.0028170969788513154
0.0027544369192146426
-4.5775266033034733E-4
0.0032082069766229864
-0.0011888939026082359
-0.0013797958086716492
0.002670229787208281
-0.004383196492349818
0.0020442044454800313
-8.34781896011337E-4
0.0019478113490445145
0.0020119240838529003
-0.0050743888811733105
4.47133949361511E-4
-8.712646843135321E-4
8.366080616357796E-5
0.001060914315783138
0.002654052105953068
0.002644525377356622
-0.002177427457432936
-0.0011672911193893135
0.001121145338470828
0.0018078643794662108
-3.515812285875507E-4
0.0036622593813014333
7.578229279391257E-4
-0.0011620728891640134
0.0017144293061962155
-0.001411215064510929
-5.524277469640654E-4
-0.003097406601130123
4.2048092255927375E-4
-0.0013682079745167266
1.8918865904774766E-4
0.0011535740493946363
-0.0035277286162347585
-0.001166823698115007
9.686369313951968E-4
7.998283811053485E-4
8.563889049988884E-4
-0.0021999622630053638
-0.00356242741612853
-7.556701849021751E-6
-0.005426926863546723
0.004999782174121475
6.074046814954328E-4
-0.0018987421621653822
0.003176342027593159
9.181983556013371E-4
-1.7965089122273822E-4
7.873591417839667E-4
7.304794229274956E-4
5.697962944699476E-4
3.4631938762325325E-4
-0.005673056362077816
0.0053966068444828525
-0.004963443752207644
0.00254296982721636
0.0017324784537408333
-0.0022859445458443383
0.0021439371366623926
-0.0023067378819732454
0.001076886158821456
-0.001256334640784537
5.795830150143086E-4
0.0021006149020531624
0.005530934879975866
-8.724690283218012E-4
0.001484486692737556
-0.0020152466361867414
-0.001250898322189552
0.0022040448860366287
-0.003233023752126094
5.134075141618069E-4
-0.0024177109240276296
5.221220538413609E-4
-5.1019654671882E-4
-5.474270087375253E-4
0.0020459653615470283
0.0026517639450513203
-0.0038510820085838815
2.0965855080316235E-4
-0.0015766854045890066
-0.0028719558860734536
-0.0012216703244464413
0.005275177800810924
0.0010045273022429454
0.003111168848474203
0.002206571608993307
-0.004804049731166078
-0.0020760215471867733
0.002484464629108252
-6.134322735647322E-4
-0.0012519529967882903
-0.0028582912813349985
-0.0021573454073074887
0.001879209755620327
0.002040010376037781
-0.0020088907166522178
-0.0018513515850792535
0.003784550151631132
0.0025863523618726535
-0.0022356432655280213
2.40068968033957E-4
0.0020336943785974142
-0.004024638100445296
-0.002702629546770463
-0.00207049200308747
0.0058608912996909405
-4.296543847333716E-4
0.0010090470725830584
-8.056348852207867E-4
5.756740637237186E-4
-0.0025837132491663556
-7.362679048390663E-4
0.0030079851633786963
-0.005574555257681381
-0.0014876892896458303
0.0011465968045505336
-4.55644706856551E-4
-0.0013007760455883753
0.0030339730634258632
0.003932801563400387
-0.0014248364313106752
-0.0029624875817626795
0.0016450101615550256
0.003816146045606425
-0.0026023603895493556
-0.0019429184418909748
0.005493337561665146
0.002643911373619221
-0.0043646254989627205
-6.98841286278327E-4
0.0036286462655174007
-0.005082775291604455
0.005119431169991635
-1.4411170165913503E-4
-0.0024803355128238578
-7.429136691887864E-4
3.359415901779961E-4
3.2437692841925546E-4
-0.0014445935871676007
-0.004119018574068924
0.0026823064884944686
0.0015114500489780784
0.004283856273447381
-0.005973865554034347
0.0069500503347650665
-8.832325670452752E-4
-0.0014283696946095408
0.0017568793025058717
0.0033735848814348355
0.002937641229194804
-0.0029684674174472753
-0.0013063576687959051
0.0011219889114918108
-0.003563454907943439
0.0034542898551237844
-0.003592748623820143
0.00348826825995915
-0.002013418497903312
-0.0031634083922593963
-0.002535878616359398
2.6750794044757414E-4
6.937732691627394E-4
-0.0016889630478353994
0.001805287961369053
-0.0035038511603026675
-0.0023303916461754337
0.0035402130936605233
0.001354192907490872
-0.0023519969284544274
0.003832761099285484
-0.0010601821806772165
0.003765197409479004
-0.0038853880129235854
-0.0012389014754819357
7.750678502223559E-4
0.006439913901082091
-0.001609819178913186
-8.25505812920358E-4
8.278289152965912E-6
0.002170710477697812
0.0010778411345960838
-0.003968119490623407
-0.002194008858696804
-0.0019355775209171531
-0.0038814183318342495
0.0025017847865030354
-2.390556488244156E-5
0.005829902098393062
-0.005399797133631529
0.0011392907617856283
0.003589897512792574
-0.0013051025333413965
5.548325348870477E-4
0.0011745705996733405
1.4978050308857792E-4
7.712359607601905E-4
0.0026809024964178736
0.0017585203743807805
-0.003967545234222115
0.0017266920279547342
2.1790376374001565E-4
-4.3206525656999846E-4
-0.0032263369322059737
8.771997183279077E-4
-0.0024607321977053974
-6.950197770689247E-5
0.0021726262693098092
0.0012100994374085235
0.005643971448623171
-0.005954795584222784
-2.491728518406326E-4
8.039258074718967E-4
-6.778002835410883E-4
7.917484810192892E-4
0.005149132020769791
-0.004101751097148543
-6.30759884076632E-4
-0.00294325871475901
0.0041707880867210105
0.005754104719236406
0.0011316409385345736
-0.003309417845684306
-0.007678926507394086
-0.0048784658184591306
-0.004693044660897133
0.004668113603477108
0.002272740924468187
3.892893086936567E-6
-0.0027891839692234252
5.771088309355216E-5
-0.0020479045655759356
-3.533436174643729E-4
-8.523589380248914E-4
0.0036749410319662787
6.26229429787321E-4
-8.294316841826778E-4
3.8576969572331164E-4
8.591402299205613E-4
5.101302809353294E-4
0.0033839908831820335
-0.0010462435520326825
2.331814869146855E-4
-6.875965080810365E-4
-0.002499084323813765
8.646373158040445E-4
-0.002707373502962918
0.0012272101128711409
-0.0012183240226066314
0.0013659769081533115
-0.0030644698024228875
0.0023152377542546704
0.002850887534220757
-0.0016376321197254938
0.0028216578083976023
0.0014505000213100479
-0.0024128738397083288
0.0019133788761725558
1.785217584529806E-4
-0.001268504826127179
0.001381860414288309
2.637843762506053E-4
-9.905937839253726E-4
-1.9553523603314067E-4
9.227355997223855E-4
-0.002463980556551726
0.0036995999301242598
-0.0020372848674525767
-0.0014026594222585965
-0.0022104489463909815
0.0032161040779230166
0.0018827563583616563
-0.0010053731590625426
0.0030358800782651126
-0.005518886898265128
0.002568350316567816
-0.0019797368163941165
0.0030162014216161583
-7.49641608412423E-5
-8.829448849233971E-4
0.005400866278642348
-0.0028704844932239985
-0.0025764406324823718
-5.333491740525109E-5
-0.0028551161023612492
0.0017323132766044061
-6.214957920738307E-5
0.0015458447388071095
7.204463360200055E-4
-0.0035748668647749404
-2.6974879195481357E-4
-8.225573885550612E-4
-0.0028474640928029503
0.0015263919568381063
-0.002290066740568443
0.003711900726325084
-9.902891853797368E-5
-0.0013385191001664912
-0.002924243167813343
0.001596938444732193
0.004891943112166813
-0.0048845783329493075
0.0014652038291477912
0.0024133497301917295
0.0010485576213632797
0.004952583883455305
0.004615859666210736
-0.0019642408834269313
0.005479495231278034
-0.0012639624779904376
-0.002046221962019679
-0.004750264474440924
-0.002582931279622345
0.0022684216129703998
0.0022417830950822583
-0.0016253952135033504
-0.002064416877699699
-0.00226392604656554
-0.0013290182521135236
0.0021116912405398634
-0.0012712205013365163
-0.004835743289680343
0.0016675421782007028
0.002790178571428572
0.0012746588284221609
0.0011664848731150366
0.003286362960833976
5.994693107468604E-4
0.0011841843591047423
-2.1324985474307102E-4
-0.002216596686150116
2.5140791623221915E-4
-2.158491293128349E-4
-4.4481160620963005E-5
-5.284428837325074E-4
-6.981796078750495E-4
0.0012640428883462698
0.00371598827053727
-0.002067391327369555
-8.784850951447064E-4
-0.0011794520497877183
0.003725656478392623
-4.679745133351638E-4
0.001464185361444693
-0.003986380099432949
-0.0027161586928887743
1.569831234762998E-4
0.0011437090214906885
-0.0014330110398617032
3.850032674928075E-4
0.003261286355575125
-0.0043301224522786065
0.0018925775195711985
0.002129677675314072
-0.005486998904596206
0.00510638538991535
0.0016751071315623083
2.840676422399775E-4
-4.995233870900926E-4
-0.005864213923684006
0.0022775421365597683
-0.0032898606590462706
4.338792581011033E-4
0.001019138489296198
-9.288862861837324E-4
-5.392150897613759E-4
-7.788558401813006E-4
1.2788066249743314E-4
1.601911039088395E-4
-0.0011641263906832077
0.0030447997113975207
-0.0034711137147758844
-0.0010714323990062458
-0.004223954508094454
-8.853604309551123E-4
-0.00144589271124561
-0.0011686078727237126
0.001197966804546448
-8.77573003106229E-4
0.004138354147033396
0.003924957964827579
0.002376190100434661
-0.0010438751266283065
0.0026963691292664267
0.007856941549311375
4.8664703432032755E-4
-0.0011176102757969003
-0.0051803872973450096
-0.001176908358636833
-0.0017502931640418296
-8.164308144269737E-5
0.0028546408696091497
-5.586443718745013E-4
-0.0018479947507583244
-5.504232489263235E-4
1.1501402919161124E-4
-0.002790178571428572
0.0033481236014495964
0.002801699964253634
1.873201571486703E-4
-0.004859763175852801
0.005871104844053534
0.0028196075060388168
-0.0031320676630490416
0.002234837559336775
0.0013086958677278472
-3.200824303714149E-4
-0.0022711965110400302
0.0037490214293536927
-0.0015411393910601244
-0.0015062655194861144
7.31888110646152E-4
-0.003685515414302907
0.0018329615533262981
-0.0015326460970392555
-0.001861252004722197
0.0031511432355816973
-0.0032291678622981624
-0.002236142108352349
6.20905258576659E-4
-7.688047186930197E-5
-0.0025251789980730525
-7.211221601890067E-4
-0.0016981207720003074
-0.004309461855048458
-0.001838293897453375
0.0036282351498488925
1.6213294973994614E-5
0.007072571805822996
0.0013218800601329456
-0.005154725136304033
0.0033128828444005916
6.320176449973363E-4
-2.158491293128349E-4
5.321059580866601E-5
8.778323979761319E-4
5.1875308526085594E-5
6.311564988768252E-4
0.0017572785330720996
-2.6281322292988265E-4
-0.0016139879424181833
-0.001042761713188817
0.0011924839687951015
0.0023743781918449114
-6.070125428394905E-4
-0.005524263328882758
-0.001746570147472417
0.005673793750804864
7.894997437664754E-5
-7.116233337884162E-5
0.0046348189925204545
0.002137732620519345
-8.590304208322365E-4
0.001713203765746908
-0.0019720012702189806
0.0040305628120671745
0.0058050272830342965
-0.005126524854350876
-0.0020927901831225334
9.333534721373411E-4
2.6757534052751757E-5
-0.005462262301107531
-0.0023567525643078003
9.785400275213196E-4
0.0026997234103271006
-0.003848606360109868
-0.0011510087214033297
0.0033328157085428245
-0.0018766223964672758
0.002165544463819215
0.004961785887427376
-0.007586327750289522
-2.062139808882259E-4
7.2361926417434E-4
8.12101049423539E-4
-6.950754716406691E-4
-0.004656356505647555
3.3013293008208504E-4
9.407795759175546E-4
0.002007954363286846
0.007630444237675813
-9.111841518302639E-4
-0.004599872553090812
-0.004852460272742188
-0.0017802112733161686
-6.598013621435766E-4
-0.001478769717534993
-0.0023514073994659007
-9.086991155532731E-4
1.1767555105479839E-4
-3.081412515976039E-4
0.0038631951663276416
0.0029140680716605583
-0.0015752146033597217
0.002756891574733994
-8.582514163781617E-4
8.071891542209978E-4
-8.124058179031501E-4
-0.005182537726576125
0.005177619667510305
-0.00105344481194861
0.0012736962180899141
9.230518122597458E-4
-1.6460133237495992E-4
-0.0030346493848641474
0.002224784493650853
-0.002819528388810179
-0.0020028481365385944
0.003559353568915084
6.782171873155077E-4
-1.0965264234330009E-4
0.0031848266337446383
0.016225926321424528
-0.004907211925800823
-0.010207711710420881
0.010105304091397737
7.92214001562935E-5
0.0010574385863770508
-0.0016885237031542292
-0.0050914949466012395
-0.002046988599067515
4.346725788793122E-4
0.0012137424203950194
-0.00590002640875663
0.0033744571609763173
-0.004988472732986471
-0.0032547033901535894
0.01066442668599403
-0.0025070009059076507
0.0028623488199696337
0.0011246031090278272
-0.007049259925654102
-0.006400301197824082
0.0022583779143228225
0.008710673601639997
-7.610723262627215E-5
0.0013840195193581296
0.005408027514611417
0.0010132108669110263
-0.005371191188947429
-0.0048662037032855985
1.3653057221753523E-4
-2.7544362450402683E-4
-0.0010666569144911196
0.010662129934165812
-0.008157177471999844
-0.0019632049203550704
0.0011137172599177516
-0.003166032133250828
-0.003068226355443139
0.0068007730117751325
-0.0026269600685520575
-0.0019773697790389407
-0.002026696749881032
0.002445430090402671
-0.002849722335589476
5.507257890810767E-4
-0.0036869404307586454
-0.005061341962793516
0.010296181634756797
0.003586111102967835
-0.0038041290372156306
-0.0023924717568974277
0.004454312360126062
-0.0022150780409405813
0.003804176367217449
-0.001985739616562562
-0.005632485496783963
-0.005109327607433357
0.0032374827359245113
0.0021873393099802628
9.157715055290315E-4
-0.0013800293784781465
0.0029119519836208214
-0.002354014560341045
0.0061351615633730115
0.014928302199697773
0.002796387572480034
0.0020027123582139345
0.008239764322258787
-0.002703234135930268
-0.008427588994685448
-0.0036664092002556556
7.910627158247115E-4
0.0014820377680512073
-0.006063920071226913
-0.0018109283375857136
-0.00704597463788413
-2.6793574748990587E-4
0.0058126598308080295
-0.004805367742527723
0.007884717444997049
-0.004135323948724418
6.986556246865341E-4
-8.435334253084625E-4
-0.0074219882225128545
-0.004376573228392772
0.0022532467924138927
0.00370722811509316
0.002467864833359902
0.001806136840615362
0.00486192496235407
0.006732856957938261
-0.0015637354672093581
-0.005499107988250891
-0.002255719788789199
-0.0034223913161007466
-0.002249828651422697
0.0020754158425466364
-0.006038571562565217
0.0013523291206265933
-0.005138839866789697
0.0036231825415767895
0.001522523515060904
4.088612794198802E-4
0.0014989187434766304
0.0018697008870367515
0.0010058046795042251
0.004503464826792486
-5.192477056444877E-4
-0.002968783057893655
-0.008481326090211537
-0.0014229598257612444
-3.320994538980682E-4
0.001742101312860922
-1.7468457669998164E-4
-0.00513845593556755
0.0012499890677002586
-0.0037524420331304263
-3.200102078747991E-4
-0.005629491706120341
0.004075013339218803
-0.0017369474846406206
-0.006314041093884776
-0.002082554731887877
-8.119602273789026E-4
0.004338279588376574
0.009641518481275799
-0.005217134218940343
0.017266449118920696
0.008001298108850306
-0.0017841451688765126
0.005598388400726902
0.002794954065680217
-0.002690119143102631
0.00223886487624324
0.0015342501981380524
-0.003801208873377288
0.003043548222108482
-8.262163759486978E-4
-0.006837464913944483
0.0019931851857492135
-0.0014098848964425768
-0.008278216738380997
0.0022916777941233853
0.004325349141356681
-0.002643707489197153
-0.005168725196611894
-0.0010970661691136452
0.001700431999046021
-0.00550023974788439
0.0011465815010311452
-0.002365622416472088
0.0017474517682398978
0.004065545377234647
0.0025822645884693044
-0.0032379995916069094
-0.00858962188596
-0.001200462228028108
0.0024966421401531017
0.003543356428937581
0.003993323290817467
0.0018052158826825657
3.4001230752879886E-4
7.451577738116695E-4
5.30542047039674E-4
-0.002146788020232944
8.235528302810513E-4
8.556506281085317E-4
-0.006042646961410037
-5.983851026616417E-4
0.0015234305744710845
0.004815942769763237
0.0016018504736844763
-0.004185861380464805
-0.00400186746526488
-1.2949594328201443E-4
-0.0016236932491051788
0.004946959879168276
-0.005989350005471203
4.62837631321324E-6
-0.003359785455268165
0.0010327753401840802
-0.0032891901833252105
0.00659913942055365
3.7440785567057584E-4
-0.0020192901583658066
-0.0017544483925722896
-0.0054072476372736995
-0.00568686691511826
0.008150465470303528
0.003796949860348625
-0.0011300742036035227
0.011751897331548343
0.00743920261918793
0.0011873902915857124
0.007428075269263233
-0.00394490179853288
-0.0091972489566282
0.005011004334420976
-0.008415963441223587
0.0
-7.344890032556757E-4
0.0
0.0026340848665020967
0.0033515125184917236
0.0015328192267460908
-0.003185624621451331
-0.001351776468643786
0.004670724519846773
-0.0034298781225074594
0.002520857253231341
-0.00484920841096566
-0.003546142290794108
-0.003115565326269703
0.003492785252015653
0.0027978375560492007
-0.0022552484575649313
0.009919866558312987
0.0
0.0030522089992087295
-0.006348657727193568
-0.002143805430227169
-0.003419004001096811
0.002040475968485697
-0.00419966274803857
0.0019004507343816372
9.710468288823575E-4
-0.0011702577963768907
0.002790178571428572
-0.0021415919178806894
0.001497398599722876
-0.002168454324870923
0.004337678037448133
-8.945832189365423E-4
0.0
-0.013070238846533706
0.0032980526924083903
-4.4025095720081307E-4
-0.006854778765354937
-0.004619182577926114
0.0012327591588372987
-1.4530106072359696E-4
0.005216900979068021
0.003432572884481254
-0.007149915837457638
-8.640932341341884E-4
-0.008453478394366554
0.004072829752818268
-7.417503274616739E-4
0.002207805764894541
0.0
0.010152651265753727
-0.007784992954472842
0.0010115530152780346
0.0024399748167546866
0.015587971616557174
-5.92622933972576E-4
0.0
0.0
0.005764474170338511
0.0
0.0
0.0
0.009896195352767432
0.0
0.0
0.0
0.004841181946401931
0.0
0.0
0.0
-0.011850781355356055
0.0
0.0
0.0
-0.015318499434912782
0.0
0.0
0.0
0.0015477097917929584
0.0
0.0
0.0
-0.0037137504572270427
0.0
0.0
0.0
0.0013406792524215273
0.0
0.0
0.0
0.010498600101015311
0.0
0.0
0.0
0.0
0.0
0.0
0.0
0.002768706284930842
0.0
0.0
0.0
-0.007484085470766301
0.0
0.0
0.0
-3.968414540385552E-5
0.0
0.0
0.0
-0.011019432571148392
0.0
0.0
0.0
0.011657488538472963
0.0
0.0
0.0
0.001111197996672926
0.0
0.0
0.0
0.0
0.0
0.0
0.0
0.0
0.0
0.0
9.048906910371812E-4
0.0
0.0
0.0
0.0
0.0
0.0
0.0
0.0
0.0
0.0
0.0
0.0
0.0
0.0
0.0
4.244725734119956E-4
0.0
0.0
0.0
0.0
0.0
0.0
0.0
0.0
0.0
0.0
0.0
0.0
0.0
0.0
0.0
0.015553626312578714
0.0
0.0
0.0
0.0
0.0
0.0
0.0
0.0
0.0
0.0
0.0
0.0
0.0
0.0
0.0
-0.0168829895770279
0.0
0.0
0.0
0.0
0.0
0.0
0.0
0.0
0.0
0.0
0.0
0.0
0.0
0.0
0.0
0.0
0.0
0.0
0.0
0.0
0.0
0.0
0.0
0.0
0.0
0.0
0.0
0.0
0.0
0.0
0.0
0.0
0.0
0.0
0.0
0.0
0.0
0.0
0.0
0.0
0.0
0.0
-0.01858459270724531
0.01568369925899957
0.003499486824486591
-5.985933762408541E-4
0.0
0.0
0.0
0.0
0.0
0.0
0.0
0.0
0.0
0.0
0.0
0.0
0.0
0.0
0.0
0.0
0.0
0.0
0.0
0.0
0.0
0.0
0.0
0.0
0.0
0.0
0.0
0.0
0.0
0.0
0.0
0.0
0.0
0.0
0.0
0.0
0.0
0.0
0.0
0.0
0.0013573901199877628
-0.0030082823906463756
-0.009087985733776836
-0.00784571470280986
0.012152429140861213
-9.67129517564148E-4
-0.0020151973972313618
0.006513597032933905
-0.014014731100489449
0.01247094494196036
0.0010693232607691706
0.003973949722246492
-0.0023289468965133997
0.003149467357729192
-0.005806502012220733
0.004387388174764083
0.0
0.0
0.0
0.0
0.0
0.0
0.0
0.0
0.0
0.0
0.0
0.0
0.0
0.0
0.0
0.0
0.0
0.0
0.0
0.0
0.0
0.0
0.0
0.0
0.0
0.0
0.0
0.0
0.0
0.0
0.0
0.0
6.185261272768005E-4
0.002790178571428572
-0.005580357142857144
0.003529042564139534
0.0
-0.002880134225830425
-0.007043073865612405
0.006914925700796456
-0.006558850213830409
0.002077630830158486
-0.0024942018221470164
-0.0021125645279578957
-0.004359737266029066
0.0
-0.0040002313373240705
5.142539005432744E-4
0.016584395820039496
-0.004309659823367852
8.45463489525201E-4
-9.677703453356526E-4
0.007936014305460105
-0.010113377895970974
0.0018956524608622514
-6.854183879155588E-4
0.004369248519546467
8.979943558984262E-4
5.656501258571654E-4
-0.007848090398533418
0.006116429561626372
-0.0014103111819203085
-0.006344570844221926
0.008152049497449763
-5.995005673548191E-4
-0.0070222370802874474
0.002141488491837472
-0.00853448194468465
0.005651218279250169
0.0016753731195238708
0.004479300825016951
6.650527181693714E-4
-0.007780036068950013
4.0355307090719013E-4
0.0012788456636434
0.007166960595168588
0.001447238929371053
-1.1164884640936165E-4
5.443629036303194E-4
0.00209399673565448
-0.0018964626172784803
-3.867921642423701E-4
-0.002790178571428572
0.0027444864564360226
0.002278229607898747
-0.0017420580653111327
0.00145591731976665
0.0011573784953749287
-0.006083120280527304
0.0021292317426111172
0.0052231364961371
-0.007075749970441648
-0.0011050083562952773
0.0040267111535322725
-0.0028919610967096865
0.004357646474236776
0.01078790625851988
-9.645629718507014E-4
0.0018353898719022026
0.0030482256041116204
-0.00273313934547086
-0.0010065239306523812
-0.004018012841383202
-0.0011708343789626533
-0.004650456686776752
-6.545490972852449E-4
-1.052747509585571E-4
2.6696802097515675E-5
-0.00366459184972123
0.00224772325380654
-0.006783871714494954
0.0049720170409649
0.004065588450561916
0.0018435712428818414
0.00961520645036213
3.410960488031459E-4
-0.013470417681591813
0.0028588966067019305
-4.6986005641468445E-4
-0.001978815936284089
0.007702085426820139
-0.0032591845823378195
-0.0021690649287941233
-0.001486039175654753
-0.001824843488840562
0.003095537554212507
0.0015336017965291906
0.005247642664524059
-0.003759883237589357
-0.0035541509435237564
-0.002863866961316219
-0.0058748569013319304
0.0039079004625811545
-9.201932002934874E-4
0.0033339018220878824
-8.131990848003301E-4
-1.5906085824592044E-4
0.0034572946230564993
0.004568877960007776
-0.0032936812613276996
-0.0023529484433508748
-7.321349113219768E-4
-0.011118493925354087
0.004334132978262566
0.013310351139990349
-0.0077252245362423345
1.0079791886045183E-4
-0.003587001653935386
-0.00214816588071957
0.00206572102730614
0.0011638167317950137
0.0014233792468210196
-0.002163684947833087
-0.003512841568397151
-0.004805306500048713
-0.0022105673583464095
0.006064043655315021
0.003230118514872523
2.1705168228946647E-4
0.005606732755407292
0.019704144627652236
-4.1999272521411196E-4
0.0015326899021067082
0.0035871208069379575
-7.534098655381889E-4
-0.0022479887204707298
-0.00429004685944037
-0.0031089217632856627
0.0011352811350541954
-1.8607140385985463E-5
0.0013972355641889635
0.006173617720951392
5.71072501131975E-4
-0.00814474451456259
-0.00643670062552233
0.007937835736600394
0.0019479517485503541
-0.00811524391175701
-0.004833459835327283
-0.003443070446667149
-0.0029840467939953146
0.003041677790283399
0.0035985273077528065
-6.582578009786937E-4
-0.004532955030936446
0.004617011374526175
0.004310379371157794
-0.004384590058662519
-0.0035933777125957194
0.0014121369277489406
5.74636684866618E-4
-9.3286605324589E-4
0.0019224558783624993
-0.004267737330958189
-0.001658592101641894
0.004732756488201963
-0.0035713757309378145
-0.002634567002619029
0.007682513712913092
-0.005445851604319964
-5.548591541721397E-4
0.002502143582749014
-0.0016005925271428247
-0.0028574601212276677
-0.0022556910515777067
-0.001547046668991114
-0.004645869931102893
0.0014850166584403674
0.002076962860592435
0.0010829171503526588
-0.006333429914013689
0.0013952097764709497
-0.0010145442950080553
0.003513279789247677
0.007043011865289724
-0.0017005029479597467
-0.003673755871991238
-0.002119674172037838
-0.005908420395969508
-0.004449861721031798
0.0017179048776448512
0.006769438981223071
-2.1284649076279899E-4
0.011886028071053687
0.008249252739297427
8.55020934049954E-4
6.696454872076501E-4
0.01587759595460249
-3.484455349598405E-4
-0.0011799165899801234
-0.0074124656208729
-0.002779229071763784
-0.002167129323929571
-0.006063953293308341
-0.006736951994307162
0.003675242662668914
-9.574222338043995E-4
0.002188014046982224
-0.00593689673141158
0.010978321543177473
-0.0020307419385074132
-3.138930770597765E-4
0.002120772402179281
-0.008099514072091463
-0.0021495697052607123
0.00245916014549605
0.0036275830771979765
-0.0022647716609920034
0.0014704178759933403
0.0063983874378326835
0.006361846988677703
-1.9664627598847467E-4
0.0032231845322273733
-0.003738485083603566
5.238829376991612E-4
-0.010922116502867037
6.245596425558807E-4
-0.0032186075115143943
-0.0013505350291568088
-0.0036817060239303055
0.002236388379823995
-5.183705386425231E-4
0.004001101604455325
-7.38245800785433E-4
-0.0013338022869770574
-8.677327031506814E-4
0.002230261085971604
-0.001830124083609442
0.0029098532410364647
6.377669108671088E-4
-0.0015439458417162019
-0.007521968490157963
3.286016271547257E-4
8.511651277515143E-5
-0.004650117221682178
6.763076963557007E-4
-0.00186830365860099
-7.217670514479213E-5
0.0038510196926649
-0.0034207546035008086
-0.004091659557979422
-0.003627307981602552
0.0018119942880737807
-0.004813807111013214
-0.003336132773791945
0.005657533523507905
-0.0023029143243743153
0.02035752798750692
0.007084810773672458
-0.004317070478736864
5.902389875779297E-4
0.0038136927879870944
-0.001700424655345944
-0.0033163525432978944
-0.0034275493724820524
0.00585196342937683
-0.0038853209854902114
-0.002317169446556071
0.0022901050358457645
7.021510347484681E-4
-0.002790178571428572
-0.0014779523798883955
0.005056939744971943
0.003983874761281443
-0.0012300399069007516
0.001274930418621895
-0.0014559339260673517
-7.188871046513447E-4
-7.065171392801158E-4
0.0026996340550655713
0.001005730948968454
-0.002310151553025293
-0.001925045147033704
0.001922064507488547
0.0023981953954547983
0.001672023997535659
-0.0015828065165616801
-0.0025260291013430454
-0.0016197468625804162
-0.0034744186565568848
-0.002421842657320867
-1.1471721667289888E-4
-2.569702122161817E-4
-0.0033286432066827604
0.001497083190992479
-0.001325710594678881
6.059280937512583E-4
-0.004937907230293755
6.590191036881308E-4
0.0019865227472625393
0.0017012541108674766
-6.79645593402218E-4
0.0016269128044461637
-0.002412564998128423
0.0011535181238418852
-0.0035332007381018386
3.3903031508014485E-4
5.094941088800774E-4
-0.002112363602589299
0.003103321944296572
0.005794312049530676
-0.0016655098162683013
-1.63388738868335E-4
7.794159033596331E-4
-0.0018254594749784582
4.220082401841323E-4
-0.004703941699952784
-0.0031524810250558285
0.003042489901543618
0.008617127747922951
-0.004285471202926216
0.005517618091119037
-0.003399069532756342
0.004169173505708967
0.0018443997652454864
0.0011574547863328721
0.001739318311246784
-0.0036132065567809433
5.297673882899484E-4
-0.0013032423106635752
2.5643026367622168E-5
2.4843073662622834E-4
-0.0038344049665428263
3.253024502540764E-4
0.005045374733505208
-1.10447088364165E-4
-0.002231409856470885
1.6596663227940334E-4
-3.1847421507833406E-4
-0.002983752927634035
6.143744371383504E-4
0.007572306151471111
-0.004965717548181842
0.0014110651619240867
-7.014762168461098E-4
6.481897039243463E-4
-0.0013347139055165692
-0.0043319570006677115
7.042380164815694E-4
0.0029831538210720343
0.001319555748321457
0.002072566924239248
-6.348979592272E-4
-0.0033739041639160826
-4.067633838872823E-4
-0.004009387019616758
2.424770575100814E-4
-0.0028031331578202865
0.002430057304976863
-0.0012386035667066443
8.317433101498327E-4
-9.771000040904344E-6
0.002715149154037816
-0.0014453135060672351
0.002667472530422335
-0.0022516953361776627
-0.0022816006582661113
-0.0010673240888404425
6.664699218527047E-4
0.0012245032390799243
7.293260181418142E-4
6.024957854693265E-5
-0.0013210472209299968
8.278892422407797E-4
0.0018408704719597843
0.002682945844939201
-0.0015175314308772878
-8.057036174586108E-4
-4.275963100397101E-4
0.00424174727411351
0.002601355565345428
-0.0061102667261120295
-0.0017359243871190944
0.0011626363524112455
-0.0014531859133945194
0.0045203474058441145
7.505202188092326E-4
-0.0025957475748305298
0.0017123019974659738
-0.00326205575502482
-0.0040245906292006705
-0.0020146734656539197
1.768386376454703E-4
0.003098708594214226
-7.696048573270106E-4
-0.00198635553907333
1.4923438724067511E-5
0.004121240996640196
0.0019918388645193564
-9.352696074374847E-4
0.0028567536554301495
0.0028411941097124553
0.001839879817949368
0.002401841803877907
-0.0015336834972387461
-0.001663509584586938
-8.368008289521391E-4
0.00321934449443267
-0.0022522146506387007
-8.881281314661274E-4
-0.0019169396224442293
0.005382593712031549
-0.0013246804626282141
-0.002998470576242718
0.001728554164854988
2.770917212942571E-4
-0.006294677671190785
0.002818504560802797
0.0017484126510202368
-6.895315572185878E-4
-5.808521056027067E-4
5.004529766502185E-4
0.0017870110400122936
-0.003898549270012163
0.005242904005800259
-0.004418458271795602
-0.003365887989607792
7.091742430745374E-4
0.002543788063974619
0.002251586828265143
-0.0024651644917439743
-0.0027777186590464673
0.001023159651253401
-8.337822914265447E-4
0.004633335898627811
-9.628000343166587E-4
4.548445885558599E-4
-0.0017779750164255495
-6.277595963813498E-4
0.0037549126147702924
-5.968737485862168E-5
-0.0010100335440844327
-5.763550418830948E-6
-0.001725275088699843
-0.004029970933833286
0.0021079857657120595
0.001295965925388986
0.0012073862813293573
-1.657999644511833E-5
5.014090301414583E-5
0.005036890273306253
-2.690500203063541E-4
5.471383396098866E-4
0.0036571699937968587
0.0019113676718775412
4.0358722084413764E-4
-0.0046603455515344845
4.991532963249338E-4
5.886362364654757E-4
0.002136026557075489
3.399842101872249E-4
-0.003012036020547809
-0.001605752097688826
-0.004795641405124016
-0.002673750855281263
0.0028720569787070156
-1.196590175445069E-4
-2.1498390079259175E-4
-9.642089300274386E-4
-0.0024032881661573365
-8.680054365977816E-4
0.0027483126882617676
0.0011954233697049805
-0.002014696247832079
8.645978259831395E-5
0.001211369303979741
0.0033195381177143213
-0.001509526586343974
-0.002080532354411164
-8.435485115637733E-4
7.397738477200184E-4
-0.0010336043348770155
-7.079716046119675E-4
-0.0024235874208617036
-0.0015307723931924236
-0.0013958646011317704
-6.650308496016096E-5
0.004750358473221264
8.860862425333824E-4
-0.0031898043034615693
-2.6145949496842336E-4
-0.0026771568111184606
7.315139312011863E-4
-5.888375188771193E-4
-4.7608439994585887E-4
4.934145930001431E-6
0.003357513006355891
0.002595980262034645
5.944356158944552E-4
4.748272802735036E-4
7.827414408350586E-4
6.991901260163373E-4
-9.783051462469903E-4
-0.00474607089463792
-9.602449923918526E-5
0.0035918902762637605
-0.0012781660088422783
2.4635020001070006E-4
-0.004279059901869817
0.00287953134974904
0.002592207680655775
0.0027423872702121307
-4.891369319697907E-4
3.059926320473933E-5
-0.0035314873882119303
-2.2139400146791582E-5
0.004757280237223907
0.0036000418181790523
-0.002761666406446627
-0.0010748860773396513
0.0026096430328045378
-0.001205884610705405
0.00401398571190662
-2.514843467664083E-4
-0.0013460694182266717
-0.0035815334896884578
0.0028728463513092396
-0.0034368875534665265
4.4330836894408243E-4
6.779401857372937E-4
-0.004200154084128676
0.002733386262268241
-4.0747074559382653E-4
0.0018727925715268678
9.217290035970621E-4
0.0034001745445353957
0.003126236238929388
-0.004291952299372592
0.0021728683982049374
-0.0030473209734431057
-2.174338296164727E-4
-0.001582974033680668
-0.002899611766685144
0.0022854809204934908
-0.0015408726059960819
0.0010415464734827816
0.0012061688113252853
-0.0032123882726703924
-9.495847413993714E-4
0.0020912747179975657
0.0022601630913644463
-7.049866043195201E-4
-0.0018738077040481847
0.001235220466950732
9.617711509375898E-5
-0.0011342499703588405
0.0030996472708699815
-0.001949598058371989
-0.005013856452567274
0.004378153219083645
-0.0019556445298223894
3.6047898728615746E-4
0.0033068726171037095
-0.0038360898638091206
-0.002992034251765573
0.0019510903270809105
-0.0014382311009230558
-1.5265402326889214E-4
-0.003126280331408256
0.0018252969550545451
5.348740325836004E-4
-8.903778720154897E-4
-8.299034922341639E-4
0.002119806398490906
0.005433635636270382
0.0021957987603089184
-1.6748511105826955E-4
-0.0029969171164516448
-2.672972226751484E-4
0.004229302004172106
-0.004228925965995094
-0.002951678859413474
-0.0010624912526328687
-0.002732115487290003
-0.0022455705731202792
0.0017029460386850858
-7.861257469424564E-4
0.002895360104335596
1.564510149017666E-4
-0.0018574948738297684
-0.0016219322782011802
0.001009739584292271
8.750826734419986E-4
0.009252309455251307
4.005229088139004E-4
-0.0024721292792293575
-0.002511790425307095
0.0035653913833143753
-0.0018160891808428974
0.004766645933145684
-0.0017989517074395085
3.1604279474404867E-4
0.0015833582882076897
-0.0019475339847084367
0.0014020079039618594
-3.0204097118362587E-4
-8.434740558138122E-5
-0.002997606476881288
-0.0011371029141362984
0.0017817373085262486
0.0035747447065527776
4.931986854190325E-4
0.004661448203092935
-0.0019114863372758297
-0.0027468694063146303
6.3873353927601E-4
-0.001899973565795654
-0.0013153237297495622
-4.0962078628032077E-4
-0.004244359190188058
0.0029920301415148507
0.0023681903657462077
0.0032044702426365203
9.428271780580605E-4
-0.004403170250254002
-0.004738426353690789
3.810131483609671E-4
-0.0038068536942683345
1.6564984750107575E-4
0.0036532044667334945
0.0030339421416506838
-0.0011283326911383188
0.005268259946190513
-0.0017513240502833466
-0.0013498788091503475
-0.0023662102608652986
0.001558626636693565
-0.0010632314446105766
0.001201871204942877
0.003673192942959305
-0.002238519899838332
-0.00355349571800926
2.9905177929613396E-4
-0.002028636356652653
2.0457621214665657E-5
0.00579811049719435
0.0010107216190737428
0.0033302132462665343
-0.004358492715799016
-0.0015389244334478138
3.75070604995204E-4
3.0332191768435955E-4
3.804300001768975E-4
-0.002972440863564637
-1.9746512114796836E-4
0.002358951829299977
-0.0030840351251363776
0.0032779790703429366
-7.32750221342747E-4
-4.500792803556488E-4
-0.0014015416906205279
-7.136505820787634E-6
0.003862257378982749
0.00106358717480016
-9.45740415768192E-4
-0.0024351728440213426
-7.595675829787619E-4
-0.002851504814595937
-3.466558815946423E-4
0.003281492379004408
0.0018603820708095388
-0.0010744662905007914
-0.0015487673888597156
-2.8480733805280557E-4
-0.0018686965587917832
-7.987908936652798E-4
-6.245058549788369E-4
0.002329726253270465
-8.322140816048137E-4
-0.0012376097070561686
-0.0027759359146997784
-8.169836280654357E-4
0.001982995655553572
0.0031209391625788415
-0.0011807261285489768
0.0021859070074886017
-0.001050516804924677
0.0014029962104314467
-8.21092205693178E-4
-3.8596412369135613E-4
5.3857641340556654E-5
7.026061753042882E-4
0.003619387866693727
-0.001675789919541737
-2.4404016339717432E-4
2.0341047545662265E-4
0.003779087244482132
-0.0011103043281132357
-0.003239341870451139
-0.0021827040391865257
0.004082849623856727
-0.0055645141050057
0.0014336124203320373
-0.0032379147393921497
0.0028803017368939894
0.0016661252742436322
0.00604540334698776
-0.0032992364048478394
-0.007190822545798773
0.002196118244161005
0.0017218035279071612
1.5327908639741383E-4
-0.005922108267640112
0.0014721252979662432
0.001649196835542304
-0.0022240439984224304
0.0014487665781366236
7.398785270525299E-4
0.0046302685329708505
-0.002375523580644947
0.0020280211476514315
0.0021621442251249564
0.0013938360032974596
7.73702226644574E-5
0.0020374913786394312
2.88027148453154E-4
0.0012249600597570784
0.005715652890816506
-8.838424507257138E-4
-0.0026971693103807182
-0.00584485316913532
0.002160439990707144
0.0023760269395393194
-0.002992695562895999
-0.0010675709164339852
-9.637486812368481E-4
-8.458059596264124E-4
-0.003024259676350586
-0.0022812570802454926
-0.0013015823588913744
4.617337577191116E-4
0.0014802624885366285
-0.0021405969236511636
-0.0010828964304493462
0.003924314157462178
-0.002310768576880929
0.003303262466409715
7.783447437632743E-5
-0.0018982636937891059
0.0014530643668930684
0.002197652462819732
-0.0038950673089229817
0.00238422184079427
-0.0037563625767683467
-0.002558971963032492
0.0030743292349928635
-2.655597498662078E-4
0.001796215042974768
-0.003923801784615922
-0.002136807283433657
9.032376708004037E-4
0.004606938407087658
-8.170739187071791E-4
-0.0013459605015913477
-3.463226372538361E-4
-6.42359252429189E-5
2.1498336492389337E-4
0.0035110601479677282
6.177958841577921E-4
-7.050651420700826E-5
0.0021832967875395812
8.304703084899118E-4
-0.003457999959297242
0.003043243170274995
-0.0023177357048696752
9.389974944577178E-4
0.003267985591162743
-0.0033383666868326794
0.0013246766781041534
-0.004911626025870222
0.001411893785044943
-0.002782101596585311
-5.255156639155276E-4
0.00283950694423705
-0.0028691129011711135
0.0063157445449751465
-0.0010514301163431945
0.0010324733246576097
-0.0021572881619430617
-9.413901669741999E-4
0.005489940063591506
7.700151629075904E-4
-0.002904357716611219
-7.063692465569546E-4
-0.0015723101219521566
0.0025720321289057057
-0.0012129423807053473
-0.0017651785163514508
-1.2136756064781403E-4
-4.360012723494482E-4
0.0014064299099216533
2.220647408678687E-4
0.0014927858727794235
-7.274648451081488E-4
-1.5826740854217678E-4
-0.002316521405019573
-0.0013177880698887182
0.004129460671981846
-0.0024373038378987444
-0.0017060987991246875
-0.0019503381560561127
-3.7599195795492304E-5
0.0034780103648695236
9.013417361507825E-5
3.856246442640217E-4
3.363969176152764E-5
0.001460158739791675
-0.0027434116700105426
0.0011759700922959603
0.0022415410819164967
0.00276899253486201
-2.1117026479397592E-4
-0.0014200578544615117
-0.0040953560529498265
-0.0016789251336520993
0.003471059618226389
7.811406179842311E-4
-2.5254274081881875E-4
0.0010783156170441595
0.0025773194187675118
-6.35663081260329E-4
-0.005799065903063034
0.002321099403790099
-5.75354961667723E-4
