-4.100613884155304E-4
0.0018050633147393812
-0.0031999633671579092
0.0018049614408340606
6.802498377027318E-4
0.0015138309672328674
-0.004590600958255994
0.002396520153320391
1.3712810975364783E-4
-0.0017341728104879757
-0.0017932145982032799
0.003390259298937621
0.001436574066857852
-9.752009789357058E-4
-0.0025974774582589854
0.0021361043703368126
8.038336611038144E-5
-2.4141826022064253E-4
-0.0017287546409737963
0.001889789535084051
-6.556750004226338E-4
-7.651913971001875E-4
-0.0015270339591081684
0.002947900356630963
0.002723240130846488
-0.002442987772657222
-0.0018242848725029252
0.001544032514313681
0.0011433863871363847
-0.0022056037418215855
-0.0029776949192593517
0.004039912273944556
0.003654641290776063
-0.002447181993223099
-0.0036977761475992603
0.002490316850046286
0.00666206076475504
-0.005184766615163521
-0.0024174262669602025
9.401321173686757E-4
0.008741447572966434
-0.008714891220607058
-0.008117223725744143
0.00809066737338476
0.006009960038223912
-0.009367363966141164
-0.006100009380769454
0.009457413308686682
0.006670574672208345
-0.010307076889324402
-0.014350887470371455
0.017987389687487445
0.008794678406202723
-0.01620455098102439
0.005753137014498651
0.0016567355603230183
9.70754438173093E-4
6.637535474811815E-4
0.015557340726591094
-0.01719184871224541
-0.01798702019349386
0.014829584323330364
0.0029954137448385374
1.6202212532497907E-4
-0.0018295459896321958
0.010433662415094231
-0.015751408316967103
0.007147291891505116
0.015694384810401685
-0.01514902051575763
-0.011150026755193918
0.010604662460549865
0.007640178137448165
-0.002998236926227653
-0.009308595237803917
0.004666654026583374
0.0072094852203582575
-0.007306546704117036
-0.009793894741736494
0.009890956225495323
5.23445771709854E-4
-0.0024895759935763865
-0.0044367275114160255
0.006402857733282495
0.0022571630751944453
-0.0022219141418310853
-0.003509071345688765
0.003473822412325375
0.001113843966892433
-0.0024805482727069082
-0.0013735641899545077
0.002740268495768982
0.0025489665157945093
-0.0017939508018807713
-0.001694085428282662
9.390697143689098E-4
0.0034317494112200584
-0.002405589532439146
-0.002729706731235323
0.0017035468524543992
0.003977436584988484
-0.003008753386824681
-0.0013821474284404223
4.134642302766399E-4
0.0025109502006624464
-0.0036098532773394796
-0.003038716514936538
0.004137619591613544
0.0016228928560239938
-0.0019957511952142983
-4.6373775009417306E-4
8.365960892844863E-4
0.002527821348922731
-0.002988877063981576
-0.0014394635062608963
0.0019005192213197328
0.0011249312143307311
-0.0011331178324958976
1.769847527086088E-4
-1.6879813454348362E-4
-0.001948419939715039
-0.0025726021156996584
0.0039479523533493335
0.0025350712062306713
-9.87952514161331E-4
0.0024950888428900966
-0.00296044599070751
4.4965369128829175E-4
0.0013596210775925254
-5.431909729214333E-4
-2.93372564282635E-4
4.106725003233452E-4
0.0
-0.004162835963565528
0.0028825898247223833
-0.00102189082375904
0.001801976546774661
0.0039015720952370017
-0.0015469866933995637
-0.0032661974723445656
0.0023213700931674335
0.0018114264277022858
0.0013395061434798346
0.0013652163240488722
-0.0014571477570428388
-6.031083266864413E-4
-0.0017866144641190606
-3.9681270191374834E-4
1.6249787708586428E-5
-3.949784512814914E-4
-0.004474769454423121
0.0031743612178315307
-0.001750543714313622
-0.003318319982773132
-0.004582101688263365
0.002108362430938643
0.0010584812120596194
-7.742281380738862E-5
-0.0010018253535743291
-0.005130864553619859
7.000382637026041E-4
-0.0010855408548942436
0.003352372087912482
-1.0849199352538832E-4
-4.9617486418559575E-5
0.004556670924826726
0.0021137939250866398
1.504622950525801E-5
0.0016146196135363895
0.0029856534966356653
0.002659075753761342
-0.001888862052252039
-0.001048010281033692
0.002035913345701491
3.8612565895974633E-4
-5.424292651606917E-4
-0.005141372968083901
-0.001123472876888766
4.824809584748794E-4
0.0016433396340966222
0.0036478361759808174
-0.005639025584963181
-0.0023109950951803464
0.004044084927249719
-0.0028060978274418334
-8.260235859222898E-4
0.003385650518680284
-3.589659903377104E-5
0.004139096288041322
-0.0035332308776685993
0.002367094690290261
-0.0019766566072631085
-0.0015594206465399055
0.0023971668254699546
-6.865402355458266E-4
3.2673378206352294E-4
-0.0012892562448713631
-0.0016610172386649915
-9.291242223276337E-4
0.0033677718184367085
0.0015555742780133314
-2.705540631042151E-4
1.287333250215312E-4
-6.986502989861452E-5
0.0030140778033218825
-2.4358083741711414E-5
0.004870463971343594
-0.0015951778884372892
-5.028024062923623E-4
0.002648140273968452
-0.003215193637079217
-0.001166783772439132
-0.0017716819114783674
6.123119832757169E-4
-0.003230376632525922
5.313227572851858E-4
-6.032902949490637E-4
-6.305074577700194E-4
-0.00325209812225035
-5.296550886217839E-5
-4.8681347732501014E-4
0.0027175731565696375
-0.002979237928946811
-0.002606834781688696
-5.953164269434444E-4
-0.0033983883207467755
0.005841826464147968
-9.325569847208506E-5
-6.905375668035094E-6
0.002314475557591616
-3.888004848331527E-5
-7.199826944594358E-4
0.005519250939409966
-0.0017417890568488595
1.1576809928084443E-4
-2.787615045711075E-4
-0.006569128169875699
0.0013381443122414054
-0.00480380000617748
0.004394614788828295
3.336032207928146E-4
-0.0013742043186026273
-6.377967035482864E-4
-1.1098299843634654E-4
0.00306568431866363
4.570599150176117E-4
4.6603300986136197E-4
0.0022228243072848655
0.004868893341739697
-4.6402756305479777E-4
0.0016249423821390369
-0.0023643710657915377
-0.0013729436265563382
0.0029225259102025874
-0.003451944052807008
-0.0015665123944846263
-0.0020739821671015403
8.649904239041708E-4
0.0014354804600879862
1.515651038416937E-4
0.00104496765129712
-6.306937215021799E-5
-5.677199795265961E-4
-8.516669419859771E-4
-0.0020619139896610474
6.849162037369524E-4
-0.0018169562460074065
0.003291186476093998
8.843829823068621E-4
0.0032836111718715917
-3.241123229457653E-4
-0.003345753323831947
-2.0500731469784352E-4
-7.034445126073302E-4
-0.0018426725932032778
0.002205645147018014
-0.0038703162001681255
-0.002088969382696196
0.0030459659923743193
0.0011292651019292024
-0.0019154700485474793
-0.00163153854371817
-6.705441936541261E-6
0.0012297777752192937
-0.001178492068348338
0.0014198869556487767
8.197960933220029E-5
-5.0660036543635854E-5
-7.567697161571788E-4
-0.0015084191476881395
0.004437047402239259
-8.695626504192987E-4
3.3322828106955313E-4
0.0013085692233106554
5.294981104289004E-4
-0.0032155843020931487
9.020915979043014E-4
0.002071368630549549
-0.0013970725071545999
-0.001578546934653386
6.04875947710695E-4
-0.0010462922490300326
0.001640894778082427
5.233517404568638E-4
2.8519377575945883E-4
-0.003033835327331161
-0.0032635501690909453
0.002279843827187133
0.004591644919560599
-0.002257690681168905
-0.0018538300629857736
0.004921812013141402
-0.00106110094517689
-0.00567179568027684
0.0036639117928512176
0.004862585734037986
-0.002369385486609644
0.002300122462820265
-0.0013605955278575268
0.0020905772791604393
-8.831862997307682E-4
0.0010252077630358248
-2.6344325431961217E-4
-0.0014743700219449554
-0.006469370568613563
0.0018848062899704957
0.004709658287927349
4.529522415840858E-4
-0.00177113489189535
0.00549833115265824
-0.003523749998233428
-0.0012656230274165812
0.0049761059713911895
0.003616880720416225
0.0011908071729818904
-0.0032040620760963845
-0.002629080809563141
0.003737585816705355
-0.003747919407450932
5.862324119705742E-4
-0.004289730754226615
0.0027466874471832182
-0.0019486089310817118
-9.479217762782392E-4
-1.841700514972818E-4
0.0014116869907329545
9.401582192052928E-4
-0.004918240580638078
9.382885162985584E-5
-0.004571898297519942
-0.0022423043773093726
0.0023396652594769975
0.002975995938105596
-0.0035351926635585223
-1.1175151826296921E-4
0.0014372533437489229
0.00560009159881973
-0.004753830381396739
-4.52953633886706E-5
0.002966525573593222
0.00385942150980837
-0.0010832476414734532
6.989315069803525E-4
-0.0013755807235561225
-0.0014968063426413225
0.0031078092223219217
-0.003366868782712196
-0.0013452943096730666
-7.718562085859145E-4
-0.0033489951786047183
0.0036856737224329767
0.0015890917250485073
0.003764703488363105
-0.0031293494201144623
1.9436249912917246E-4
0.0011541093036136624
-0.0032552418306599088
4.205190647841193E-4
0.0023122409982471535
0.00136549738886748
0.0023004397301055564
0.001724712234291428
-4.895168606947279E-4
-0.003380660282061347
0.0034575577183591135
3.9468573982803096E-5
9.204775813229519E-4
-0.0026382523528614343
4.5271557924396054E-4
-0.0022178271493589973
-0.00212613219432907
0.0011943851668713109
0.0015375786377399944
0.007648768246658331
-0.006996206334622177
-9.863975560060714E-4
0.0013308278871564036
4.1618595312464075E-4
-8.538566870418957E-5
0.0027912859364616098
-0.004386870877731731
-0.0012064508755686189
-0.0016662519730640455
0.0014806122114671902
0.005902992118067682
8.861613827688547E-4
-0.0021958760483625434
-0.004712391299606006
-0.0034815457098349187
-0.005398569417277447
0.005751853992987326
0.0018201337543508073
7.471536549231287E-4
-0.002282939049098178
6.326124686000115E-4
-0.0012182213368470169
-0.0012682342524844865
-0.001840970442734323
0.00455682159097494
-0.0018850573533566676
-0.0010129210411281443
0.0023409775879935572
-0.001100717363632782
0.0019108682755904177
0.0029247685385450405
-0.0032742795296354333
-4.756339652634261E-5
-9.97231848040607E-4
-0.004248258819851521
5.61270919590367E-4
-8.888311695777647E-4
0.0013241330054814336
-7.91591595707881E-5
0.0014808224168641167
-0.002006671120648172
0.0035151243559409825
0.0018014379579671127
-0.0017408376890424575
0.0016048606255264814
0.001960204448061593
-0.0024488348010456556
-1.4038988095275276E-4
0.0011339910327318296
-8.192067149432103E-4
-1.4947934438434455E-4
0.0010013603379653685
-8.352469231771593E-6
-0.001447090159819684
1.435835903132016E-4
-0.00171180045270023
8.812619318549503E-4
0.0017072801906180437
0.002352976984903254
3.81851695772082E-4
-7.48827113207234E-4
-7.839998282964922E-4
-0.0021140299652816037
0.0034987188934390845
-0.0033663056338212836
0.002111779157997363
-0.0016609690780268007
0.0042991874424246086
-9.84057558271972E-4
-0.0012349307482175738
0.004379805714138562
-0.003785940734001514
-0.003300236428881246
0.0018752502183675256
6.352002263253434E-4
0.0016522197648429807
-2.1645059310842872E-4
-0.0025544320750252193
-0.002030767313561357
-0.001827099255347475
-0.0022876175314809075
0.003868777528961847
-0.0013651415204805266
-8.674448625656823E-4
-0.0023807847436681934
0.0030862407992583783
8.556276971542882E-4
-0.0011357654076536638
0.002606219305973995
-5.217055168889456E-4
0.0024684733608947105
-0.006704199269419783
0.0021716576009092473
0.0025364951688058974
6.611208711070709E-4
0.0018354562339609425
0.005962671192901144
-0.001315023683818548
0.006293579229371691
-0.0014113847658242386
-0.00138475693670417
-0.004228963394482322
-0.0035249850734219816
0.0024715851776933523
-2.8482458855089913E-5
-0.0027359826262141934
-0.00335277419086946
2.380413405453233E-4
-0.0010276245164002329
0.004495423957641688
-0.004576090350862292
-0.001841666117368807
0.00441794724527829
-0.0039327019858287375
0.001699472907258853
0.001961837400181887
0.0017191329082602153
-0.002013757224601155
0.002507715438659029
-0.0013188927895573079
-0.0017590883412669242
0.002013004752495986
0.0015376954057133674
-5.486497223408794E-4
-3.699237115843377E-4
0.0032272043164093024
0.0026976901867135626
0.0027037094063227
-0.0016098275403077043
-6.735827662485458E-4
-0.0013987689551604918
0.004721425985292377
-7.601113253206445E-4
4.5917244718882535E-4
-0.001776999677649244
-0.002718048511256548
-3.19425860030759E-4
5.65223410604449E-5
0.001936394620050602
-0.0015810265220024947
0.00185016124436962
-0.006030272845678926
0.0034243561031117443
8.998308769500303E-4
-0.006362880467813024
0.003892725415935318
-4.19287596536172E-4
-0.0018792937497956173
0.002096944857349092
-0.00396028492767936
0.0011641742400057171
-0.0024288784607161096
-6.637420476282335E-4
0.002087208618431235
-5.644999032355024E-4
-4.286151492510445E-4
-0.0020729528097028402
0.003390910128071806
2.7043960903891644E-4
5.254086861980909E-4
0.001587770985507591
-2.797428994907496E-4
-0.002336391881525371
-0.003220142736072954
-6.27861058950131E-4
0.001752309208289064
-0.002946302763295647
-5.590183111306075E-4
-5.666399248657824E-4
0.004250716377485388
0.002435043908488993
0.00326483772132418
-2.572803008936848E-4
-0.0017491141057936143
0.00342732506621629
0.0011003472872323115
4.176850813188966E-4
-0.0031289618867655668
-5.043399004624159E-4
-0.001370193308996917
-6.923791439813938E-4
0.004854195205542741
5.564203263207696E-4
-0.0027374454930398657
-0.001082050253339491
0.0012960856427237377
-0.002790178571428572
1.8516278382301382E-4
0.001502365067866486
1.0934848410635786E-4
-0.0032890150576889545
0.004636188976059944
-5.694140021432325E-4
-0.003232735442190944
0.0012753850024776426
2.1484011768137246E-4
0.0018600588418871801
-0.001766457062440511
0.0037935490723644094
-0.0031090385541481256
-2.201877530576971E-4
0.001963782616179946
-0.0061384565504535235
0.0015872137446003725
-7.039966544487904E-4
0.0014926789634993145
0.004595786642089538
-0.003922598570694947
-0.0015691534009690158
-1.5544743270571595E-4
0.002702884538570265
-3.324350283984059E-5
-0.00463136851004627
-0.005063110598344736
-0.0015393621212517593
3.04394483428172E-4
0.002954037081650725
-0.005027965617618837
0.007358947519619482
2.645412042033956E-4
-0.0020252244935591926
0.0028091878592093737
-0.001065619508434356
0.004898398065725204
0.001716956433663647
-2.0510095993701285E-4
0.0013790787732160868
-0.0035919284550102615
0.0031804635938417628
-2.6106758431782863E-4
-0.00261701206306198
-3.956270223184035E-4
-0.0018286316428661427
0.003991275150435283
-4.833324033379424E-4
-0.003215778370868934
-7.265865127776207E-4
0.003264424779993066
0.0028396454187946695
-0.0015427131923704198
-0.0021076559299446004
0.00447920084570287
-0.001785415255009254
0.0023185663290715055
-8.649185077869298E-4
0.00704410319204719
0.005486755724903087
-0.0034312390818011535
-0.0015136229762242196
-5.458195550074336E-4
-0.0018076314002926576
-0.003131610958742064
-0.002345799793538804
5.62796430974286E-4
0.004899686485519044
-0.002168825360132942
-0.0017291419501237132
0.00385128923853919
-0.003169174087221543
0.001402207335826342
0.00357246900681167
-0.006586027404582117
5.843314924917995E-4
0.0014214995121258523
-0.0015417221678946723
-7.473340550217011E-4
-0.00651244874546969
0.00357790734781342
0.001212046289402128
-5.139449313061872E-4
0.009259496017114666
-0.003340818698471933
-0.003167075254455265
-0.0025580068498160325
-0.002453759038775585
1.3376143325384386E-5
-3.3892029010522103E-4
-0.0031584134005227995
-0.0014837759001177526
0.0016522289676233176
8.636640464951804E-4
-0.0012089496816133495
0.0014879624005516062
-0.0034103346496685387
0.003723631100440668
4.219189403963956E-4
4.7067357820255095E-4
-0.0014102365250119155
-0.0034610764445034757
0.002347619385712286
0.001977939662967712
-0.00137942163062173
-7.55136880993096E-4
-0.001022241789595039
-0.0023749323776197846
-2.6144915034278984E-4
-0.0019960463853698042
0.00267898532041326
0.0013220935969275554
9.759723907706022E-4
0.0023320824120460007
0.0030454916870639556
0.018843574284425537
-0.0035881540446179587
-0.009795589088605018
0.012009670348428376
-0.005056986981984075
0.0020630624678877555
-0.0010795950419279737
-0.004389074219962916
-0.002197931270221428
-0.0013145862281582921
5.092560288227012E-4
-0.00746168810947003
0.0010899736027511408
-0.002506689704081345
-0.00406125436664746
0.013598073088115975
-0.003480549021804618
0.002316345787082268
1.8830060343465703E-4
-0.004454506086750974
-0.0056596686857271015
9.187705709597753E-4
0.007965187081688632
-8.695607893197997E-4
0.0018270216374272246
0.004354918336526542
0.001507051436836494
-0.006075498082863842
-0.004675277739365569
-0.00103595364297372
0.0026136832381278576
-6.250312584413346E-4
0.00883816037368466
-0.007541315765332477
-9.251449439149917E-4
0.0018406792752201505
0.0015085419394222635
-0.003802938934806005
0.004690425056662036
-0.003014987813673068
-0.0020078315675537348
-0.0028295244748717044
0.001835213380561706
-0.001185584821129792
0.00413512292314226
-0.004793411837025519
-0.004844343151877895
0.005679514094531938
2.885304063165537E-4
-0.003107675588664342
-0.003797719661089519
0.0011068406951541215
-2.9060142212318247E-4
0.004004975171390093
-8.0756348139503E-4
-0.004894876137698463
-0.004307214038373025
0.0056413044761225925
0.0027125797982639113
8.752897723365138E-4
-0.0028449044017929957
0.0018535094444211597
-0.0028104962697095386
0.007318153354209824
0.01538949559143489
7.672249483845421E-4
0.003198683003202334
0.005134312499600368
-0.003251511612802815
-0.005245078482755047
-0.0027379895708796124
-6.862199450950329E-4
2.1003505659134957E-4
-0.006708688119457201
-8.291994281720734E-4
-0.007002300599136948
-6.792689793407762E-5
0.006684779787313296
-0.00492197608188321
0.008807807424555666
-0.001874944902136814
0.0016865706669777331
-0.003789637793782662
-0.005520703121470351
-0.0035786854638508456
-0.0012693300878661767
0.003585620524848101
0.004446264302300541
0.004427008188384871
0.0036210621388576727
0.004431820906363484
-0.0017114376185783705
-0.003125084878085399
-0.00255320044595419
-0.0037174370264101116
-0.0037727766102045503
0.0010578178304450417
-0.006912139787906705
0.004269234929740889
-0.005100868211000186
0.0022286118357306354
0.0028516573286102775
5.981297639554074E-4
1.737131813228205E-4
1.2135615124969439E-4
0.001680671048845183
0.004412213491061865
3.498599533280672E-4
-0.0015997876208914512
-0.008533633661656848
-0.0025967616324856536
-0.001117298326093196
0.0021640515993487128
-0.0012964478221813855
-0.004919230102792006
0.0017565407103595151
-0.005367127643850796
-0.001431681226357789
-0.00467239043302953
0.00498865356357869
-0.001723791781056732
-0.002854166892261498
-0.004423363683618172
-1.0108819317063839E-4
0.0016610592196320776
0.00920532371808375
-0.0022386043364904747
0.017342930677191053
0.009332739547183258
-6.198311774365788E-4
0.0076413053388449375
3.8220641050020973E-4
-0.0019933591257730535
0.0011182051580700706
-5.596717591650692E-4
-0.004319966267857764
0.0025001909928556425
9.987769811915619E-4
-0.004302923003960403
-4.3699493371824683E-4
-7.420911193135003E-5
-0.004034245196821607
0.0016637812211317234
-0.00128604503488942
-0.006055111814498264
-0.0056427790477444305
5.227668847444357E-4
0.0012064110927244428
-0.008495679954934457
0.003662859945426422
-0.0022279959159633
0.0019663834571025936
0.00539759500144142
-7.07249619144818E-4
-0.003219559724270199
-0.004697415373132037
7.329010562701368E-4
0.002478061717799435
0.0025307096806117023
0.0031807386474257465
0.0017208195892525011
-0.0032694259363772364
0.005104005568435845
-5.20791606141929E-4
-0.00283405212222094
0.00220259625451036
0.003391635280808091
-0.007021301237113356
0.0010556236448933639
0.003468436494133933
-0.0032982031335025063
0.0023656142801103154
-0.006300142636191364
-0.006626784736650768
0.0012196686961217598
0.0032422922191624845
0.004525849406927089
-0.004614276635944006
-0.0013089609949565666
-0.0017343519533053703
1.5394318515617872E-4
-0.00443792220071261
0.006043847236443566
0.0030434011768988786
-3.493936249494411E-4
-0.0012894007535171647
-0.006902012958401529
-0.004933971740401316
0.009476964372722003
0.0011084277721930247
-5.452554024238405E-4
0.01122052642295778
0.004213016433571063
1.009491750446085E-7
0.011196266921779751
-0.0058850875756612684
-0.00920684464717866
0.006931514473490375
-0.006290625480956824
-0.005580357142857144
0.001423963048696192
0.0
0.0018311659601803164
0.008703987788192143
-3.705925122063378E-4
-0.0013629903514730708
-0.0017231217639718096
0.002790178571428572
5.673103601279298E-4
2.0219829056293027E-4
-0.007402890102434162
-0.006535766566028971
-0.0017002733022752187
0.002137050252373782
0.004066527869715829
-0.001957565662520146
0.010292519805008388
0.0
0.0026465896647731336
-0.0062912946276582355
5.63905569762272E-4
-0.004764634889449039
0.003263106077103096
-0.00539385962838597
0.0034041715899447676
0.0014611812544667294
-0.001841693973027656
0.005580357142857144
6.453940253141853E-5
0.0013387888039528943
-0.00456495497400855
0.005632189870187749
-0.0019835979873107303
0.0
-0.012138593453520393
-0.003600507379303514
4.2476767098241974E-4
-0.006475370077550705
-0.007044205808574582
0.005392040448001582
-0.0035566659318032115
0.006731957415730436
0.0034504007683707747
-0.002790178571428572
-0.003220139511150719
-0.007820534957349691
0.00417279097198807
-2.0665694696758025E-4
4.89450113105843E-4
0.0
0.008638603943008132
-0.004259149860672632
-4.3477566363232887E-4
0.0022844923835514896
0.017297974106166007
-0.002790178571428572
0.0
0.0
0.0046278324518405495
0.0
0.0
0.0
0.00839543790993514
0.0
0.0
0.0
0.005402083614688706
0.0
0.0
0.0
-0.009630675570261668
0.0
0.0
0.0
-0.014062718058073173
0.0
0.0
0.0
0.002586818572467361
0.0
0.0
0.0
-0.0026162616132614797
0.0
0.0
0.0
-0.002112389882157121
0.0
0.0
0.0
0.010222334979499688
0.0
0.0
0.0
0.0
0.0
0.0
0.0
9.777661144411884E-4
0.0
0.0
0.0
-0.005446964079442235
0.0
0.0
0.0
1.833050649060234E-4
0.0
0.0
0.0
-0.010318502934921326
0.0
0.0
0.0
0.011793752610722708
0.0
0.0
0.0
-1.8191803843881083E-6
0.0
0.0
0.0
0.0
0.0
0.0
0.0
0.0
0.0
0.0
9.70754438173093E-4
0.0
0.0
0.0
0.0
0.0
0.0
0.0
0.0
0.0
0.0
0.0
0.0
0.0
0.0
0.0
6.637535474811815E-4
0.0
0.0
0.0
0.0
0.0
0.0
0.0
0.0
0.0
0.0
0.0
0.0
0.0
0.0
0.0
0.015557340726591094
0.0
0.0
0.0
0.0
0.0
0.0
0.0
0.0
0.0
0.0
0.0
0.0
0.0
0.0
0.0
-0.01719184871224541
0.0
0.0
0.0
0.0
0.0
0.0
0.0
0.0
0.0
0.0
0.0
0.0
0.0
0.0
0.0
0.0
0.0
0.0
0.0
0.0
0.0
0.0
0.0
0.0
0.0
0.0
0.0
0.0
0.0
0.0
0.0
0.0
0.0
0.0
0.0
0.0
0.0
0.0
0.0
0.0
0.0
0.0
-0.01798702019349386
0.014829584323330364
0.0029954137448385374
1.6202212532497907E-4
0.0
0.0
0.0
0.0
0.0
0.0
0.0
0.0
0.0
0.0
0.0
0.0
0.0
0.0
0.0
0.0
0.0
0.0
0.0
0.0
0.0
0.0
0.0
0.0
0.0
0.0
0.0
0.0
0.0
0.0
0.0
0.0
0.0
0.0
0.0
0.0
0.0
0.0
0.0
0.0
0.0017417195727960873
-0.004943637475763473
-0.009819971609026019
-0.004965130681500451
0.01168439843668933
-7.462245134626042E-4
-0.0020845262831932
0.005975936683296813
-0.013701462549248682
0.011676785082046767
0.0021213543563594448
0.002898736855681008
-0.0015542014498689505
0.004446739322273521
-0.00596826478110732
0.0032377490340277353
0.0
0.0
0.0
0.0
0.0
0.0
0.0
0.0
0.0
0.0
0.0
0.0
0.0
0.0
0.0
0.0
0.0
0.0
0.0
0.0
0.0
0.0
0.0
0.0
0.0
0.0
0.0
0.0
0.0
0.0
0.0
0.0
-6.424410995649957E-4
0.001225019861759347
-0.0016310377608268359
0.002790178571428572
-5.237593609034026E-4
-0.005855007124873335
-0.004346629791542222
0.005781758801555486
-0.005817067895968796
0.0010842928613148846
-0.0036667998738135177
-0.0014203967005585864
0.0
0.0
-0.00351993952186838
-0.001445191159632071
0.01612974080774128
-0.0019929611243880265
-0.0014438594708327153
-0.0010085217758312101
0.00984857710807824
-0.007348013613429377
2.2002185635734348E-6
-0.0032489882266750463
0.005079476258101228
8.649743107472367E-4
4.066887969885482E-4
-0.008435665649030217
0.005825822253315296
-0.0017987710604106173
-0.006865425574883134
0.008814311065275266
-1.6463479705977222E-4
-0.005206824523128983
-0.0016854821034336068
-0.006644521125626323
0.0046438758563008605
-0.002790178571428572
0.008314512230873386
0.0015085755663010912
-0.008684292938489796
0.003779320776085035
-4.102743776425123E-4
0.00743660089640672
0.0025316870155049163
-7.283365217136658E-4
-0.0029760025814994494
0.004071388943389204
-0.002813961911371221
-0.0021070994399521752
0.001819961479237564
0.0015468984222168842
1.4331034866706571E-4
0.0012376170288929257
0.0022167076150507313
8.49104329662797E-4
-0.006634626002848009
0.0012423018224902356
0.0035541659778850804
-0.004130106578634632
-0.003227320831101211
0.0032446448022774646
-9.188120174504501E-4
0.0041392370803019244
0.011760124322206151
-0.0016341126074992194
0.0017445195769056517
6.381717081327138E-4
-0.005084290008636452
0.002201309356004045
-0.005106307754789004
-9.257681828842663E-5
-0.004357460781114676
-0.0020721698924757127
0.0022487674611009097
0.001240445356633883
-0.0026333924641384465
0.0017031612832159833
-0.0062229749604628785
0.0038372402335732653
0.0023722889630366016
0.0016147383425369022
0.010712788043715643
-5.878113971463832E-4
-0.014127988207366313
0.0015440153611350192
-6.106774174118772E-4
-0.0015609320171951874
0.010705527567855084
-0.005873630542152948
0.002631443053489907
-0.001276549806246577
-0.0036590759575940526
0.0014996521779070452
0.0017059382691867054
0.005343935981344632
-0.0025373853284548515
-0.005124217228002735
-0.0027241102620030443
-0.0056707977607447415
0.0038259980834396768
-0.0025953083708789757
0.003141987029483502
0.0025982130285931854
-0.0023239169428915544
0.0031835946426439785
7.041731449640453E-4
-0.0016800703212988708
-9.255194046111507E-4
2.1566322744661845E-4
-0.009911550314106479
0.004071838459454293
0.012378398180936528
-0.004913043169642145
-3.2060061071875713E-4
-0.002014565962856623
-0.0015193306167600546
0.003341149083364926
3.471050021223469E-4
-0.0014513862485740422
-0.0011696742876088557
-0.0012954752670418278
-0.008732593479851745
-0.0030824366611989854
0.004935875019150525
0.005206436677211406
0.0010834979805711506
0.004353936252401243
0.018539403519827333
1.4120853750719314E-4
-2.2475128629844982E-4
0.005517565366688349
-0.0014591841184630786
-0.006019838217722132
-9.148152748934891E-4
-0.0016627970515284956
0.004378565360226516
7.182027183184085E-4
0.0013826933030203596
0.002933135366334206
9.756714181336458E-4
-0.004613475083290174
-0.003650463950042897
-3.4673579741560786E-4
-9.771994188058969E-4
-0.0065052589372855095
-0.005699121166484555
-0.003724031226747182
-0.004674479621903944
0.003294318479934014
0.0052868229770651545
5.84503594529794E-4
-0.005194880201944006
0.004379780727603455
0.0011456297421909428
-0.0025584234084454253
-0.0023736802727419067
0.0021558460779154253
0.0012157120309565568
-0.0015045598915945486
0.006824321197696133
-0.008872732881737469
-5.345150770403677E-4
0.005437402317321699
-1.4365069739661132E-4
-0.0024544900606196705
0.0036597180595422814
-0.007119258360552514
-0.0013256743473090736
0.0016677952113505227
-4.1958288008294255E-4
-0.0030707478042553806
-0.003067157410998354
-0.0017313075511898814
-0.005320413960234525
0.005320267490312213
0.003774806248294956
0.0019366495485779902
-0.008284773552189154
2.9120494812308274E-4
-0.0014705828825646687
0.006591263030529502
0.007634416499719571
-0.004130183281903352
-0.007326758021431117
4.517242683198851E-4
-0.0027626658946105108
-0.0037073893770897598
7.299644697383307E-4
0.0015537674276713794
-0.0023077843123545322
0.01763100334171825
0.009163710454138585
4.561413090623614E-4
0.002661507336120627
0.015879972447690956
-0.0024309802175037773
-0.002485035618556497
-0.006162597317529857
-0.002221520579347659
-0.004405262718796194
-0.005002217682622679
-0.005988057052655967
6.523763720623125E-4
-5.253433521396128E-4
0.0010589086047213267
-0.003682252684265166
0.010670828837069405
-3.009085004402551E-4
-0.0013430106680046988
7.613850182777927E-4
-0.006865363170161138
-0.003391852410739334
0.0027284880427829827
0.005529316096775757
-0.003454698496697688
0.003514067499849857
0.005955721646565109
0.006686235738368343
-4.898826233497916E-4
-7.161715102252006E-4
-0.003179821842957224
-4.141210060578733E-4
-0.008017620740214266
-6.461528327150008E-5
-0.0022292115840533804
-0.003979541679104788
-0.0031953786640280127
0.003680345689694209
-0.0015088370865047468
0.006299897415137911
-0.001253903092735099
-1.9981187926577243E-4
-0.0017324929522734207
4.982469356185244E-4
7.801321664385164E-4
0.0012582846034509705
0.0011317657429650632
-0.0010924159808200435
-0.007701059589052352
9.260735419784811E-4
-0.0015039796204810805
-0.004504715851342612
0.0013474201339769261
-0.001677743915705932
-1.2112517207755037E-4
0.0021503381132814657
-0.0029866381543912322
-0.001870508150005579
-0.0020500393000504936
-0.001318432243695504
-0.004823970497923817
-0.002435838079309101
0.00733517018790857
-0.0018815203495246287
0.018082163383945467
0.007062567805657135
6.213398355007921E-4
-0.0025377766756838217
0.004578129246931204
-0.003704292654038816
-0.005336735396747526
-0.003035606878281862
0.007456574365591403
-0.005043819667439477
-0.0023521935633622013
0.0014871450381134521
8.47503016639248E-4
-0.002814854169068357
3.8429625898388177E-4
0.0019797716325253897
0.00761743702503782
-0.003089546185247248
8.036532430887654E-4
1.794473063775814E-4
-0.001713785218473932
-7.231717653146388E-4
0.0027439495808154303
4.517371354263947E-4
-0.003859024785282999
-3.914124076755741E-4
0.0021099156706071674
0.004286417105083408
0.0018120339396502688
-0.001984277688313349
-0.003135521966616003
-0.0022076683296309743
-0.002589292338611355
-0.001278009295085693
6.390744549463914E-4
0.0022115883477795244
-0.004534168755857911
0.0033119515358712606
-0.0010135185033201813
8.590225442515559E-4
-0.005986483865184114
8.575314861964706E-4
5.525782565275871E-4
0.0015931914853441506
-0.003125307850432814
0.001042519308261651
-0.002885041931591518
0.002749995518018736
-0.004788817477461651
0.0010113784219632172
-9.852690792479081E-4
-0.004070395586661412
0.0016252179057231607
0.0023564528300460347
-0.002157276715113467
0.004348767785918582
0.0017980787917865827
-7.343585605561163E-4
0.001252583819243098
-0.005495298972978383
-0.002093236306376311
0.006378504079937937
0.006536251894454623
-0.006309408801291092
0.0064289647186467815
0.0019767526410077374
8.346068256877696E-4
0.0012676735922070772
-3.726423116151723E-4
0.003365546662537224
-0.002612432697691458
-4.0769327931489087E-4
7.333777687571668E-4
-9.999765614899896E-5
-0.0017159852824672854
-0.002775752766248277
3.745990966764314E-4
0.0017539601364276436
5.314333130449318E-4
-0.002244896252009759
-8.510401914029484E-5
-0.003857955381215249
-0.0019363154092041745
0.003349929499927827
0.0036852812370554385
-0.005859412597452099
-0.0013381275781663904
0.0015647284772503023
-1.3076933599756157E-4
0.0019342950735160968
-7.190521026293169E-4
0.0013162902081267792
9.238740830111312E-5
0.0023117169142705192
6.004139198373805E-5
-3.7880806325374383E-4
-0.002583805736089644
2.964247888584846E-4
-0.0016794087845051146
-0.002072578487368669
-0.0018564966664593946
0.0010363298064369874
0.0027060650670765723
-0.0016117574858572608
-5.677532046406504E-4
2.1380718055320986E-4
-6.817625072544334E-4
0.006005500718597516
-0.0036660907363336628
-0.00311796437512018
-6.787081991235823E-4
0.001850430931923437
-6.127655581992832E-4
0.002765502973788787
-2.586653271712657E-4
-0.0019442469772140735
0.002059300861414434
-9.426500824039046E-4
0.0019718630019002863
9.253754193208098E-5
-2.2176620619747964E-4
-0.0038490460703991466
-0.0011300428482171462
-0.0011120665730495584
0.0023038455112879097
0.0031865339522353276
0.004165942864029919
-0.004272855275603284
0.00358867038694966
0.0037567003828209216
-0.0038742966415188625
0.0013302022705979845
-3.1880989460284295E-5
4.652938281472611E-4
-0.005117703274045926
-1.602837005353847E-4
0.0017729104512412648
4.747372867727974E-4
-0.0031126729480618204
-0.0013351804343047953
0.00457389372314598
4.203725705550058E-4
-0.001020627135899916
0.003235730526589115
8.799671591511017E-4
-6.690397327936353E-4
0.002097478362550612
-0.0011470354567350571
-0.002681589383903714
-3.112781346422387E-5
0.003010919266673637
-0.0015144721284175095
-7.379515316728903E-4
-0.0037954779519228177
0.006986560659907479
-0.0014251708063822677
-0.002128096647592164
9.64880741387618E-4
-2.894603156604408E-4
-0.0046049617761007595
0.003742630372295063
-9.562663117634293E-4
-0.0017596396493464784
0.0017059673987624225
-7.910029101313545E-4
0.0019376690738089522
-0.003641093026757581
8.79915639314735E-4
-0.0034233344269342866
-0.0017325663621088237
-0.0010906728920287738
0.004960480986181236
0.0012967298553828181
-2.319003101583176E-4
-0.0017958186523549366
0.0022004875232292356
-0.0010680272807841902
0.0036246402240823466
6.134699819057461E-4
4.126271458381901E-5
-1.4512629275860228E-4
-0.001611369336931429
0.0065808152906374805
9.692694782666735E-4
-0.0018600060620377126
-0.0018248078590925544
2.5322562926494813E-4
-0.004960252280549333
0.001485705851433588
0.0017572280864548394
3.655645428540604E-4
-0.0018700453827827546
5.424782699430387E-5
0.002837582496337873
-7.65291785297079E-4
0.001884374926788064
0.001799368924517345
0.004512988905218601
-0.0023382867214572873
-0.007254976927562993
0.0021572867973926953
-4.782033081893759E-4
0.0035939145920502193
-7.359988785576158E-4
-4.4931547809405744E-4
-0.0031467321236626315
-0.003641855468992041
1.0996020324425398E-4
0.003029027813156464
0.0027050960177278133
-9.013305599352798E-4
-9.305472181732409E-5
-9.502449844146488E-4
4.865135277828318E-4
0.0020499676305953665
4.176269460734695E-4
-0.0021211698479440535
-0.002279775609152004
0.0014777017618705667
7.991795734642485E-4
1.773235624456999E-4
-0.001792292415266808
-5.958653400161356E-4
-8.849212355456332E-4
-9.753025785750499E-4
1.0308611436222505E-4
-0.002755556425003575
-0.0022998712708220057
-0.0019257733048880406
-9.026651801325542E-4
0.002951298211969491
0.004496351012753783
-0.0035085435955088833
-0.0011421739845083895
-0.003028691732259537
7.547804275327029E-4
6.559627541800656E-4
0.0011988503220596901
-2.448441571601982E-4
0.0018363409733176876
0.002437885644153044
-5.315079488105968E-4
0.002735702017838858
0.0021237009537821904
-0.0014173139345713065
-0.0038858451434117943
-7.652526596288165E-4
-0.002889995110254072
0.00480075135223345
0.0012240980719729917
-0.00112664069699732
-0.002024828634456277
8.885821504153878E-4
0.004522729668892188
9.494417999836207E-4
0.0010316250308241856
-0.002894978422043716
0.0010894942348753198
-0.0029497123483058743
0.002888697485658726
0.004085777307389143
-0.0016598597151776511
9.812646348216472E-4
0.002661634156187702
-0.003669515828228777
0.002603954349617785
0.0012220722612962152
-0.0015297046908604164
-6.811720321226592E-4
9.400604273068318E-4
-0.005177899708685025
0.0013155578137071838
4.2831816831435986E-4
-0.004670838961372205
9.55988891004512E-4
-4.2357367601190835E-4
0.004349415855836687
0.0017741777109840965
0.004037588891119867
-0.0012724452053860837
-0.002641594935239124
-6.980824533621226E-4
-0.004538166464061057
0.0022904394438350833
-0.0022851846054017183
0.0014381078903658551
0.0024023600771173746
-0.0018130255654580187
-6.99117695852001E-4
3.7283508081652206E-6
-0.0027829010394427637
-0.001247348899070945
0.0013504667578287852
0.0015452315707197364
-0.0019930374897998825
-6.140565208757092E-4
0.0019781463646197867
-6.395959125234541E-4
-5.280755557915874E-4
0.001221030463262645
-0.001260226506964543
-0.0017893868775641845
0.0031565050751433217
-0.0025043653600423533
0.002409800151410312
0.0028760037553590572
0.0020715986270899256
-0.0031021907775054206
-0.0010628561529211242
-0.0017923182574526484
-5.04024667650726E-4
-0.002441140317254547
0.0012043600761731694
0.001511244357782046
6.268751396134263E-4
2.4241904849590023E-4
-2.875335740508797E-4
0.0014455161146218415
1.0810289705943032E-5
0.002945925172877747
-0.002805619120514788
7.060926488091914E-4
0.0012818447350758354
-6.389676179472594E-4
-0.0020505823862674317
-0.002023818382613752
-0.0010218618609793722
-0.0015054777748495546
0.001846132148788475
-5.689900292516446E-5
-8.554443934063202E-4
0.0012999219911396629
-0.0022719944617377074
-5.441244121112934E-4
-2.341006645527272E-4
-2.3178484732280428E-4
0.009732813692120316
0.002157643557615014
-0.0023564653968762236
-0.0034201150798224642
0.0034861682281572062
-4.844618573642727E-5
0.0038880531650055585
-0.0023867117933687784
0.0010688961825905507
0.001111127549177299
-3.616353253561169E-4
6.699626754534671E-5
-0.0024824963786951645
-0.0015122448765337577
-0.0020009721368340547
0.0027292226431188393
-0.002344609952425974
0.0021988929150641287
-0.0014986626632386758
0.002499042912291109
-4.217528226023075E-4
-0.0012783423304385537
5.906035561241108E-4
-6.610133243745068E-4
-0.0018685425202540507
6.734860499914888E-4
-0.004196705069729034
0.005121894651322432
6.255086331483276E-4
0.0037711294896252976
0.0013558619222443667
-0.003950992919151216
-0.005690115211258252
-0.005105375257713958
6.618282606439445E-4
7.596084053933673E-4
0.005718236146406989
0.0024989297345677196
5.9200687440046E-5
-7.250758723400545E-4
-0.0014412788163860942
-1.3298330250217276E-4
-5.275526350221986E-4
5.820304282798871E-5
5.464249557809412E-4
9.588200638742557E-5
0.00160615454212138
-0.0020534671993986393
-3.1518784575228394E-4
-5.68307804993396E-4
-0.0049508508801052
-7.737924553830999E-4
0.006250205004256073
0.003072132229330315
9.976686472871624E-4
-0.005163557376205134
-8.176985648074621E-4
3.1984977860374233E-4
-0.0022911938670134024
0.0014336568855582126
-2.6274417723379847E-4
0.0025388670256237997
-3.755273660251031E-4
9.402629011166579E-4
0.0036284666049791014
-0.0016751561564556454
-7.114515194497364E-4
-0.0019673151771288076
0.0035022456888131742
0.004478037147461226
0.0012265446617331652
-7.547712688451263E-4
-0.0014338149927589222
2.2427838652754745E-4
-0.002306314558358798
-0.0013044648592118145
-0.0018917777338898316
4.404855786030714E-4
-2.981159275571585E-4
9.296730797062865E-4
-0.0014668357360133203
6.028477037057422E-4
-2.8814066541570376E-5
0.002943237207438703
-0.001922539550861431
-0.0033175725440642476
-4.609386074382153E-4
-0.001799795787306066
-3.6303048470514676E-4
-0.0015417826563587454
0.004059591259801682
0.0014440984185109384
0.002585108930881556
-0.0013441590299295273
0.0023150983343956048
-0.004728758115660967
1.752615596912867E-4
0.0011747233236580337
0.001853384175606849
-3.253911790606159E-4
-8.92074112836594E-4
-0.0019243039286088045
5.249702060681444E-4
0.0033952168302860304
-0.001268939444766407
-0.0011599379831363236
-4.0527916021986833E-4
0.003944742525979964
-0.005886547705377592
3.0289178605722236E-4
-0.0011445225273978832
0.0013232206201106616
9.013108039138049E-4
0.006910580872490883
-0.0021525054518121926
-0.006785176201944216
0.0015612078471802418
0.0023902735658738712
-0.00356335106867944
-0.0061310779256809195
0.0034664231379968303
0.0027061008105079775
-0.0025694699003344043
-1.4666420983427573E-4
-1.1322830447311766E-4
0.0035953066091131075
0.0011021385630135103
0.0011607317530965254
0.0010796601041480787
-4.89793168118658E-4
-8.961470929885326E-4
8.575186772806047E-4
0.002836714487945075
0.0012866367445474765
0.006705637378461862
-7.660108094990218E-4
-0.0049380184058600615
-0.005791944343166226
-2.633825911491451E-4
0.002752783434076399
-0.0010203641018313218
-0.0014393656282833817
-0.0015166433525329692
0.0023969784602073077
-0.0033244529664288895
-0.0030271907338961174
-0.00550086716139328
0.0036384873174360797
0.002731978103489539
0.002237057796223324
-0.0012900292396485942
0.0014054010828697342
-0.003295625965234853
0.0035989364849112393
-7.411019170242023E-4
0.0012718680992335786
0.0013883303037166843
-0.0017628645641600956
-0.0019102200787539923
1.6947020324259258E-4
-0.0019523462459481726
-0.004031091770370893
0.006798151193057924
-0.0025913373266191753
0.0017623632642867094
-0.005585027579579827
0.0016617469966143427
0.0017802215323080386
0.002639991564072906
0.0010326519793444084
-9.279515596065604E-4
-0.001197636434821252
-4.4266549964395475E-4
8.975542734856313E-4
0.0020751182187941004
7.449788423871014E-4
-4.7944810209596053E-4
0.0013060125754524878
-0.002116441136051043
-0.0029721166099902323
0.0031450503706940214
9.871128891650659E-4
0.0011309523181058804
-3.2407703167987626E-5
-0.0038370260172390395
-0.0027389430006975503
-0.0040242204856462405
0.002195928610510393
-3.132726580133057E-4
5.034870881460052E-6
0.004390923505377486
7.540699498965072E-4
0.0037422353767461126
-0.0034898298522678508
0.0029084714946892346
-1.8594487349715455E-4
0.001096243758140612
0.004539013228255435
0.001046683462120843
-0.0023342481322659054
2.625555086378004E-4
-0.0024430349980193774
8.797059552160483E-4
-3.748688626043755E-4
-0.0017732682145944639
-0.001787085352262322
-1.2398176478926187E-4
-7.735347887303564E-4
5.573722367567657E-4
0.0030970485812535685
0.0010402595190734663
-0.0017430004873350783
-8.485626813945573E-4
-7.740557280502287E-4
0.0010700664139701875
-0.0019786186043233523
-0.0028192980497109207
-6.753019325604448E-4
-0.002110550378212223
0.0028151189081076543
0.0026510842913194605
-5.737177548370284E-4
-6.187179716507663E-4
0.0018008831525723194
-7.963750283162363E-4
8.615115632023165E-4
0.0034741541605126302
0.0010538390251526235
-0.004098874058712309
-4.328313324564728E-4
-0.0016424136933979412
0.002569154567925759
-7.435161915506951E-4
0.003052193070917153
-0.0016427223671318424
0.001371590046844348
0.001691098508303865
1.9180438635451593E-4
-0.004795286864682348
-0.0019888594463865258
0.001915754714389413
