-0.001141033371291393
0.0015575268635771927
-0.0027075446385137927
0.0022910511462279947
5.68113156136429E-4
0.001209993900252225
-0.003452827831448622
0.001674720775060003
2.146909207184487E-4
-0.0016358265047166157
-0.0025480657177409647
0.003969201301739085
-2.9290869326265446E-5
7.35281197009486E-5
-0.0026904234337141036
0.002646186183339439
0.0024063710490853504
-0.0012759782739074803
-0.002510161555049873
0.0013797687798719981
1.0826622417615733E-4
-8.434271003303021E-4
-0.0029457305817538115
0.0036808914579079875
0.002299926910687665
-0.0015002390389894647
-0.00350781150700746
0.002708123635309277
0.0023590537040709954
-0.0019393701325904377
-0.0027599051075662268
0.002340221536085698
0.0021166300216103433
-0.0021630808923490427
-0.0034724832306791955
0.0035189341014179665
0.006914529842283166
-0.005462102127358988
-0.0035829323794206486
0.0021305046644964853
0.009558806956314158
-0.009188261057756202
-0.00802311161830159
0.007652565719743645
0.005272193119502527
-0.00945095552127189
-0.005635310286783431
0.009814072688552803
0.00656057413302508
-0.010534073369373018
-0.014320816762100829
0.018294315998448777
0.00925865126933194
-0.016844653726620227
0.006883889357151418
7.02113100136896E-4
3.466382186021258E-4
0.0013520537923757305
0.016372018636622784
-0.018070710647600574
-0.018985057984306115
0.01562995493948295
0.0036429819615409723
-2.8787891671781904E-4
-0.003248262149401195
0.010738210866835872
-0.016148236593854122
0.008658287876419384
0.015807943528349758
-0.014346818156252583
-0.011088600442597449
0.009627475070500298
0.008094438274345365
-0.003359429703260529
-0.00877740233504263
0.004042393763957768
0.007080280686954517
-0.006865599992757966
-0.009140905344244572
0.00892622465004807
0.001430658693002924
-0.0027917880292406263
-0.005036393761409129
0.006397523097646901
2.8204734581437595E-4
-9.033485246965896E-4
-0.0022607990720144707
0.0028821002508967065
0.0010687431124637985
-0.0033469247155655966
-0.001239485050269386
0.00351766665337128
0.0017608501720422292
-8.124723630206243E-4
-0.0018935558588377454
9.451780498161606E-4
0.0030618590750910012
-0.0020950533885538253
-0.0023326923060175975
0.0013658866194804387
0.003052207124037494
-0.003548348541843155
-7.919828011545985E-4
0.0012881242189602892
0.003512181333360507
-0.00226096410018801
-0.003320068249975638
0.002068851016803156
0.0020978477735474005
-0.002804486242341505
-2.570489360799238E-5
7.323433624021724E-4
0.004429428151100847
-0.003750941938562251
-0.001983947152343526
0.0013054609398049837
0.001342727492146044
-0.0012197826895130365
-3.3462654563351464E-5
-8.948214806964866E-5
-0.0026286888446752457
-8.917490440604008E-4
0.004227891076141029
0.002430550292965068
0.0035473134535898765
0.0042143776397391645
-0.004573723014613929
-6.968087121541431E-4
-1.854485340733172E-4
6.05803841917534E-4
-0.001610769472104259
6.291087435841619E-5
0.0
-0.003666099677322802
0.0016557334704605685
-0.003632326721458953
0.0030335609802241916
0.004244959452171989
-0.002019058727488656
-0.0038256238339063682
7.103191433241888E-4
0.003505881733228651
0.0010708371382975204
0.0037348950229692778
-0.0018569476128894606
-0.00227066812032773
-0.0022236944619849364
1.5449917184935224E-4
-4.7756648413669993E-4
-9.664037415797974E-4
-0.0033672539336864825
0.0021097911375121585
-0.0010615782036930569
-4.560319328870948E-4
-0.0039048919007791455
0.0018567270317522938
-0.0026508903145338065
-0.0024012424486838067
-0.0013048638880101561
-0.005467544853974141
6.808332599931434E-4
-0.0028556297799218018
0.00578622296962396
0.0018420624886651951
3.023519122492195E-4
0.002711294391506951
9.89680137007282E-4
0.003225956493171186
0.002889509854517104
-0.00357534290860813
0.0019437124522229178
-0.0016958325877600704
-0.00216799358485052
6.317805657892481E-4
0.005588466838140861
-0.002530810818006058
-0.003023330682326963
0.0014709160612553175
-0.002477922056525011
0.002448334221041934
0.003103246577999792
-0.0019376725369339085
-0.002328432344442521
0.0039524220947139916
-0.0014576095977873894
0.0026417478313726346
0.0021675932983720933
-0.0011189277455843456
0.004339729638356707
-0.003759595945982817
4.2779489624941E-4
-0.001686093022006937
4.0351958663393823E-4
7.502953001942184E-4
-0.002284701119765355
0.0013785391330333437
-0.002790178571428572
-0.0023539745082172708
0.00458504553416756
-6.750715514707898E-4
0.0039763197837986005
-0.002297662751391147
-0.003467794577789249
0.001227886242911533
0.0010228334336955345
-1.1541107768481165E-4
0.004524102327423618
5.192728066389248E-4
-8.573189317127773E-4
0.0030692055838627535
-0.0019196682840599464
4.884987057242668E-4
7.233307955263243E-4
-0.0019577045442090526
-0.0026289317610311137
-0.0010969638514512193
2.2702542588844935E-5
-0.001733947134252551
-0.0017928920807505776
-8.807568968823114E-4
-5.687845499814355E-5
0.0012676885138000174
-0.002426299202456181
-0.0018340888534223714
-0.0030223056504336213
-0.003965400720883326
0.005084949157746703
0.0013765941925799998
5.634085792364484E-4
0.006658682001934899
-0.0032138723140366764
4.995884887802255E-4
0.0025191534716302636
-0.002012232650084033
0.0014158703053380821
0.0010052408792279987
-0.007413413322415309
0.004704138103580724
-0.0032450088145990364
0.002095402469104065
0.0016163368252216427
-0.0014566341750896859
-2.8742401433202915E-4
-0.002922551306461082
3.810790027612347E-4
6.343342927503867E-4
3.7081321580862325E-4
0.0042696164926181385
0.003738097047731917
0.0014392877011630927
-0.0013784488631758017
0.0012616303145111109
5.754007241110335E-4
0.002827734264551536
-0.0033347478132981574
-0.0034704818797195087
0.001954526242215068
2.9650308739960236E-4
-0.003158122905679152
-7.701294787651712E-4
0.001722740254682899
0.0013139261510574792
-0.003180756323399746
3.775323973322427E-4
-0.003905791298547627
-0.003250362173964531
0.0017227625898071821
0.0033256621773437647
-0.002083814225073588
0.0018215001167673796
0.0023505822775137697
8.551424505551675E-6
-0.00189120167451909
0.0016015766704873214
-3.822314781425592E-4
-4.755431120786373E-5
-0.003994954159455232
-0.0027553157850934095
0.003948221120332813
0.0018965422245295082
1.3049083013375994E-4
-1.8667102277996088E-4
0.0030131773947643732
-0.00481676537240899
4.058528556845067E-4
-3.562849784381982E-4
0.001695647025206185
-0.003347748914368533
-0.0037844239026937967
-0.0013493286719502787
0.005898399383079619
-1.7149106884616452E-4
0.0021999764420263064
0.0010301355753548568
4.742593977345147E-5
-0.0029564572322780874
0.0011973875998920593
0.0010924647786783115
-0.0023938915579101855
-0.00101832101456475
7.616070917089027E-4
6.013021631716678E-4
-0.001050414568430068
0.002668842555808465
0.0021310527432485266
-6.883202719576396E-4
-0.005039679183417341
0.0027100013870348205
0.0032494244779397016
-0.004714125878354686
-0.0012680845920742712
0.005729955570965612
0.0027005575743376054
-0.006386319481982105
0.002434939088727309
0.0024110069981273
-0.004524028943826958
0.004491912593306316
-0.0029962627775741227
0.002123098411191675
3.348490869104388E-4
-0.0013976514022157435
0.0025757054970871364
-5.49303618296266E-4
-0.0033699066306059565
-0.0011067549509810408
0.0030805321733694394
1.4833551309869405E-4
-0.0018628873839290619
0.0062373860908729395
-0.004307445400199561
-4.0800686031346005E-4
0.004733593110830142
0.0037386534328825143
9.733759276816627E-4
-0.004551370905341937
-9.106201526141904E-4
0.002183707017582536
-0.0024784266685562153
8.664067245795965E-4
-0.0036592129108383546
0.0012452409484353527
3.8138074485716267E-6
-0.0017306786588195953
-0.001462244162692145
-7.623624990936387E-4
7.919235862367815E-4
-1.573635162002724E-4
-1.6093039950298461E-4
-0.0018930795804291867
4.171308002471225E-5
0.0018727277138864613
0.001057365726192604
-0.0024213839152222648
7.824621652993799E-5
-0.0013958622116597118
0.0014329155440494191
3.862848793409143E-5
-0.0019409267913524987
0.002190209287584608
0.004125082270370768
-0.001373034936555439
-2.3496406873910018E-4
6.601037501174462E-4
-0.0012120225659977626
7.950888509892324E-4
-0.0038561977102391023
-8.522485117881287E-4
-0.0010203446380552994
-0.0023267149333136617
9.005272959774833E-4
0.001993338420023732
0.0039061006995478906
-0.0019067428225401995
0.00198771616182374
0.001060498921717844
-0.0031762856258158462
0.0018040986556054532
0.002013881019611925
0.002858814248685634
-6.989181997813084E-5
0.0014303201281636712
1.0225890292260044E-4
-0.0037470180378663684
6.322395944256039E-4
-0.0020565132567449272
9.97479336790184E-4
-8.887524684454348E-4
8.750496531740107E-4
2.1588247868324553E-4
-4.941436046511914E-4
0.00190895184452495
-0.0016810250738555233
0.006953517013303449
-0.005730961212209658
-7.04919525735829E-4
0.005084315750759336
-5.750870413164652E-4
-4.3331620574282425E-4
0.0030566627930488275
-0.0014909570124934874
-0.0017667865501134416
-0.0037831099371871957
0.001203482019687278
0.005680010677440753
1.0539073867792993E-4
-0.0023198733713698082
-0.004873321336800808
4.901484412730933E-4
-0.007057485563941868
0.003517046598891716
0.0025115405462106106
9.456690305636745E-4
-0.002980544564434381
0.0016770925254912113
-0.003604260224789638
-0.0026181912619777665
4.3543762625370026E-4
0.004136073107116694
-8.772671303542826E-4
3.577855043323647E-4
-1.5662582922204687E-4
-8.847307506513758E-4
0.001598150390188409
4.426387853080963E-4
-0.0013218253454220909
-9.04097351133471E-4
9.318061340046361E-5
-0.004252994140110107
0.0018599252510899406
-9.568686274867922E-4
0.001620309179355163
8.061927108830129E-4
0.0016105601421660771
-0.0013163758265309006
0.002030758324771063
2.75221696758574E-4
-5.029217376942979E-7
8.718338891314464E-4
5.218123994292258E-4
-9.237654887156626E-4
0.0010570968885726668
4.324114908323736E-4
-0.004490266363779559
0.0024817206654558868
-0.0012359457572167364
-6.107306634765886E-4
-2.5673948521761497E-4
-3.97234204155497E-4
-0.0033077846106990367
0.0023188855370395904
2.8200233297545575E-4
0.001661301877130308
0.0030655858557034287
0.0011811020909899474
-0.0011493739412628053
-0.0016871297384261443
0.0029358550187793863
-7.660992196767045E-4
0.0012244727605582317
-0.005150997364842664
0.005325961073298158
-2.614586201497831E-4
-1.788913148029383E-4
0.003024420750725734
-0.003717988976332501
5.039098565831259E-4
5.788249642078305E-4
-0.0037250267434246675
-9.26238863439937E-4
1.7659284645611412E-4
0.001800366470156474
-0.001507574835946878
-0.0015861452478149723
-5.89841293215852E-4
0.0010128454078150622
1.6500000748201262E-4
-5.271605660170215E-4
-0.004005744153869047
0.002590602673965465
8.545797742676054E-4
6.387963123007523E-4
-0.002170751167950833
7.114417615712507E-4
0.004105411622505811
-0.007581592174371033
6.210793083851991E-4
0.00432332198913865
0.003811358249083718
0.00242268615329805
0.0014941824041580331
-5.401592748340979E-4
0.005449101681491728
-0.001333206181479054
0.001343520414067943
-0.0052952714476791835
-0.004604277528180566
0.004023562550951806
-0.0012145064560085128
-0.0010316924043036581
-0.0011978350203797538
-0.0011928516081243865
-0.0012124574817312188
0.002758737407577137
-0.003509876456859069
-0.001876393815678125
0.0017969596893489207
0.0032821987691833065
0.0026746517662754408
2.536669125185139E-4
0.003065810245964691
-0.0011646361119235157
-3.805560785067215E-4
-4.941953956297137E-4
-4.7250035869937645E-5
0.0014926548921042285
2.7716444677725505E-4
-0.0014898874115703174
5.834659478607285E-4
-0.0021638504533080297
8.668428606052348E-4
0.003957479024017812
-8.837209924802798E-4
-9.957759025558033E-4
-0.001185451991754463
0.0013727441095758588
0.0022954186055165575
-2.5306215475261087E-4
-4.040053331856047E-4
-0.004630208563666182
6.68398180648808E-4
8.314026927755019E-4
-0.0011591263606811578
-0.0017652388063340693
0.002118057898598821
-0.002333992305317867
0.003983480137211492
0.001541407077423386
-0.006232725692081784
-4.1467272989581484E-4
-5.428473423950528E-4
0.002200005404907005
-9.616880455165992E-4
-0.003058884740774334
0.003206210913674505
-0.0030134960658991807
-9.205748015504384E-4
1.6539772343848822E-4
0.001982455406133645
-0.0011789843700129906
-0.0026648879192343496
0.002401993537564566
-8.857656398686123E-4
8.322108279989954E-4
9.494566250168816E-4
-5.205007731556794E-5
-7.634216163768808E-4
-0.003214248786882971
-9.936463214387427E-4
-0.0016637800655333384
-0.004517396580569521
0.00448073294322907
-0.002235626732836171
0.003038607134276668
0.002474271891129818
8.613260236538531E-4
-9.929882626294635E-6
0.004407383893452081
0.006986933215487214
-3.685907216021703E-4
-0.0018248887022372109
-0.004338772890558788
8.506572663682255E-4
-0.002477346806956269
1.460221788720437E-4
0.005935370475478067
3.8468487219548873E-4
-0.005801861729708188
-3.0008502291824744E-4
0.0013472315102346887
-2.697916262815389E-5
0.0029416262207125196
-4.28902133872351E-4
-6.660448647958939E-4
-0.004573588853281765
0.004837591149691919
6.615728995502486E-4
-7.426443802113587E-4
1.9418668292075537E-4
0.0012530887974345562
0.002553119524464589
-0.003388227364701497
0.004977595284822415
-0.0012680183502684055
-0.002196992462345005
0.0018933100123169015
-0.004207022117753384
-5.344564922106182E-4
9.753445619109513E-5
-0.0014964189192108925
0.003923654314221111
-0.0027379869188553776
-0.0025454749254851796
-7.359395484679023E-4
-0.0013112878301678806
1.4643252304548122E-4
-0.00106653129375739
-0.0014257804810862203
-0.0021760034230342206
3.5304154288450526E-4
0.004032130050293389
-0.004744221559751418
0.0019737126159164488
0.0028346323306633467
-0.001470986583137579
0.002190704079152672
0.0010765542838805618
-8.88370982920353E-4
0.001305305762599832
0.0020812763197995314
-0.001497656303692878
5.29476834832449E-5
-0.0010391296742345599
-0.0010889462698193298
-0.001350007728668722
-0.001097712987278886
-0.0015391057263446045
0.004013532486891113
0.0016890967256979355
-0.0027071173854742833
3.347927294028777E-5
0.00329607605922681
6.988867464919565E-4
8.051416743790107E-4
0.0014780441223253946
0.004431480417110759
2.4838942749797496E-4
0.0016388373404308165
-0.0010413295819469751
-3.2546596677980946E-6
0.006306699477965701
-0.0032164788687511943
-0.004063791939540923
-0.0014299136352458972
0.0012189881463739144
-0.0024022168203590333
-0.0032972136499557544
7.443618245023555E-4
0.0035224622943850173
-0.0038117909932081323
-0.001777368995437794
3.025975096891322E-4
-0.0027033218513255216
0.0016942652155364233
0.002027045044458415
-0.0020428662116623057
1.6803160357920215E-5
-0.0011964827932293975
0.0020522933600846515
-2.791329918684874E-4
-0.002396682405749753
0.0018446150007140549
-5.650702862508104E-4
0.0011495540511575284
0.005171304385517311
-0.00255123117087351
-0.0015773245571410813
7.935203478122437E-4
-0.0024113926675282515
2.6429364247828636E-4
-0.001326066319365743
-0.004341386179955269
-0.0030279931094537157
0.004128534929487374
-0.0017313608941915248
6.26765912843401E-4
-1.9014826020351546E-4
-0.0016070775561877297
5.369281883270995E-4
0.003770150077755433
0.0021629188952418527
-9.586196101862982E-4
-0.003580094865193213
0.001804603641370505
-6.392873312663925E-5
-9.444671099239951E-4
0.0024900309243560325
0.0010530495923855643
-0.0013749096085723174
-0.0015214205265865297
-2.2427187652231866E-4
0.0013517270238026192
0.00238073105844223
-0.0013541634114763593
0.002576439707692962
-2.786910002861359E-4
0.01580008376655552
-0.005844859337427554
-0.009011042778746365
0.010611390671254536
-2.1097258938987179E-4
-4.031886733950514E-4
-0.0034245178573325055
-0.0024778209797714995
-0.0033439056598500378
-0.0025247029155358956
0.0021069256370004337
-0.0016950613570611943
0.0010353978809357514
-0.002512418887330267
-0.0031307342553436156
0.011939957177720771
-0.003170348989365118
0.001249650698776678
-0.0011301879266806276
-0.0018793676072133704
-0.004014282697925733
6.794703906075638E-4
0.008012002450924257
-0.0020242610550845527
6.595811957130328E-4
0.004661308924050972
0.002947058118506143
-0.00611826817076842
-0.006136963912867307
-0.0010363746960336943
0.0010015762863858236
8.373048636153685E-4
0.010053644800170472
-0.0054337721267289415
2.678227903254501E-4
-0.002967095543469395
-0.0016013439401740923
-0.0014871800090642557
0.004696389428109907
-0.003413712737951312
-0.0019153954058728703
-0.002168042196321806
0.00232676965591331
-0.0022104634038887525
0.004047929047930201
-0.004073538964714915
-0.006708252461360215
0.0070033086876765665
0.00289811199085692
-0.003379647247260935
-0.0025225551449965353
0.004016978940263427
-8.27007985869866E-4
0.004790443519090401
-0.0024135073130127733
-0.005068771007516827
-0.0067130941237925
0.006508889999931792
2.0545031472581814E-4
-7.501622310516114E-4
-0.0012892402575519772
0.0015230060000840304
0.0011414927687980617
0.004010116441799066
0.017738498066815822
-1.0865382125761032E-4
0.004135046642704289
0.0038166006799552903
-0.002798595391200653
-0.0031519146342235014
-0.005409110689660039
-0.002049007297556557
-0.0015882090700277938
-0.004541372944655514
-7.667934375680534E-4
-0.00549958760784671
-1.325042736814025E-5
0.002535652077875267
-0.003963601139878963
0.011223105950207035
-0.005895292720470785
0.0036650009191395733
-0.0011876073459383928
-0.003235708066089958
-0.0023714121428017733
0.0019350383541223144
0.0030523368909460215
9.635821249721027E-4
0.0018871784930177384
0.0032833088985542063
0.005273658029264557
-0.003573778712147615
-0.005221752832622549
-0.0028784217360640213
-0.001985184099666492
-0.0028992071119711294
1.2703629192408698E-4
-0.00675754570051739
0.0014247352111517206
-0.006107039796360791
0.00406046197293492
9.855623587375242E-4
1.2200370684682573E-4
0.0013094257736057909
0.004766486612689015
-0.0028786618387765367
0.005069771639563051
6.286073126701786E-4
8.767065640900504E-4
-0.007417450660607128
-0.002065220179477528
-0.0021679908867753743
3.115714241417155E-4
-1.1492379008977384E-4
-0.005375588443915835
0.002836063568310563
-0.007299852401725441
-7.227882761459026E-4
-0.003380101340737968
0.005303415470614463
0.002029971972552778
-0.005831680310624155
-0.003578569425390891
-3.1563989805767634E-4
-4.897227892390046E-5
0.011464777735159627
-0.0056865927803431155
0.018061474494919166
0.011508774864667653
-0.0051544056492614275
0.005074372013208765
8.53071833795847E-4
-0.001259511019909761
1.3483404467788587E-4
0.002094256027525284
-0.004285701445018612
0.005036695505137648
-2.2430791545783191E-4
-0.00739239402549125
0.0015765924998132176
-1.88768343877621E-4
-0.004650414196408459
-6.151976991096437E-4
0.0027642966252108287
-0.0035432747624105383
-0.006839004867750089
0.0010802055418500153
8.926761255176631E-4
-0.005392742341589001
0.001598035477565718
-0.0011109864995264142
0.003951591166040134
0.002324181731426123
4.2239322974879537E-4
-0.001790566388830616
-0.006570880004949463
1.883574810056458E-4
0.0029836816155238543
0.00297256931687713
-6.171923417708268E-4
7.769165038606055E-4
0.0031680421767638764
0.0030403841067251835
1.1008522088207392E-4
-0.003253387378386284
0.003244308536424839
-0.0010513245171564906
-0.008908002836384068
-7.001017333517364E-4
0.0023077247836169384
0.0023364863490148873
0.0020539574065885696
-0.0044308012924112895
-0.006120377656401613
-0.002571804275329974
0.004362584318761055
2.8555671438376716E-4
-0.006049022170371163
0.0013561964811628574
0.0
0.001284105267728999
-0.003062744329665211
0.005843769167671239
-3.605726893712816E-4
-5.68885115123369E-4
-0.0011339667606721656
-0.006309990894251049
-0.005687755429319515
0.0071915351881811
0.002530569955045814
0.003927914652811494
0.010567362650341285
0.0039713493556040695
2.588085591122035E-4
0.009760934244071031
-0.004963118838285818
-0.007869929493345133
0.0033646267665258635
-0.004788730640942389
-0.005580357142857144
0.001126204186751475
0.0
0.0010676686692777677
0.008357285286917576
-7.576271128656711E-4
1.5395299029613845E-4
-0.0013100375426111448
0.003769544845376262
-1.9504240147755897E-4
0.0020005572480471935
-0.005418315064552622
-0.005008735254173055
-0.002902463199766213
0.005003478644669417
0.0018146367450094674
-0.0020012184609094403
0.007837867413729636
0.0
0.0028650293348258123
-0.00492718257004183
-0.0021944840370567817
-0.004197252063896419
0.0019174066309172217
-0.005128356334697852
0.005808245483998847
0.001862285193867609
-0.004043843916829678
0.002465203627051886
-4.389966311348504E-4
0.0014305441539943582
-0.0045757302547880865
0.0049560260691643085
5.947685469650573E-4
0.0
-0.012172946349093796
-0.0015782871574292839
2.7290714370186916E-4
-0.008585455417479263
-0.005705312788851508
0.005389775534761711
-0.0028275317347856667
0.004092985173986778
0.005932206465042189
-0.004437336871345467
-0.00187317976943198
-0.0068576898484014005
0.004919828568683626
-0.0014454992330906508
3.5328152502397915E-4
0.0
0.009023916554811792
-0.005663716084586766
-5.587310573089621E-4
0.002825212391653265
0.017085307981653062
-0.002274738063455019
0.0
0.0
0.006757020703339691
0.0
0.0
0.0
0.008214636175013782
0.0
0.0
0.0
0.006230981727730926
0.0
0.0
0.0
-0.011943987336752454
0.0
0.0
0.0
-0.013084569093678177
0.0
0.0
0.0
0.002940959716788234
0.0
0.0
0.0
-0.0026299955820373814
0.0
0.0
0.0
-0.0040710487676929264
0.0
0.0
0.0
0.009912121672470147
0.0
0.0
0.0
0.0
0.0
0.0
0.0
7.836682098215735E-4
0.0
0.0
0.0
-0.0038119005251403045
0.0
0.0
0.0
-0.003237935063529546
0.0
0.0
0.0
-0.009803542099426282
0.0
0.0
0.0
0.011987364281107646
0.0
0.0
0.0
0.0017562259819851025
0.0
0.0
0.0
0.0
0.0
0.0
0.0
0.0
0.0
0.0
3.466382186021258E-4
0.0
0.0
0.0
0.0
0.0
0.0
0.0
0.0
0.0
0.0
0.0
0.0
0.0
0.0
0.0
0.0013520537923757305
0.0
0.0
0.0
0.0
0.0
0.0
0.0
0.0
0.0
0.0
0.0
0.0
0.0
0.0
0.0
0.016372018636622784
0.0
0.0
0.0
0.0
0.0
0.0
0.0
0.0
0.0
0.0
0.0
0.0
0.0
0.0
0.0
-0.018070710647600574
0.0
0.0
0.0
0.0
0.0
0.0
0.0
0.0
0.0
0.0
0.0
0.0
0.0
0.0
0.0
0.0
0.0
0.0
0.0
0.0
0.0
0.0
0.0
0.0
0.0
0.0
0.0
0.0
0.0
0.0
0.0
0.0
0.0
0.0
0.0
0.0
0.0
0.0
0.0
0.0
0.0
0.0
-0.018985057984306115
0.01562995493948295
0.0036429819615409723
-2.8787891671781904E-4
0.0
0.0
0.0
0.0
0.0
0.0
0.0
0.0
0.0
0.0
0.0
0.0
0.0
0.0
0.0
0.0
0.0
0.0
0.0
0.0
0.0
0.0
0.0
0.0
0.0
0.0
0.0
0.0
0.0
0.0
0.0
0.0
0.0
0.0
0.0
0.0
0.0
0.0
0.0
0.0
4.971667461128198E-4
-0.004897566856651939
-0.009887001708662585
-0.004697656165104408
0.011915005995363702
-0.0013115276485845234
-0.0017933249630490717
0.006819801555752918
-0.01570996433357713
0.01380741522443293
0.0019078476640696051
0.0036376834066155408
4.952944269943265E-5
0.0031398901476394256
-0.0063757575862120365
0.0028984590791553567
0.0
0.0
0.0
0.0
0.0
0.0
0.0
0.0
0.0
0.0
0.0
0.0
0.0
0.0
0.0
0.0
0.0
0.0
0.0
0.0
0.0
0.0
0.0
0.0
0.0
0.0
0.0
0.0
0.0
0.0
0.0
0.0
-3.128915871819949E-4
0.0033309865291821558
-0.005311106767315913
0.002790178571428572
-0.0016896839195897693
-0.006568205082202761
-0.0013887292511878151
0.004749051396328407
-0.006268349412582246
-3.9036611562340046E-4
0.0027077451871886575
-0.005936031367645595
-0.001647158299916895
0.0
-0.0034372277585396245
3.8672989335211195E-4
0.0159657671569882
-0.0033237882516498666
4.0096974594284866E-4
-0.001127942655917483
0.009096673490451282
-0.008086260511937029
-8.829416925941335E-4
-0.0014389989345046387
0.00529344592144606
0.0011812302648075044
-0.0016972912175951668
-0.006570709931707471
0.008594979026622608
-0.0034267148564994677
-0.007359099507603511
0.009010636893233271
-7.299597362291654E-4
-0.00740875279012686
-1.9542674644186433E-4
-0.007375825060779247
0.003988553584807924
0.0
0.008370535714285716
0.0014483259253392916
-0.009454454731216111
0.002723433050379473
6.988185353361694E-4
0.007940050809570073
-3.858543979518241E-4
-6.306977352918646E-4
-9.650918595672103E-4
0.00561932739942644
-0.0010210463835531166
-3.3303829885238773E-4
-0.0010612996720792294
0.0024649137971841676
0.004389837417380751
5.433909899593093E-4
-0.0011667112782516296
-6.266269814490049E-4
-0.006274654333507688
0.0028701818316930437
0.0035040341422777335
-0.006475319226675125
-0.003737260267618246
0.0051717828199095775
-0.0033057780164524805
0.004769714543316506
0.009379569069866846
-4.119506475278999E-4
4.3233203088216424E-4
0.0045019189968028075
-0.003439536783052383
0.0024178791423023656
-0.0015993068455623252
-0.005113628325134619
-0.0013908031020047474
5.829360905416285E-4
-0.002356012772447536
-0.0030029836559835
-0.002992574958785921
-6.218375820646349E-4
-0.00503067765988361
0.005396414852650175
0.00453264670229927
0.002093965636710471
0.010187598056715376
-0.0010288298226749336
-0.011926008138274906
0.002568958674414007
-5.740851682123726E-4
-0.004179939972107208
0.007570267902955976
-0.004286085177021729
-6.975550407106587E-4
0.00234552580702855
-0.002367854174471223
0.0029684133370994105
-2.2317213898532693E-4
0.0037543643820712
-0.005433911390647922
-0.004090127932859315
-0.0013420384968309254
-0.005837934735521823
0.0024161649526031103
-0.0035026851946870275
0.004027416888191603
0.0034435823851489307
-0.0020383235766169975
0.005361972684683176
0.003725552730467686
-0.0018358951913264665
-0.0023844919303238174
-0.001533005866518184
-0.00744594950711999
3.214375875038732E-4
0.01310298049772175
-0.005700324008694468
-0.0010888237542254348
-0.0034891266736661974
-0.0024655765888043813
0.0023198776628909363
-0.0013885659296566642
0.0026486350836883547
-0.0013298961473979885
-0.004315953914538966
-0.00817280560576606
-0.0012485414744598106
0.006861785939278706
0.0027885373920097313
0.0027686908781014686
0.0073673945199384284
0.017105677022761282
-0.0015651898279537813
0.00300963513081102
0.00303116255362142
4.2389984624499215E-4
-0.004885547079214458
-0.0020417980332713363
-0.0016049916861304082
0.0012071818019932182
0.0021430082143882334
0.001126467127514043
0.0037124106926456893
0.0014340556427509124
-0.004900663297115937
-0.003574230501197857
0.0011868659205027366
9.845234212701515E-4
-0.007046327256563656
-0.006701878013498958
-0.0026512747087360953
-0.00434699401054054
0.0024939845074532286
0.0029027023331434434
0.002754337454864156
-0.00805295374478051
0.005949375346341661
0.002968591830875782
-3.9955448767669535E-4
-0.0014576650527298187
-9.643471745401895E-4
-0.0013197185654108207
5.403799642762861E-4
0.006473695884253995
-0.003797564567671816
-0.002390944572507853
0.0025260583328619132
8.287756145388334E-4
-0.0025619050648723126
0.005444648972042295
-0.006368649838044711
1.9435172638545932E-4
4.943120379249698E-4
-0.0025521127892268675
-0.005637371663540126
-0.0036301235060366855
-3.0859396700926457E-4
-8.268395793174545E-4
0.001023662537622177
0.0038220233874182354
0.0013432533116675596
-0.007027466975793634
9.790551524055829E-4
-0.00232865545849131
0.0036219708040449994
0.0066534723530252415
-0.004344680418052616
-0.004719069321086892
-0.0023596518342703632
-0.003907330700029676
0.0010549434274994738
-8.584425669967875E-4
0.005478285854633147
-9.041033614019776E-4
0.013123871415929295
0.007048738458610105
0.004511899348629925
8.95906558850138E-4
0.015929375349613483
-8.849895549169562E-4
-0.002531424301641373
-0.004537479012994703
-0.0031119354709686635
-0.002830311350838277
-0.006336948425395158
-0.004718126475862001
7.74731821106012E-4
-0.0035709011552690763
0.0020111791029438796
-0.006647183594983988
0.012091906977462007
-0.001168840298311413
0.002260193690792993
0.002324757957295715
-0.00883908535802532
-0.004223451480855418
-4.874017113539724E-4
0.004929705665861626
-0.001550349306240777
0.00323796383406652
0.006396494969685916
0.00605408369644306
-0.0027295168752558517
0.0031540027867654305
-0.002063119908609204
-6.266576320481821E-4
-0.010028209733471629
0.0022987323810017956
-0.006438891467523549
-0.0030429999513019784
-0.0041873304996649955
0.0035655472891138454
8.613868221648501E-4
0.005001932475845673
-0.00320182282273987
4.679001706700301E-4
-0.0027947603853258427
0.0025481017386345685
-0.0025856260548454794
0.005095943547677136
-0.0012150990081299224
1.1591055533737016E-4
-0.005266327125956241
1.1330719444020915E-4
-0.0017120082909964467
-0.004721530890023418
0.0018080565035672753
-8.215871493533165E-4
-2.016465781551869E-4
0.0017553695770860713
-0.0014274544336098111
-0.005234972719441618
-0.0021981414132524225
0.001212172713308066
-4.0395058794213175E-4
-0.004816423260356078
0.007146499526924835
-0.005580357142857144
0.01912506071461888
0.005841878750518342
-0.0011938551414730336
0.0028904856029077566
7.534285237876338E-4
-0.0024254199366187993
-6.162074864955519E-4
-0.0033817750996111913
0.005044595803628465
-0.001408135687026517
-0.00460138179721971
0.0034771402758452296
-0.002011489116778545
-0.001773259228866644
-0.0019165077965399191
0.0034012523856604086
0.004999530635236599
-1.0188240756765755E-4
0.0017974363056064246
-0.003973628750682732
-8.640604336788028E-5
-0.0010390422406798805
0.0016664695004519026
-0.001244516718365224
-0.001741996310392476
-9.609594414200636E-4
0.0033344217013055503
0.0032432928189853358
0.001532773626927844
-0.0024106465499139063
-0.0023345924849235127
-5.232080015855562E-4
-0.004023114997136146
-0.002059461215395325
-9.592954537547474E-4
0.002512431728517645
-0.0038530951249109158
-1.8381725860597276E-4
-0.001398916753033238
1.1317574219251087E-4
-0.003463796984840803
0.003493414153940674
5.851614678162153E-4
0.001522167699692622
-5.045116489258207E-4
-0.0011872430349904378
-4.17172630469107E-4
-2.810085834845492E-4
-0.003058937447993359
-0.0027642408078960116
9.420590391439644E-5
-0.0024695999367963114
0.005002256759595338
0.0061678836006547645
-0.0018091931528734333
8.491676425561762E-4
6.7160162279208E-4
-0.0025437649937013755
-1.8013224746614106E-4
-0.007672477882934563
-0.0023419126904498646
0.0036367436433831814
0.007046211540457309
-7.236979949120422E-4
0.005963173643724571
0.0011472518338528537
9.836191575751624E-4
7.610324551597042E-4
-0.001975609126928373
0.0025073178173243946
-0.0018232411695263914
-4.191465548178299E-5
-9.036703780231787E-4
-0.001682714934258626
-1.2184691655812898E-4
-0.0019333089571732997
0.0026975594519364136
0.0018510264453927255
0.0018603352705353592
-1.565189578343969E-4
-0.0017386586429895131
-0.0044932705248073536
-7.573724073251847E-4
0.0031778681373384222
0.00459237895954423
-0.006878972832538882
0.0012834936215641805
0.0013019331811245252
0.002135698137899848
5.255947111935987E-5
-8.708280426702902E-4
-0.0015713664078382393
-0.0012743134538385598
0.0018983795110280022
-8.374488405355363E-4
0.0027044787400395194
-0.003255005279344718
0.0017898090484205261
-0.0023138150871169693
-3.397850908068436E-4
-5.556548387039971E-4
7.901994020401697E-4
3.608328937912365E-4
-0.0016690408681903472
-3.4392230320514283E-4
0.002169424397480269
-6.32806204201693E-4
0.0023723052340015017
-0.003338800515691456
0.001184477821121371
-0.004347452795843382
-4.5853798522942025E-4
2.9637313072504575E-4
0.0010169193425619279
-0.0019342882917921383
-0.0023411872470705123
0.0015241510259129164
0.00213975085582661
0.001393090845264891
-6.613758941617122E-4
-4.935271784050165E-4
-0.0012874545561859427
5.046868260955364E-4
0.0019405035286417826
7.156020071268847E-4
-0.0011359599859136111
0.0039061164251776815
-0.0043245702627882875
0.005435065657355886
0.003918778655190415
-0.00215374348761151
-0.0020858878663386118
-2.1843760121234004E-4
-0.003157285804657562
-0.00680720034189424
0.004426825637746761
0.0015158038801459123
0.0012312297330660427
-0.002751594990492372
-0.0013504215109971416
0.00412871502304424
9.539132414890564E-4
-0.0025120566862413137
0.002623669042752435
0.0025197404218245973
-9.317153504374892E-4
0.0010833495992522443
0.0031073434274132236
-0.004700682433575686
-1.6456307653391847E-4
0.0030938267720876755
-2.602938543901285E-4
-0.00145479365006971
-0.004853704122160336
0.00721363117352912
-4.5153389916725633E-4
-0.0029787913889108434
0.004527371883389469
-5.392035807052918E-4
-0.005421943877128705
0.0018283538527110368
-3.690773813014718E-5
-0.001675931479805572
-4.0159779727906445E-4
0.001366251393369841
0.0013441495465279932
-0.0019961382078392143
0.0013549898606830656
-0.0018237955367064183
-0.0031057321069224947
-3.3783360896136967E-4
0.0038970269496593967
3.546721638562145E-4
-6.52369389346485E-4
-0.0010097935492208827
0.0017370407875584243
-0.0012748303594577737
0.0030558207536481603
0.002524403693705049
-0.001058099401414489
-7.242012543102318E-4
4.7868626313407126E-4
0.004619499690881868
-0.0032766896906195045
-0.001239946204062312
-6.979399251304352E-4
-9.266940144533483E-4
-0.004322309595811608
0.003711795069582805
-1.4888239108410794E-4
0.001363006654748521
-4.116740715045253E-4
-6.467532641317355E-5
0.0076842118613823195
-8.812713881547144E-4
-5.900417371934013E-4
-2.0692241576326497E-4
0.00297022896880267
0.003833259897665848
-0.0072008834800777076
1.7547293914939787E-4
0.0015880230903461338
0.0017944266185217917
-7.49746813396453E-4
-0.003070944533090415
-5.403708786580433E-4
-0.006183585616002787
-0.001370486588408269
0.0038173731873406822
-0.0015686660927318958
8.811002950862473E-5
-4.40125431653505E-4
4.2166842334735635E-4
-0.0021081023577513595
7.997795114286833E-4
2.4954709474738103E-4
-3.123633518861582E-5
-0.002538416606577088
0.0017801038444807764
0.0012079340952761636
0.0017952106202403437
-0.003318305196706091
0.002238813588662994
5.42898560464169E-4
-0.002466138463113603
-0.0011185718154039788
-0.0026348733504257824
-0.002702658059546414
-9.700431957710498E-4
0.0017841004547009055
5.904173743381865E-4
0.0026477913919579414
-0.0018248006613750002
3.7085450291833555E-4
-0.002736705074934023
-6.58848233251664E-4
7.974607489507408E-4
0.0015642007192939514
-2.482384203527743E-4
0.0013871675896714039
0.002513260978959838
0.0013502786733399757
8.902366063329756E-4
0.0037421923393837807
-0.0013026742746087994
-0.0034500240265740905
-0.001489945854271936
7.424049411530386E-4
0.0014995177782740213
-2.0234229345188637E-4
-0.0020667102692438514
-0.002000317490788793
0.0027964619351621453
5.947600721611444E-4
0.0021311291138921477
0.002860479515644732
-0.002577780113033337
0.001982034945341842
-0.003697072349326542
0.0028505052332600165
0.005211784797311105
-0.0014655839984248154
-8.938021523029333E-4
0.0028214140125769217
-0.00299982596458807
0.0013333200854938009
-2.4115201945512253E-4
-0.002667929828148412
0.001585128873100194
0.0035423960748104015
-0.0024223953716762904
-0.001963438771578668
-0.001214533394351203
-0.006308950753142579
0.0021307761710532545
2.839980548234797E-4
0.003090379566443973
-1.8623208292536069E-4
0.004023349724407858
0.00152785361439388
-0.001631460326715599
0.0011998974032423424
-0.004088574265297536
7.748893431860433E-4
-0.0014473525333501954
-0.0013577216509005887
8.577921272398573E-4
9.098927375323558E-4
-5.910094930118181E-4
0.0032552786937078025
-0.0013341085138741582
-0.0022063137190695475
-4.967377675285777E-4
0.002237812135895571
-0.0031689500699369436
-0.00242656559070077
0.0021288186435668376
-0.003547233275676041
0.001372343850536285
0.0029475791882562705
-0.00297366820527726
-0.004633031395578624
0.0035218690797883903
2.8044508281870376E-4
0.0031489060042343437
0.0024908129559242996
-0.0031553397784326795
-0.0014617209102999894
4.2653244889933033E-4
-5.863049430899007E-4
0.0034015801575808953
-0.0025509980908591297
-0.002326158457432284
0.002869443587583967
-6.123610880782466E-4
1.0065546841657631E-4
0.0010623211094497383
0.002226269341775373
7.576959559307189E-4
-1.2248625762278226E-5
-0.001685001081790232
0.0017793294948649423
0.0028501072962810016
-0.0017085094191195036
-0.0015017515301950781
-0.004957136007091582
-0.0033885617554627557
-0.0027258054683745874
0.005015758760348798
-9.74007052759243E-4
0.0011787025475334387
-0.001347493686797308
6.092668507370631E-4
-0.0027732889795708056
-2.8867645220524317E-4
0.0010267853173584378
0.010267139159543444
0.0011273822080003996
-6.245500512423127E-4
-0.003293908045673953
0.0027907670003713587
-9.288796060142159E-5
0.0058014474230359174
-0.0014185422613593273
-9.278395413262913E-4
0.003775615946031824
-0.002460360531092928
0.0014146308027598372
-0.0033581822722878324
-6.188464549212794E-4
-0.0029970110131337605
3.501721825723437E-5
-0.0012477858553713059
0.004309372878079374
-0.001346084039541589
0.002444575367909181
-0.0035524364058028956
2.881181022647587E-5
-0.002322998451447092
-0.001147243794963004
-1.2831308611099997E-4
-2.4820113515817022E-5
-0.003667259002788102
0.005321224223121884
-4.7395093510748613E-4
0.0037465161752328986
-3.5571791257681855E-4
-0.0012604130226590267
-0.0039039559960745793
-0.003686831948031699
-7.429003871095091E-4
-5.008100954259102E-4
0.004708454800673679
0.0014347108290820665
-5.240344237364715E-4
0.004033390989805704
-0.0022291056038686256
-1.7467422739400726E-4
0.0024641987697104945
-0.0010757103250186764
-0.0019991637942876977
6.129347357284008E-4
0.004162733883587716
-0.003117256049796635
-0.002000050534438394
0.001082308686976186
-0.005546880851798929
0.0011270738041230736
0.006866750993612687
0.004879162684317068
0.0011648872662298642
-0.00569392639268851
-2.1355073947082644E-4
7.63284531303371E-4
-0.002681022809051972
0.001146545700338929
-0.002287459614900515
-0.0036972163567306543
-0.0014613037265961996
0.0021066793580464087
0.00549687459032751
-0.002962379050132955
4.346696894461134E-4
-0.00502276903173443
0.003963977064036818
-6.177649611803118E-4
0.0013274405816133402
-3.827774579091034E-5
-0.0011055450822525198
4.665066662697677E-4
4.534986044182356E-4
-0.0012337692925364035
-9.444365130428165E-4
0.004625049877716383
4.7928106657072443E-4
-0.0021250169311964493
-0.0012488134840477718
9.633273539940042E-5
-0.0011232574416425076
0.0024363012287316223
0.001192738029874212
-1.6016648036652412E-4
-0.001233748334136572
0.002312541580681288
-0.00340334498281529
2.084243171819578E-4
0.003046479714414364
4.419672049588545E-4
6.15779777510561E-4
2.9634320241211394E-4
0.0011770753259659349
-0.004945928694051147
-0.0017495199852728552
0.002107366084318445
0.00301765805230054
-0.0017979270113363333
-0.002359781648813437
-0.0011927420954811808
8.427584287089511E-4
0.0037032439801336107
-0.0028319318076894836
-0.003234199501101452
-6.756087150396437E-4
0.004527170215873648
-0.003933228536572542
-5.624625673542319E-4
-0.002026413093743816
0.003030387132838757
0.0026738353019184567
0.006951260217615704
-0.0037655234269747314
-0.005207077726477823
0.002344969392397952
-7.898222160557821E-4
-0.0021903420697975337
-0.004240242140080017
0.0040025958742385456
-3.479362973442578E-4
-0.0045491183431100235
0.002420329465483287
-7.805958352450708E-4
0.0033354485327923636
-8.1201405703031E-4
0.001197441697238128
0.005942808265710097
-8.588910736346917E-4
-3.6674406761956317E-4
0.00401998858924935
1.1413569929395306E-4
0.001810117521570371
0.003835587996016585
4.99198260647323E-4
-0.004043565835818691
-0.0020674936562332844
5.620350983448609E-4
0.0020495538446137825
-2.605138643898819E-4
-0.0022548745837392137
-7.881832089790706E-4
-7.463589746380806E-4
-0.0037649558448717554
-0.002579601022559858
-0.002990931601012788
0.0024232771488892015
0.001351271488337095
-9.359222040106088E-5
0.0011109927960876304
0.0012755159895155369
-0.0021495697704611225
0.002859857344458585
4.1062661043631465E-4
-0.0011858335636679698
0.002797263437408103
-6.538146871960012E-4
-0.003332739146325308
0.0018305990188936638
-0.004393390072377666
-0.002326401770278794
0.00389877166397072
-0.004184353480404993
0.0032736977427566772
-0.0018450560935594803
0.0018361962451697417
-0.0011560308597869493
-6.664697196266701E-4
0.001187432774860041
0.0013123354538019773
-0.0018340572756975278
-0.002599590087326922
0.0021027953808062214
0.002078108118459235
8.541028538795532E-4
1.3737006978032968E-4
0.0014190758368037414
5.647578503552766E-4
-0.005722180882726727
0.004924713546710061
3.612555643678921E-4
-0.0010866987006972438
6.129032176218204E-4
-0.003111887512928833
0.001964370056872123
-0.002319268417232848
-0.0010761887529194447
-0.0015170783554640885
-5.426679268571951E-4
0.002392254115879251
-0.0019365315999988948
0.007171019733762518
-0.0017359368441440919
0.002452968918916146
0.001412266102804472
-0.0030476511860224793
0.0025685247093737837
0.003925546011010922
-0.0027912874015083517
8.896516486000677E-4
-0.0021276609736379307
0.0031832120367663932
-6.642873847590005E-4
-0.00401282242807357
-6.40103757601524E-4
0.0017566091925146276
-0.002095283807460567
-0.0018782310791204725
9.897414004493303E-4
6.629915267657314E-4
0.001477721830597369
-0.0014985945920713457
-0.0012826001248920286
0.0015225702840625651
-0.0012492188451973707
-0.001254872494500041
-6.853618907447765E-4
-0.00407706102039342
0.002451956827442504
0.003760458554427265
0.0016048799010507735
-0.0030773195703629763
6.725649886813079E-4
-4.3561668922875545E-5
0.001989517627436059
3.5847400889983064E-4
0.0020140406396613767
-0.0018324776333338974
0.003003455366852233
-7.189189583513651E-4
-0.004307308134782386
-8.320565675939383E-4
-0.002079302053268518
-0.0017346542265878951
0.0050915990030728645
0.0018581418721568142
-0.0034644593999138182
-0.005025245741058049
0.006075771544907685
3.3576601430519145E-4
