-1.8024513248980972E-4
0.0017941838097091521
-0.0035304731690557123
0.0019165344918364142
0.002122894476051471
0.00117827096811296
-0.004768764277497771
0.001467598833333389
9.694908886899493E-4
-0.0011803934003882365
-0.0025699285159237265
0.0027808310276220454
7.039044280588622E-4
-9.055457893336473E-4
-0.002606704692507399
0.0028083460537822176
0.001151677275303917
-0.0013787818207202998
-0.0019231315837711029
0.002150236129187482
-4.4427200548306876E-4
-4.995141081422217E-4
-0.002833899250332337
0.0037776853639575818
0.002181093128726309
-0.0020132200909281257
-0.0025115663845947187
0.002343693346796583
0.001938412460040334
-0.0017977141209627224
-0.003117688016707951
0.0029769896776303383
0.0030421425086995454
-0.0018052831247758888
-0.0038460264520630625
0.0026091670681394306
0.0061430318862033696
-0.005404674060535934
-0.0028298515661491913
0.0020914937404818905
0.009097715305564432
-0.008151403638215895
-0.008153801541879998
0.007207489874531453
0.006350546445381093
-0.009640383810265519
-0.005697679406315734
0.008987516771200093
0.007277493211804513
-0.010293452005199375
-0.015484873755261936
0.018500832548656743
0.008667907389635472
-0.01545365741857271
0.005541098852182654
0.0012446511767546195
6.90872167802498E-4
0.0010769910109515255
0.015836655629138104
-0.017604518807892013
-0.01848052304543971
0.014828356925642156
0.0035355789288713524
1.1658719092623145E-4
-0.0024022251247931984
0.012488973547460825
-0.01717562475037133
0.007088876327703721
0.017114849757729228
-0.014208280979702375
-0.011314054028678248
0.008407485250651346
0.008280550623398823
-0.003326452559047564
-0.009705171174184608
0.004751073109833325
0.007008778243041356
-0.006342744039033455
-0.00873471683767618
0.008068682633668283
0.0014112539350462933
-0.0028671536023075804
-0.003954144920088137
0.0054100445873493976
8.240329116427298E-4
-7.455772813064797E-4
-0.0027245247683653946
0.0026460691380292695
0.0010107129817464532
-0.0028828452030631533
-4.6463182797332105E-4
0.0023367640492900706
0.002170605359346353
-0.001180816914094347
-0.002202023067270177
0.001212234622018274
0.004039394872057203
-0.002542250495785408
-0.0019275985855299069
4.304542092581436E-4
0.0037349381182464566
-0.0035323684787747275
-8.130099624391041E-4
6.104403229673511E-4
0.001538779835165943
-0.0030156873038230184
-0.0027895854872416626
0.004266492955898702
0.0019831046446260915
-0.0025363115758229404
-6.349282561500659E-4
0.0011881351873469764
0.0030961082473531035
-0.003887514841241779
-9.324008723598145E-4
0.0017238074662484911
0.002272906011993012
-0.0013486573231215407
-5.574713222706884E-4
-3.667773666008356E-4
-9.414523262605947E-4
4.034411687879667E-4
0.0015728024949293803
4.7511361587135813E-4
-2.2019946088864878E-4
0.004424858629891739
-8.733496949270307E-4
7.584702471088904E-4
2.5310682347981744E-4
-0.001506018678651226
-9.669637454082312E-4
-0.0013746477493652982
0.0
-0.0037620907833233407
0.0025678487182216637
-9.911643919562432E-4
0.0034763039596596283
0.0026554317358609587
-0.004327944673786448
0.0014960537825384906
0.0016239437057190328
1.732983001580062E-4
-0.0010442486467036423
0.003179117573934552
-6.487889956620531E-4
-0.0037389754997739677
-0.0022583749693798547
0.0026141724360293594
-0.0010062846288775022
-0.0029601313222515917
-6.634695117173663E-4
0.0032240805639615322
-0.001240866410489621
4.821026370157547E-5
-0.003245508858006444
1.5109967376950462E-4
-0.001756029089494277
-0.002652675488428816
0.0020603199005257734
-0.005745059541214152
0.0012161139218786199
6.529459380995829E-4
0.005243408365710521
-0.0011553354650642104
0.0023506571461678334
0.0023365915173208696
-0.0012826704483676179
-5.116745951648819E-4
0.001856097577794041
-0.002484494081727448
0.0023120261385980736
-8.34195851889632E-5
-1.7191492815717396E-4
0.0025618318966600805
0.0018033329504741247
-0.0029434253865455134
-0.005366196936194205
0.0021465689391343716
-0.0011895065642014673
0.001309727901870453
0.0015450005300150283
5.208140641530072E-4
-0.0022776299718851646
0.002377721947037153
-7.051785122646916E-4
0.002167366307268147
0.0012314008774512995
4.5649412824869963E-4
0.0029324428862039656
-0.0035877949848558133
0.0011395630908951054
1.383780943797967E-4
2.9814996884030935E-4
1.7507029771046591E-4
-0.006107650786972197
0.0019458056221559855
-0.002611046982131745
0.0017599175166903539
0.001512900962309078
0.001377075990122708
0.0011944776232555377
-0.0043912003144671655
0.0026725229183905625
0.0
0.0017085825095003295
-0.0013380431029522807
0.003834777991767753
3.019959399652058E-4
-0.0012058945503110622
0.0019252059353399977
0.0011811057378166858
4.563738652360526E-5
-7.889760300159266E-4
-0.0014406908097726369
-0.002367977915715561
-1.5325235121209846E-4
6.799004931737672E-4
-4.229759274056188E-5
-0.0039109262833309354
-0.0012724418036000917
-9.580297029228512E-4
0.0022570787024762625
-0.002856879797342395
-8.876485034022552E-4
-3.4422937082551975E-4
-0.004200758804095624
0.005180599231337473
1.929520303046361E-4
-0.0017421089509985761
0.0032955502407124694
0.001115235229351203
-0.0012747593955947931
0.002207920541778378
-0.0011372027968202872
1.8391878125146796E-6
0.0018168161145347536
-0.004210091636402588
0.002415275774343384
-0.004572015455331094
0.0025020147932892445
0.0019369623872495662
0.001534007869220189
5.072636835621374E-4
-0.005634155153780377
0.0023110237539299716
-2.9703002739059564E-4
-0.0011684633645090224
0.0032534331618472075
0.003995415501495006
-1.9485254450107023E-4
-3.3858553910094376E-4
-8.485727194999988E-5
-0.0018618495447699235
0.0016356977380019332
-0.004732016967125345
0.001554834377133469
-0.0020518421975429376
0.001673966285294095
0.0018033985344174045
-0.0014306859218451212
8.6270149557535E-4
-2.0336448964333557E-4
-6.952502861623459E-4
0.0010367817194136932
-0.0012322421060208806
-0.003079967024602682
0.0011261950446062052
0.0026589181423962134
-5.9778636704338256E-5
0.003968068039664504
0.001026430646222747
-0.00518820366017136
-4.8195800448993836E-4
8.257173318415943E-4
-0.002068158120303638
-7.301553770586418E-4
-1.887542101536581E-5
0.0017713270803033428
6.137168501009831E-4
-3.114281851569695E-4
-0.0013271327053460398
-6.388672215330371E-5
0.0016229956589384827
4.530122035141548E-4
-3.081532110690579E-4
-7.26055130029632E-4
0.0018560751511418083
-0.0013883415118680872
-0.0026665082845228993
-0.001763332806729423
0.004591601914637689
5.995570423587299E-4
1.6186721485360648E-4
-0.001972497782224732
-0.002602992986401649
9.638634389766236E-4
0.0010183772845693605
-9.128205609512816E-4
-9.936920280804507E-4
-0.0019429729047539047
4.252357576885373E-4
-0.001036806977881085
0.002219546816013518
0.0017097713244186197
0.002513452898378959
-5.708428495086494E-4
-0.004954154331247478
0.002103239193812876
0.002182967234224495
-7.291314076005727E-4
-3.982419414280793E-4
0.0021469035199671808
8.106890765890388E-5
-0.004417297712297166
0.002754484283576664
0.004036162495759046
-0.00464794436985224
0.0013391737343746088
-1.593073861409903E-4
-7.834488305897159E-4
3.8269459814775555E-4
9.599802171852707E-6
0.0014035413684350348
-3.7892263239135127E-4
-0.0028377691170161905
-8.432218453557486E-4
0.002311129545735888
0.0024539615858425153
-0.002923321587229654
0.0055476300785872725
-0.003265738484804666
-0.0011631156414077335
0.0024896570710561663
0.0044368852563239376
6.484187829873134E-4
-0.003734057440611698
-0.0020644669703624515
0.006446939694652248
-0.003606295324428071
-4.061417536089984E-4
-0.005361865103511963
0.003460906051434998
-0.0011343719634002878
-2.766084550101046E-4
2.2009360627630844E-4
-7.081526374731291E-4
9.132790215834498E-4
-0.0031120755785634504
-7.903129686834999E-4
-0.0029122152438976227
2.2186677173422254E-4
0.0036461694017445164
-3.694244698934186E-4
-7.686365209653165E-4
0.0011643898184463437
-6.536408300836327E-4
0.0035244040332050117
-0.0032458510801629033
1.488309503191159E-4
1.1457103390661964E-4
0.006452306216560371
-0.0013881758259222739
-0.002480729505507082
6.05259638507072E-4
0.0031311163587563417
0.0011973790729303416
-0.0048615193685206904
-6.0064266233129E-4
-4.6592210295253963E-4
-0.0044734514835905745
0.001171899754390033
6.8470546826199E-4
0.002735413892358032
-0.0041810254489526855
0.001936222485261406
0.0033455095645337756
-1.3424752950492124E-4
0.0025246212347601353
0.0012021894285543819
2.375840094563336E-4
6.801285783349263E-4
0.0010189634726964938
3.145541655851349E-4
-0.0029796423137218525
0.001761798535773117
-0.0017104920301084774
9.195802653008906E-4
-0.0030495914561171635
-5.346392259483722E-4
-7.181699096117928E-4
-2.831246831317639E-4
0.0019021647329868646
-0.0021905663048992934
0.006816682947531059
-0.003842935777122987
-6.0066477423201E-4
0.001999104624091359
6.474909322439241E-5
-0.0015129461634379243
0.0035103152658534356
2.992456094297797E-4
-8.008196259635678E-4
-0.0033109390800307925
-3.380281033755631E-4
0.0050943431950995505
0.0016300811264481681
-0.0048885734377569715
-0.0033078304155789344
-0.0033281129710635736
-0.0033652787293982234
0.003398549498368206
7.777232570329367E-4
-1.8884990158106723E-4
-0.0012214591040298466
0.0012798296866130823
0.0013449308112660407
-0.001223944530975714
-0.0020377237690769705
0.0032571226854397973
1.3808123145622872E-4
-3.7927720241431916E-4
-0.001952833361736652
5.246142997150358E-4
0.001053496516613945
0.0018386260292991379
-0.0023899868788225505
-7.224951599740168E-4
-6.659602854676811E-4
-0.0036343376643569536
-0.001143688652936561
4.632884674342653E-4
-4.944544731770911E-4
2.5640008524402055E-5
0.00172336256674194
-0.001566732174025737
0.0030795406166755183
0.002096181878918252
-4.512284706456646E-4
0.0022564515938746452
0.0017360287271255734
-0.004142556751410378
0.0018176665902840837
0.001197546540771085
-0.0026869571558134405
0.0014884987017743587
0.001074168512060789
-0.001861365735508643
0.0028847370957439163
-0.0017244541769812656
-2.5191103815872234E-4
0.001766579899217871
2.450933057477015E-4
0.0012082777633016743
4.066296644404362E-4
-6.477421885008961E-5
-0.0018014510021024423
6.792524635148298E-4
0.0019640298911316745
-0.0034091019381053797
-3.781347800528548E-4
-0.0020646086970201715
0.0020251670822556585
-1.7724376206651894E-4
-0.001064749814214489
0.003949772846290183
-0.0032638962328309733
-7.02491787181964E-4
5.613413299173104E-4
-0.0014970884625080559
-7.656638251990143E-4
0.001392841742100236
0.0022510598358273645
-0.0012677645488650066
-0.0018333809551841947
7.190106096407146E-4
0.0032448745171600717
-4.8398632048020536E-4
0.002279486174126827
-0.00498727997067631
3.661072586226082E-4
6.082446927770254E-5
-8.852613349105544E-4
0.001745854490784275
-0.0016223859284672656
0.0023537849158095808
-0.005451958038094626
0.0015020164735341764
0.0014261589373898882
0.0027626102535346702
0.0019561070693665163
0.0028932065945516815
-0.0013353152717977556
0.004727614795893016
-3.5441805835351376E-4
5.705298628657148E-4
-0.006435877215951159
-0.0021713983534393006
0.00170516044059987
-0.001271491321798639
-6.529029926609833E-4
-0.001940366438651303
-0.0022196400624969704
-0.0024315254959861483
0.007975391558281872
-0.002315465235310338
-0.0013947927752301268
8.235437176265835E-4
9.182557096879972E-4
9.197935314951998E-4
7.639777659284022E-4
0.0028349111711531644
-6.142598729786896E-4
0.0018235928664956966
9.146076462452121E-4
-2.163367570728286E-4
-0.0011212019488099807
-0.0024048504173316333
0.0012294943660972456
-9.063958021235278E-4
9.262191628539356E-4
2.976893830539083E-4
0.004671512424159691
-0.0012745398036956629
-2.7143523350933426E-5
-0.0021900541104783715
0.0038583489185905063
4.007111137430651E-4
0.002955397788234564
-0.001993064317997143
-0.0041711837137967216
-7.855776522354405E-4
4.944660786435507E-4
0.0014478203256972993
-0.0030260914419260694
5.970057378283306E-4
-0.0032685172973986837
0.0028629314550308862
4.498314851042028E-5
-0.006571525985528015
0.0037783561671340246
0.0017048849732426304
2.2893125995192797E-4
0.001503963347218473
-0.006133687745713413
0.0036079616343753637
-0.0047697606070176545
9.034029758061028E-5
0.0026099099560832235
0.0018425255646721947
-5.976741950961123E-4
-0.002973848820272354
2.6014316523301695E-4
-9.039757671273191E-4
-0.0022300699500789802
0.004858904306718304
-0.0016002508115601066
-3.6155539157155334E-4
-0.004341620327767739
-0.001004341494198903
-0.00232311504781198
-0.003408316168714796
0.003294948202347581
-0.0027940385514778256
0.0033059650186432156
0.0021122241831675282
0.003719106154306547
0.0015711987226729191
0.002448630269249688
0.003886058956784018
-2.8397281288334577E-5
0.002100272487033334
-0.00601675432688188
-0.00191036930996886
4.3909598240366365E-4
-0.0011533962837305626
0.0037163024586567613
0.0010554792846535694
-0.004002879151399087
-1.5292287438582308E-4
9.367049762525471E-4
0.0014675467338923377
0.0015043700386165218
0.0027454271860498235
-0.0026481264166477014
-0.004220503405954422
0.005648685588541657
3.253532914386571E-4
-0.001680466471337985
0.0022300089984465944
5.0610713693027E-4
0.0015827708060104008
-0.0038092493246841656
0.002155631298714566
0.0017130975028370728
-0.0021496859246758157
0.0020162012610399757
-0.005274701592953781
0.001667206094674179
-0.002541946597525338
3.3777217535419825E-5
0.003962112220025592
-0.0034750892814623927
-0.002628486684805071
0.0021716377604009884
-6.942249544776536E-4
-0.0014773848343805536
-3.775193201712673E-4
-0.0021822593631921016
4.486136959559726E-4
-7.547111275584472E-5
7.736723928646184E-4
-0.0048524276392702325
0.004557549486533442
-0.001253226452785289
-0.002974600769077078
0.004959416839888936
2.0477942209565052E-4
0.0022962382996915137
5.7869191833215435E-5
4.3883274258500965E-4
0.002196804176373669
-0.001570644920611816
6.192276559251648E-4
7.944797169459085E-5
-0.003990643166913096
-0.0014047273259050023
0.0010208085758665155
0.002662521755056951
6.889004299575566E-5
-0.0058916543436424934
-7.669469880007768E-5
0.006265934299384774
4.990221127544707E-4
-0.002775058119012844
0.002188123776097264
0.003920359423111948
-0.0023844158901099696
0.003015929844622077
0.0016724936955100028
0.0021374296754603367
0.0073349337667038845
-0.0070353804735624175
-0.003762519631048739
0.0033179746234074077
0.0015774180412719348
-0.0038632613103937075
-0.005503120588518375
0.002702213562406281
0.005129950123569383
-0.0011080556963102026
-0.003249634783055928
0.0010499592661704963
8.44646302352866E-4
6.24213503742738E-4
0.0015387814228336977
-0.005110467864587737
6.298643967252195E-4
0.0015743721409519531
-4.461414698608661E-6
-0.0015286922649448307
-0.0018364862662716445
8.720132531969509E-4
-8.713626955347883E-4
-3.59922548915433E-4
0.0031096385048763075
-3.050920958598208E-4
-0.002879857998988874
-2.5560729761660034E-4
-0.0014384251475335836
-1.5993976755430427E-4
-3.0564219313990604E-4
-0.0018659729789950738
-0.002096024409624953
0.002384515716749619
-8.383350454560096E-4
4.171590800083804E-5
0.0013889863284159234
-0.005032454650220935
0.0034172728551958055
9.891958196884465E-4
-8.991869956476153E-4
-5.216316857084599E-4
-0.001305466419647196
0.0035455697714710244
-7.97898107413114E-4
2.287728105310006E-4
-0.0033002473711152237
-1.0393199513974451E-4
-0.00279857263225755
0.002523611392759967
5.753260662007924E-4
-0.003148179706055878
8.342651777528557E-4
0.0014260414978524924
0.004474848783486111
0.00187584648106997
0.013203051552191057
-0.0058118913299705
-0.007500456923926764
0.007948720447258752
-7.380260606221032E-4
0.0015400727309214813
-0.0013031766234797846
-0.00420870764371092
-0.0037599963473425963
3.118377147500687E-5
4.8117785736386193E-4
-0.0019992007070910056
0.002473016933665797
-0.0038753605952088713
-0.0037607996143827717
0.013423424439062717
-0.003622923598228486
0.0020630488252446127
4.4935027658192257E-4
-0.0026655683463018484
-0.004921054164344267
0.0022158451149451065
0.007708817684433429
-0.001294632243692758
-4.759414066872522E-4
0.004020211789888349
0.0029230986001064405
-0.00686198342921897
-0.004254819728183356
-0.0010820126971973045
0.0016047346738681824
-0.0012108454117497418
0.011532840404938308
-0.006375844035254288
-7.967884496441785E-4
-0.001290006798493241
-1.881072081238275E-4
-0.0038113982772681283
0.005077815538290327
-0.0016311912759992436
-0.0012869975298114614
-0.0025209973265418514
0.0019634034422082083
-0.0021853986108574548
0.0014073959236290555
-0.0032051997388187893
-0.005612013760312028
0.006092636135909303
0.0054191393420845516
-0.002284609283114847
-0.004055250095081618
0.0028849033172809826
-0.002455732133584922
0.0028658470157804246
-0.001887654048287302
-0.0051201220434734015
-0.0049016832877177546
0.005100038134354246
9.987313005017215E-4
3.205522074905419E-4
-0.001079616246481645
0.0014906820904998545
-0.0019886692645553353
0.0067849367347863915
0.01587152328981368
3.7372777741515885E-4
0.0058084279491591555
0.004478428684597436
-0.0015690071420425226
-0.006504246397148717
-0.0055526664514485985
0.0012166241675448139
2.617893085681215E-4
-0.0053384783245050745
-8.39509778845695E-4
-0.005986946397287988
-0.0019134864886808768
0.002120842230009589
-0.004832372670551364
0.011503065548967299
-0.001814382902485408
0.0047907846676031336
-0.0045662876060293565
-0.006713033725763492
-0.0034379910671924734
0.0015804566953005405
0.0019187845026247138
0.0027491164536461014
5.572659485920807E-4
0.0032625906015316818
0.006539013576231371
-7.630675753984659E-4
-0.004610344585308911
-0.0014544180792348585
-0.0035434834949120944
-0.0026464070474204564
-7.069333052230954E-4
-0.004739201060014168
0.0011066368767668174
-0.006085121083088617
0.0024253300021338667
0.0011565259621985156
0.0033767997099124784
-3.2821930506911064E-4
0.0031399048192181575
0.0012828178678429016
0.005110225341919957
-0.0031665368288007895
5.295331363135442E-4
-0.008319260037179303
-0.0033658779375237537
4.295742987126278E-4
0.0021996277789814588
-0.003321120129664559
-0.004293582893597024
0.003961052126909976
-0.0032622603291318367
-0.002363371719696662
-0.0051469671615577885
0.004100708269661177
-0.0013601561361694283
-0.005098503905520351
-0.0032166250552470924
-8.146286844508193E-5
9.670808844181597E-4
0.012277401845862786
-0.003987388662163669
0.015833057829891386
0.009015716313002395
-0.003139088913092654
0.00823636292901792
0.0014368445321589786
-0.0013695623607141373
0.0029892934283318887
0.0015369656953914876
-0.006052505507669672
0.0024008850091907564
-0.0010160879169825883
-0.003298414812307644
-3.118795360093369E-5
0.0017046867148917699
-0.006589232387578639
-0.001554606027447297
0.0020804777027894662
-0.002865041910462993
-0.004322779878387198
9.250745923472482E-5
0.0012513857933825004
-0.009449792046601967
0.0013125685818016844
-0.0027553971085336254
0.0047619851139875866
0.004431182950193793
-8.620414473907234E-4
-0.0038212475633536804
-0.00515194333991858
-0.0017177027458417163
0.002787350439377393
0.005586956829340917
0.001081625062906389
8.918525282319702E-4
2.1454334125322835E-4
0.002224007827683742
-7.315997569600093E-4
-0.0019282064151072238
0.003186725069299167
0.0011101707066969754
-0.008260263121539765
0.0019400749031467982
0.001982599741872397
-6.092239403710925E-4
0.004279653379410443
-0.005883738226831508
-0.003684644927753726
-0.0031789626104702573
0.0027493320951231625
0.004466388108311306
-0.008024112894359881
-9.72139039045034E-4
-4.973532281644742E-4
0.0011124341094921131
-0.002560974867876713
0.006790275481353727
-7.171687635109114E-4
-0.002917016909971838
-3.516014241982204E-5
-0.006153417769724577
-0.006623527943034648
0.008835747368705913
0.002307385355333478
0.002307260794716364
0.011668897111395102
0.0034223014279928157
0.002148162991838241
0.009048610331119906
-0.003110159711868291
-0.008757326839627719
0.006867739332324663
-0.007801493694426302
-0.005580357142857144
2.0478243599023104E-4
0.0
4.732078410574561E-4
0.008902748899843665
4.4001690384183796E-4
-0.0016407788366098659
-0.0026264810500497004
0.005286520323234725
-4.023248423160337E-4
-1.385743525852308E-4
-0.005604555074944156
-0.005489672443085793
-4.8981259775890493E-5
0.0041286247668999194
0.0029464320091823746
-0.0020984633047503765
0.008911921663863039
0.0
0.003032794138879528
-0.005262701027833999
-5.454996713923831E-4
-0.005262429356548708
0.001580319829478597
-0.006040343080270265
0.0033209408257103834
0.0019167660362748617
-2.908853587092002E-4
9.083044492834637E-4
-0.002052761223737918
0.0013837031564331577
-0.0026292051314734284
0.0033675734338574435
2.40866775579473E-4
0.0
-0.010973084360429269
-0.0031500865009071923
-7.668271540235956E-4
-0.006158203010003586
-0.0061823328359736866
0.005580357142857144
-3.7751036412205603E-4
0.004240945025676406
0.0026513901575764337
-0.003575831708206327
-0.0034538834837932473
-0.009711255747423164
0.004894369051024297
0.0030916286595706185
5.972028821888242E-4
0.0
0.009156464221968691
-0.0065930181180177795
-4.204590857525962E-5
0.0033022910046748345
0.01816110555485645
-0.0038410186787418994
0.0
0.0
0.00596340704726511
0.0
0.0
0.0
0.008167299701204276
0.0
0.0
0.0
0.005804560055042995
0.0
0.0
0.0
-0.011267359413876948
0.0
0.0
0.0
-0.014312952806934773
0.0
0.0
0.0
0.0026688115082345813
0.0
0.0
0.0
-0.002589897765693055
0.0
0.0
0.0
-0.0012196183541794583
0.0
0.0
0.0
0.009954773757621566
0.0
0.0
0.0
0.0
0.0
0.0
0.0
0.0016893818414763923
0.0
0.0
0.0
-0.006103056746915309
0.0
0.0
0.0
-9.143558301493994E-4
0.0
0.0
0.0
-0.009759120198487327
0.0
0.0
0.0
0.010932611498311658
0.0
0.0
0.0
9.855157070797033E-4
0.0
0.0
0.0
0.0
0.0
0.0
0.0
0.0
0.0
0.0
6.90872167802498E-4
0.0
0.0
0.0
0.0
0.0
0.0
0.0
0.0
0.0
0.0
0.0
0.0
0.0
0.0
0.0
0.0010769910109515255
0.0
0.0
0.0
0.0
0.0
0.0
0.0
0.0
0.0
0.0
0.0
0.0
0.0
0.0
0.0
0.015836655629138104
0.0
0.0
0.0
0.0
0.0
0.0
0.0
0.0
0.0
0.0
0.0
0.0
0.0
0.0
0.0
-0.017604518807892013
0.0
0.0
0.0
0.0
0.0
0.0
0.0
0.0
0.0
0.0
0.0
0.0
0.0
0.0
0.0
0.0
0.0
0.0
0.0
0.0
0.0
0.0
0.0
0.0
0.0
0.0
0.0
0.0
0.0
0.0
0.0
0.0
0.0
0.0
0.0
0.0
0.0
0.0
0.0
0.0
0.0
0.0
-0.01848052304543971
0.014828356925642156
0.0035355789288713524
1.1658719092623145E-4
0.0
0.0
0.0
0.0
0.0
0.0
0.0
0.0
0.0
0.0
0.0
0.0
0.0
0.0
0.0
0.0
0.0
0.0
0.0
0.0
0.0
0.0
0.0
0.0
0.0
0.0
0.0
0.0
0.0
0.0
0.0
0.0
0.0
0.0
0.0
0.0
0.0
0.0
0.0
0.0
0.0030186807480181406
-0.002646866975416273
-0.009664809568204317
-0.009187527249837256
0.012825806201256387
-0.0023440290602655396
-0.0029177295650245974
0.007264309349675887
-0.016027217353698258
0.014365341008245047
0.0010358100621279706
0.004161645212196603
-0.002219494720369473
0.0031145285748975797
-0.005628895679270366
0.004850449015668495
0.0
0.0
0.0
0.0
0.0
0.0
0.0
0.0
0.0
0.0
0.0
0.0
0.0
0.0
0.0
0.0
0.0
0.0
0.0
0.0
0.0
0.0
0.0
0.0
0.0
0.0
0.0
0.0
0.0
0.0
0.0
0.0
0.002790178571428572
9.658322883300843E-4
-0.003527508683169087
0.002790178571428572
-0.0016862883451616568
-0.00695764938657497
-6.41314816250307E-4
0.006638385572570661
-0.006180979976492293
0.004364395320197183
-0.0016359839801669968
-0.00621224093174221
-7.856531367777551E-4
-0.002790178571428572
-0.005611695541630928
0.0
0.01351028193598147
-0.0017934287037851223
4.547914220464634E-4
6.541615470135637E-4
0.009481006579035235
-0.008099104760397553
-6.346745867267254E-4
-0.0030912562921764876
0.0026944895574473123
0.002184800272526754
-4.65460564310407E-4
-0.007331558830688263
0.009065764518801396
-0.0024978730074990334
-0.007050003567307437
0.00774642140568094
0.0010258727296395729
-0.008355790300655114
-4.032176307167299E-4
-0.008294082151965988
0.003983629041795752
0.0010004966108077776
0.009165906978011415
2.1530837763010903E-4
-0.008222493280765518
1.6124699303906318E-4
0.0017793260475567115
0.007317730302297721
0.0016131880176863973
-6.849688014813138E-5
-0.002869244368331053
0.005486198442989395
4.57740134117253E-4
-4.89873162033176E-4
-0.0021762737022183475
-1.108799023520385E-5
0.00288925824409979
-1.56759828078096E-4
3.1622473037860865E-7
3.817139341455089E-4
-0.008028526912945713
0.0028662044308721585
0.0029618371274100245
-0.0034284103246068403
-0.005492617920160564
0.005457897705124362
-6.608543876052132E-4
0.005546023618309916
0.01445150076883636
-0.001230188078262538
0.0036929636906169187
8.697969899761192E-4
-0.0031927345946075724
-9.423903886374048E-4
-0.0030445938483086923
-0.0024935410465896576
-0.0034322876714318784
-0.0023756363548097753
-8.827531801905183E-4
0.0010384686123744713
-0.0030636100325806964
0.0016673507045071147
-0.008619111084181268
0.005154540388495795
0.004641872171656615
0.0028249912781149506
0.007265654496976292
-6.491242697873589E-5
-0.010334087614602956
0.002660230287009975
-0.002329212364325029
-0.004209947672324833
0.008289370244612806
-0.0031728587829052183
0.0019040533562297377
8.696689818274356E-4
-0.005317914597297256
0.004039888611911564
9.165098367745978E-5
0.0053305265938780235
-0.003164095613651989
-0.007097757166666618
-0.0029340817444576187
-0.006541576087979986
0.0011588044404472501
9.96527379742812E-4
0.0022998484097724995
0.005121466786672603
-4.762567688373898E-4
0.004393702030150985
0.0022044775196498377
-0.0034822041504741037
-0.0015739631725691843
-0.00301611073277024
-0.004111135227231872
-9.532706521682976E-4
0.010560607909983106
-0.002709292285881874
-0.0022968360775657663
-0.001153798066985998
-0.0037199016098221575
0.0019432644340084096
9.606679888340561E-4
9.173184330283231E-4
-0.0017082187572354725
-0.0033613794706679897
-0.006303733266936057
-0.0048184663700351115
0.005161465520499238
0.002053205976108292
0.0023969691732554366
0.009167002797117279
0.019202867681258052
3.054859531618123E-6
0.00225602551458081
0.005027937181453616
-4.104378840399979E-5
-0.002912656273823556
-0.004108478714484624
-0.0011500674759838997
0.0029149741407082947
-3.732814009412518E-4
-0.0017550226146415202
0.004941030240444299
8.405569487361039E-4
-0.006045387551953665
-0.002941665686247574
0.001256006697496535
-3.059407763804252E-4
-0.006964675173554184
-0.0063456926797961066
-0.0024716107488547217
-0.0041007344023282245
0.002254044978439443
0.004483460510284143
0.0020208606257284224
-0.006127203448193487
0.004565346246618345
0.002735017956207834
-0.0032864505686598516
-0.0032104327767522754
5.134331484181742E-4
0.0026326933614219603
-6.003972323014211E-4
0.008855210134794744
-0.004640026632586132
-0.0025233636108210394
9.807871557204924E-4
-0.004647024121749098
-0.0014540405008086842
0.006364435679857748
-0.004779543635531963
-0.0016992724902769785
0.0021212500427854326
8.444288952856019E-4
-0.004344362019041054
-0.0025482431893825903
-0.002439269265213175
-0.0017576450555602569
3.526245838487124E-4
-9.695183820556362E-5
0.0011240653731234796
-0.00803310853164273
0.0022119727147769178
-9.258320896710455E-4
0.003875909521249445
0.006501374541926959
-0.00470711741374863
-0.004937996018512962
1.265534004427967E-4
-0.004136103317389225
-0.0012940802190208552
0.0038358442774007774
0.003902935189238505
-0.0029510730866581627
0.013911092747341681
0.007938707785397093
0.004203485550622458
-1.4254197899783803E-5
0.015527246063347037
-8.969843292852878E-4
-0.00203602002563775
-0.0028916741729780385
-0.0046529030455841405
-7.721411509862119E-4
-0.005608987384330266
-0.006506687309583986
-0.0017583234627785986
-0.0018239867793898674
-9.802960063613354E-4
-0.004938206061313411
0.013491575150160917
-0.0024885057592909806
-0.0013198602601359952
4.1899324080707555E-4
-0.006325261623532469
-0.0024960059070838416
0.001979526183729588
0.002520855842869627
-2.4111839445873197E-4
6.720732278388257E-4
0.005067497333663576
0.00805852864227078
-5.573071861889553E-4
0.002175040121985976
-3.745883350298549E-4
4.3739961543311044E-4
-0.010853719301925302
-9.636644380833195E-5
-0.004285846146709477
-0.0012295737594071616
-0.004237711466350162
0.0023046644594617235
0.0010749833772826488
0.004817184019796935
-0.0017569635676359869
-2.196990441946157E-4
1.2099144813993226E-4
8.517473189755694E-4
-0.0030647188034582003
0.001407277199709473
-1.6626989924984313E-4
8.141652341236206E-4
-0.006039035100860714
0.0029253847358933207
-1.9771657729675848E-4
-0.004505111813670354
6.951689150758078E-4
-7.713235378123995E-4
-0.0018075141296018573
5.675490036643272E-4
-0.0020569998157602327
-0.004803457174999695
-0.004290607369482767
0.0029924118620787833
0.0010839622153596476
-0.0016434234683888748
0.005754068638090101
-0.005347472385255234
0.016156154011939518
0.006168971812667587
-0.0011727985320399252
-8.864117379910914E-4
0.0041694587755545295
-0.002461752146030175
-0.0033903437887601445
-0.003130619480981357
0.007382777982251907
-3.9098215465664925E-4
-0.0067716981371902015
0.001596500611399723
2.3623315027690136E-4
-0.002790178571428572
-8.318620902342993E-4
0.004277836235507186
0.005003646314695901
9.708668555721075E-4
0.0034753993982050654
-0.004905500863070487
-0.0014004147054264952
-0.001955560596887953
0.0033764107250346146
4.918018251254737E-4
-0.002701676547499507
-0.004020092380583248
0.0034630854140700017
0.005165241281402799
4.0568037846329744E-4
-0.002014410798302186
-0.004330614719348681
2.584096608462807E-4
-0.002621368966634504
-0.001485825219068173
-0.0016224095363531388
0.0038707346530701984
-0.005885724039990582
0.001400695589116036
-0.0022200834134210846
-0.0010355212929765946
-0.0028561968547278836
0.0025866188955321833
0.00162810258867963
7.850907246972431E-4
3.9618830483208883E-4
3.018394798542925E-4
-8.035433640257565E-4
-0.002124596588661468
-0.001670086764233174
1.2064159754093844E-4
-4.1935218206424455E-4
-0.0012887987718395695
0.001702416430279582
0.005176397272164887
-0.001530972248553978
0.0023888639605528133
-0.001801374586714655
-7.996122633731656E-4
0.0019089356587349382
-0.006339789574334004
-0.0038036474180396804
1.6415539524815433E-5
0.008496166945960714
-0.0018477654111125623
0.006090157684941453
-0.003936983377345466
0.005048109210031113
0.0034134288243319894
0.0012501003896948245
0.003511023391517103
-0.0018413337856327478
0.0013151750831243902
-0.0027240255412609845
-4.4451633036359135E-4
-8.494225688750008E-4
-0.0023178499634179833
4.0181214282562593E-4
0.002061837197164218
-0.001197114754586377
-8.695134051120059E-4
-0.0014094725770488006
-5.30537936399489E-4
-7.977058244840857E-4
0.0024452451746196885
0.0010427787046266832
-0.005161518845894948
-0.001599164457809205
0.0011558548252037237
0.0018398397527998463
-2.5137959790120395E-4
-1.048160280098004E-4
4.784302844842176E-4
-0.001407709646852879
0.0018086545156559292
0.0011646547525281043
3.3919053842513907E-4
-0.0032889698132993164
0.0034906322886004864
-0.0010592321347048447
-0.003824388703772836
-0.0012310793532036843
0.0029282495767417845
8.565168136757536E-4
-0.0027302196333036225
-8.261212328195479E-4
9.38463131438493E-4
-0.002383708457425457
0.00334622812595597
-6.939397568032466E-4
-9.086993487031887E-4
-0.00338364620572933
7.456393515292712E-4
7.811606184358524E-4
-9.38315163610307E-4
-0.001443883450891734
-0.0021327536552590174
2.8617919409408646E-5
-3.3980346028356524E-4
0.003504213863432786
-0.0013383723538966013
7.041087230993572E-4
-0.0012656657846455727
9.281335163556527E-4
5.019283807442608E-4
3.9948778412509517E-4
4.927272577577731E-5
2.7555430906202154E-4
-9.926547016298958E-4
0.007470175935561806
0.0038622606057298163
-0.0017683378427001952
2.385508197281271E-4
-0.004247677771512523
0.0014294939161461802
-0.007946530581762704
0.003353842551373506
0.004910481914193466
7.93490195603477E-4
-0.0035783135218383764
-0.002500337819014198
0.005186692785168922
9.752147075669309E-4
-0.0035756586361156417
0.004991822081078848
-0.0013009604920029055
-0.0010012091087013304
0.001739516535615231
2.2416582402215402E-4
-2.4522588855680817E-5
-4.0969903272863634E-4
0.00257667894929736
-8.29777985709699E-5
-0.0011637696843311701
-0.004654329347728022
0.005487038429293749
3.8068863330951064E-4
-0.002810959793747347
8.827732877159137E-4
7.17058988083507E-4
-0.004724858569669938
0.0021188279956891906
9.104502108503389E-4
-0.0015567437916695437
0.001311295387675453
-0.0016881003883281228
0.001355727316621976
-2.8025460404721607E-5
3.2563297113411796E-4
-0.004063148365305975
-0.004371624141918819
1.1082302504701559E-4
0.0029102598936145687
0.0033592780510236986
-3.802222849756709E-4
2.542720789267248E-4
7.873846893386075E-4
-0.001961783959995063
0.0018209074958647502
-3.4819558318458714E-4
-4.62261046164114E-4
0.0020006142233766865
-0.003220856747870451
0.0062414778065647495
-0.0038066945758192207
-0.002354478381600659
0.0025176075441426687
-3.6912896429511406E-4
-0.003568232937445323
6.424161408102778E-4
0.0016606207430272322
8.632516550481893E-4
-0.0015803031718613992
0.0026093249374354818
0.00621221338097065
-0.003238973768713207
-1.4280159941159514E-4
0.0027619711908977245
0.003488847167148956
-0.004377481703156361
-0.0036549504791163227
0.002609824333184632
0.0017322100595888422
0.0019225249386686885
3.894033654057936E-4
-0.0027323873784017034
0.002061905921103654
-0.003156190856334859
-0.0035498733831281527
6.844717930397158E-4
3.2791688572737603E-4
2.7911713622405635E-5
-7.027841060425698E-4
-4.983790411381419E-4
-0.002048461765824507
0.0031648495441665616
1.6994547046185384E-4
-4.427325351092199E-4
-0.002775935058534674
0.001349877813927713
4.022019479886526E-4
8.136584447357388E-4
3.5344956070609834E-4
-0.002862212181560981
9.805471569609148E-4
-0.0011426990531503735
-2.5926851510179845E-4
-0.0033509066982235188
4.7811708864097766E-4
-0.0025827976252163556
-5.810602862410904E-4
0.002192628491098071
0.003944977466805016
-0.0039061267034547244
-7.541884592255834E-4
-0.0017458795934471609
-8.720872392367456E-5
-1.903454529390211E-4
-0.0014952370611022972
-1.9590323686184252E-4
0.0027579611201339403
0.005310606361085746
0.0010243235027378801
0.0036230287775829706
-8.06971012555239E-4
-7.019948144312058E-4
-0.0026811863785945363
9.2811548762518E-4
-0.0010518381249226625
0.0010638331018347994
5.294976149079192E-4
-0.0010084851213622021
-0.001453472159639984
0.0014065046949803901
-0.0010956316962097042
0.004184845897183117
3.9914738681314605E-4
-0.0020229531066598572
-0.0023302470287750016
-0.0010421756370294225
0.004949056080805257
0.005728551839333272
-0.001798480279109696
-0.0015993062141486485
0.003182894241758979
-0.002724047724231981
1.3389374226803214E-4
0.00139533685108206
-0.0011302718466693461
-0.0015733983760491746
0.0022278390667780064
-0.004923906481877313
0.003636932907786981
-0.0019620657825756543
-0.004366878533787918
2.5742630856124583E-4
-0.0011462355663861474
0.003433826528101644
0.002043805032759033
0.005718410974372999
-0.0013326473084780074
-0.00452145687892057
0.001888253951327358
-0.004074966830506018
0.0025528951109935446
-9.580478985870017E-4
4.975296344684544E-4
5.063638038267839E-4
-0.0025955848087997916
9.164895669600383E-4
0.003437482420322181
-0.002165262045202113
-0.0018825928508800086
-6.580433675035549E-4
0.0021541607816847807
-0.0010648575221919566
-0.0014477428345183395
8.764776128125573E-4
-0.0028625988866654174
5.604668195767444E-4
0.0013910291825033024
1.6202731441615796E-4
-0.0036446176598676373
0.0023385110263699728
-0.0022894579365275555
0.002892994878400625
0.0035892563866275987
-0.00198397383077962
-0.001591629168215098
-1.8916666313512922E-4
-7.998024692562828E-4
-2.563355795909359E-5
-0.003026787984925902
0.0018227636345667176
9.675852631082118E-4
0.0010841451784985075
-0.001882457512967682
4.1850935214081397E-4
0.0025977566963647663
0.0014870526786311248
0.001799590332080749
-0.0030549737127614084
-4.062276941880649E-4
3.58997190238822E-4
-5.108136701446843E-4
8.876574184807867E-4
-0.003122778445984073
-0.0019975173812091535
-0.002880842600188455
0.0030671532229317737
-0.0013001150158814005
-8.9678379808208E-4
0.0013581873009374426
0.0011673100083500448
6.045263062072286E-5
4.924782428135063E-4
-4.7600990935057135E-4
0.008238247372712573
7.773139235285727E-4
2.69536527061358E-4
-0.0025688561439640096
0.0031216887594519137
4.971686868023271E-4
0.005724615367317886
-0.0016347307328189965
-0.0015584396412279137
0.001797183998148182
-0.0015902373588464822
-3.7302324808191135E-4
-0.002458207277383058
-0.0011478276214804742
-0.0010282359147375704
5.466212139418128E-4
-0.002916821033497049
0.0018974656325503939
5.354859649439796E-4
-0.0011229398267391737
-0.0011828777007170162
-1.1794815909642667E-4
-0.001117470723193702
5.421958907052501E-4
-3.4179498976382827E-4
6.863717905680683E-4
-0.0032892488686714055
0.0016747200740996396
0.001859351937863517
0.005088819889993812
5.990141578506921E-4
-0.003252099762652755
-0.004386643893270949
-0.0024465674090006885
-0.0034317246012969646
0.0033137517718069536
0.0042430479762342885
0.001074076882519915
5.009048884243219E-4
0.0015841559443132876
-0.0037511166883069562
5.468785018175959E-4
5.1600614948849825E-5
0.001207858284604328
-0.0012548569068303928
-0.0023454877557525108
0.0018028983886149458
-1.9776007370982422E-4
-4.672056091290129E-4
6.095284999799423E-4
-0.0032819017355822403
0.0010405847291278698
0.0014537729593646427
0.003806016874406048
0.002015733696001025
-0.0061617994303020205
-0.0019276560591578596
0.0033354994204300202
-0.0014536055208476967
4.1089236682305343E-4
-0.0031816441354462917
-0.002929487860797171
0.002710198785667205
0.002663359017129568
0.00462544651145037
-0.0024039105310336185
0.0024840151550907332
-0.004061338828489892
0.002311753168674516
0.003336661881914472
0.0014502644485378602
-0.0010970076642643144
-5.793865148486657E-4
-0.0019174136361678816
-0.002013422159692857
0.001730590449351855
-1.889761514800338E-4
2.8666731351572813E-4
-0.0014471564553683054
-0.0018661400865084472
4.424311319941015E-4
-0.0020893801759358692
-0.002221263501151531
0.0036685006446670766
0.002372462307072765
-0.0019716277722062235
-0.0022305020219853767
-2.1688016284195652E-4
-0.0013056594536175591
-1.945561557543315E-4
0.0024342761204941203
-2.1693060405411852E-4
0.001844953050873835
0.002686174408622838
0.0012746902897095437
-0.0036873507887074403
-9.599161476248337E-4
0.001472359573013203
0.0018970358529859027
-1.652667844272569E-4
-0.001548171498190299
-0.0030650285825657834
7.271158317557645E-5
0.005116511884343439
-2.5804001041166173E-4
-0.0014694766226339324
9.045898724000054E-4
0.0012982915586982353
-0.004112653340235643
0.0024910780098386306
-0.005131975985256896
9.090554433042683E-4
0.002199419368929555
0.008995320401857111
-0.005164333829341083
-0.006306983993999551
6.459478750719147E-5
0.0035944929542597362
-0.0013933484350339576
-0.0036316421575686274
3.083834096857161E-4
0.00447037029359158
-0.002983894216828463
-2.889717664117369E-4
-7.150245494735794E-4
2.4291457200431425E-4
4.5425973757479404E-4
-4.4496615672842254E-4
0.00433760878407094
-0.00275134057238631
0.0025143591123740613
0.0016577450107960053
6.852588507647551E-4
-5.353315542112702E-4
0.004932723102979312
0.0013659967101197856
-0.004455180553158734
-0.0082612491374356
5.170445678205592E-4
0.0016418249875031425
0.003743204209047048
-4.7315601120588406E-4
-2.0613755436287452E-4
-2.72820483167493E-4
-0.003118627989299492
-7.872375682470195E-4
-0.005362910361030303
0.003146605323501492
0.0027575956116497073
6.783956009706348E-4
-0.0020807896480921828
0.0018124176489266466
-5.381852894515262E-4
0.0016980401966739285
0.003462259892709967
-0.0015584837210354406
-3.7897259752942957E-4
-6.515408319131702E-4
-0.004058308534700102
0.0012965978518494226
-0.0022250690615242845
-0.001538535113254563
0.0016790483081690344
-3.7251789520471087E-4
0.002766436571470263
-0.005163602043953748
0.0021091364248506774
-0.0012268242614273512
0.0016870465152819705
-0.0010565371790793021
9.380170193136471E-4
4.4433771402630005E-4
-0.002306893969042696
0.004635104239682695
7.553595723551297E-4
0.0018052843164607377
-8.883672637493671E-4
9.258180510581758E-4
0.0017198727200785195
-0.0018241895931006948
0.003096705969933205
-0.002342024186262395
-0.002924140223342213
-8.68068262714003E-5
-9.808655339522822E-4
0.0037003841730851653
1.8239955142443755E-4
-2.1687389844891728E-4
-0.005541061380967452
9.778010034943595E-4
0.0014041390884055726
-0.0010852048634026838
0.004977150592894669
-0.003999047369275767
0.001251752335140997
6.07003415367412E-4
7.14246575832707E-4
4.119520617909894E-4
0.0013536527020729624
-2.0678590882801883E-5
0.0018227952717226952
-4.221789077629417E-4
-0.001189042253189121
8.27127001745925E-4
-8.959579007434132E-4
-2.6871629298830534E-4
2.954684169778712E-4
-9.262031341627929E-4
-0.002098484907469349
6.596635519482783E-4
0.0014134348138336212
-0.004262048285749575
-9.604259062817173E-4
-0.0025289789616738875
0.0017293499125327705
9.308329221858545E-4
0.0018022233899709721
2.127625831394798E-4
-0.0033703960782780736
-1.603346959377775E-4
0.003556675405158632
0.0015578828012659798
-0.0011443402800079274
0.0014943424226773556
-0.001565571850934064
-0.0012691291300095135
0.003950241092306464
0.0024629797705829804
-0.0013907697643119753
0.0015630200415512772
-0.001247971558302247
-0.0017913815098714284
-0.0015784937525106567
5.666819361284619E-4
-6.425078749888358E-4
0.0011433306193202584
0.001316590847954359
0.0025270146565036593
-0.004130569687786291
0.002350633923677586
-0.002641534422897159
