-8.364567317189793E-4
0.0018264376647445142
-0.004256832777115576
0.0032668518440900764
0.0022866368638886584
8.94003697334269E-5
-0.00455394357455915
0.0021779063409370913
1.8942158458015113E-4
-0.0012285680685366306
-0.0026167681835747754
0.003655914667531235
0.001266824883297653
-0.0015524193436987823
-0.0028162317165475338
0.003101826176948679
-9.849252089270434E-5
-3.1691865541505883E-4
-0.0026638504809728485
0.003079261657280641
-4.7452454998772554E-4
-0.0011885292507078796
-0.0028354945297630156
0.004498548330458643
0.002185483807813193
-0.0010290302099539442
-0.002415405746549715
0.0012589521486905141
0.0018833640238253516
-0.0025468163093246045
-0.00333537462280802
0.003998826908307269
0.003156860496855818
-0.002350730956339404
-0.002923000995125661
0.00211687145460926
0.00699534187780886
-0.00617819017032076
-0.0035880829913607954
0.0027709312838726896
0.008345917171063592
-0.008752967548583984
-0.007982368782997054
0.008389419160517485
0.0066821119155342935
-0.009725484887888785
-0.006098043137251534
0.009141416109606065
0.006684896164576787
-0.010119890896536
-0.015639954459241327
0.01907494919120052
0.009037988783909556
-0.016771433745871218
0.006372051085510898
0.0013613938764507744
7.652382354772429E-4
6.40083940931676E-4
0.015791127388604935
-0.01719644956501383
-0.01882927582327406
0.01488674855655181
0.0041629015284943005
-2.2037426177207642E-4
-0.0015505056157608167
0.010669674641421512
-0.0160454083943491
0.006926239368688424
0.01605415492550344
-0.013935567290119114
-0.011884137029701744
0.009765549394317487
0.007782698949085657
-0.0034418378089179098
-0.008601093638081652
0.004260232497913921
0.006855636245884738
-0.006990985257892301
-0.009904493046382329
0.010039842058389904
7.184808555685555E-4
-0.0020873247661393965
-0.004734910666407824
0.006103754576978645
0.0012391984366035974
-0.0017980614090983898
-0.0036826593638909257
0.004241522336385715
5.977013763332206E-5
-0.0028497896334602002
-7.018458254345493E-4
0.003491865321261443
0.0034838626368872785
-9.287654701216842E-4
-0.0026046414512507906
4.954428448519549E-5
0.003352784803164071
-0.001615084948013731
-0.001874252604670693
1.3655274952038702E-4
0.0026064644332133417
-0.0025019472159106392
-0.0016389031968881843
0.001534385979585499
0.001955030496753196
-0.003115429228278527
-0.0024106049211976973
0.0035710036527230385
0.0026424252669994593
-0.0032346769278947755
-8.509358769919842E-4
0.0014431875378872827
0.0027036092805544244
-0.0032848567247811583
-0.0012151920007547026
0.0017964394449814579
0.0020681376311591387
-0.0019770148215614933
-3.6867070162861434E-4
2.7754789203097524E-4
-0.0019596096260784887
-0.0022889949745912197
0.004156235927636452
-8.864626013133884E-5
0.003533307824180291
5.267298404076472E-4
-0.0033707936366791976
8.343679194051483E-4
0.001309502576171856
8.066086415711468E-4
-0.001867548163485695
-0.002462034859660872
0.0
-0.0018782178776837325
0.004574128193143952
-0.0026614922559249294
0.0027618040141015755
9.557237024568435E-4
-0.002603679869711449
-8.298451470185077E-4
0.0027686165912347007
0.002050863484918788
0.0015265452318896115
0.004189081792552492
-8.382893662619746E-4
-0.0031730482734573366
-0.003127510303486498
0.0036222682089486744
-8.55281483267854E-5
-0.004543046342779335
-0.003593729612528779
0.002746211702212476
-0.0030714680324155745
1.8355084145893334E-4
-0.00342322754647947
0.0016129766420912937
-0.002488979004405818
-8.040527890255593E-4
-4.6171401607039133E-4
-0.007157088211872501
-0.0014369743808222701
-4.406940937816352E-4
0.00660422814544975
-2.619721485620412E-4
0.004555191186330122
0.0017618367311544843
0.001374824860043363
-8.032709602082476E-4
8.439695182433116E-4
0.002306071912990322
0.003531943254750157
1.9983250658580281E-4
-0.002014272506950355
0.003957246445527881
0.0018289272942393813
-0.004829385889618689
-0.0034089483458385225
4.792477385946242E-4
-0.003241334224471445
0.002882555274533091
-2.7890071458190775E-4
-0.00112839305629846
-0.004524063717814509
0.006662356354199384
-0.004755395556990437
0.00252211158574828
9.299568736949367E-4
-1.2197702860195902E-4
0.004123292820682649
-0.006487666949810587
0.0030044182916973386
5.163073197454798E-4
-0.0011598374695334828
0.0015724539863167227
-0.001101838085660269
0.00235049333507272
9.42648516108336E-4
-8.764884269517391E-4
-0.001104546725157955
0.0019327043775286149
6.161528244629418E-4
-0.0014258981809681672
0.0019922720978970713
6.161461626669716E-4
7.1280804914884E-4
-2.01819827149766E-4
0.005260606391147636
-4.08076313179529E-5
2.787221506670187E-4
0.002170805555444838
-0.001532127382064658
-0.0013944354506677966
-2.4867436342417427E-4
-0.0010109966839505417
-0.0035984109724167567
-0.0021049423697420784
0.0012983126168936384
-0.0025888546155273073
-0.004813303923609279
0.001729136405492034
9.087116106849031E-4
0.0017089800693008727
-0.001056030106064339
-0.0038895475609946406
-7.650411010042421E-4
-0.004888084843933821
0.004480728402034042
-4.5976700308986813E-4
7.323991820281451E-4
0.0016084838855229457
1.1599967777780164E-4
0.0013239337299299579
0.0017529538660949104
2.219828108817319E-4
0.0010062982244399303
0.0012095274220048548
-0.0037435623242145803
0.004193144989191849
-0.0072300123818800485
9.926091712957378E-4
-7.664070524349719E-4
6.555942573826574E-5
-3.66389911377411E-4
-0.0011016027390818564
0.0013397411141281576
0.001863867876447639
0.0011961478129944331
0.0015440480367084532
0.0012689205963634436
-3.2750213728211755E-4
-6.804613743396904E-4
-0.0013489333342805816
-0.0018312565615621773
0.0033566785646863126
-0.0012758374951684199
-0.0015202429078211785
-7.504976266458703E-4
-0.0010114393711820224
0.0012885020849046696
-4.113418146541193E-4
0.0026318603214195695
7.546792427616535E-4
-0.0015784053512058974
0.0016246987485865766
-4.846253476919779E-4
-0.004538542823573153
0.0026396275035933114
0.004384790823973634
-2.964951018983343E-4
0.0019014462219976887
-4.699986820557763E-4
-0.0019223141565112116
-7.84149021848245E-4
0.0031082748597469805
-0.0017336043554495443
-6.115392875486067E-4
-3.626246451661609E-4
-0.0022691046035839967
0.002070980097894973
-0.0018606895504161894
-0.0029056432425189566
-6.549668734776907E-4
5.46382031127242E-4
6.016646125637287E-4
4.2723617741539065E-5
8.079386864741239E-4
-2.758256748215086E-4
-0.0016541025058281521
-2.1702639284406494E-4
-0.002088341434408913
0.005298918483354014
-0.00151317763316933
5.278711603159906E-4
-6.809478792397568E-4
0.0020672998317079663
-0.0025195349705510015
0.001942515403861032
0.0021596576831511144
-4.5487510251204994E-4
-8.811835356596321E-4
4.932876055495675E-4
-3.161633754793442E-4
6.246435826817048E-5
0.0013452780627299101
-0.002164860646773665
3.801806701120968E-4
-0.005734058033128701
0.004127927802987787
0.002791507360805576
-8.987660861180359E-4
-0.0044349588031416
0.005237961302879006
8.342333307063733E-4
-0.004883120069220325
5.731546938638676E-4
0.003296899454663625
-0.0032793364323045033
0.0011240886930944612
-0.0020069453008623736
8.008388888905704E-4
-7.428379085895034E-5
-0.002272856096427383
0.00297783978639728
0.0014199731587578662
-0.0027028143100605306
-0.0034166286944410642
0.004936559153761195
0.00393922241733755
-0.0033628161312168683
0.0060159447989944406
-0.0018002864266367736
-0.0024445826813102
0.0037607986468247184
0.0036653860110538597
0.003007661702629499
-0.004683946262829291
-6.303559187251109E-4
0.004398735912115427
-0.00544796369554471
-2.79613791623141E-4
-0.0011738334089057825
0.0019527437505496813
-0.003542656551215397
-9.876352978591344E-4
-7.8203639516952E-4
-0.0016161958782517595
5.641456981234653E-4
-0.002082447112814023
-0.002282507767867732
2.007574001701754E-5
-0.0010875320039827334
0.0037386387561015905
5.497262999118427E-4
-0.002835404795284996
0.002391706703217727
-9.862700281641382E-4
0.0035102414949762413
-0.001571989107276979
-2.750102291519898E-4
-7.137309093154052E-5
0.004334073401852323
0.003215836758855917
-0.0020264714939044032
6.517553057113878E-5
9.136588987540358E-4
-8.474174279220858E-4
-0.003368891327586734
2.085105305746509E-4
-0.0024950723506292458
-0.001039098119389357
-5.791297739450787E-4
0.0022382160192191214
0.0024057998827249787
-0.003098630727174718
0.002848324535074147
3.269418398739849E-4
-0.0031221106317125395
-0.0012035332198264165
0.0023940590955708304
0.0029550389621404343
-1.7335984709756364E-4
0.003342860726342738
0.0024923518211689404
-0.00292938709003584
-7.701539439591296E-4
-0.0010349758204761983
0.002907522594225034
-0.003791850358343555
8.017483486744729E-5
-0.001181682500288426
-0.0032428052276464257
0.003179358084177944
7.662388772194027E-4
0.007667457826681603
-0.006329746419072498
-0.002991336939421988
0.0028364616649157078
-7.550008530371362E-4
8.527276433866627E-4
0.0010279445609780152
-6.882733627565133E-4
-0.0021375508382165875
-0.00414566782960691
0.003515785100777669
0.007519204262519143
6.99669052345548E-4
-0.003247399031058679
-0.004907432371068493
-0.0029592661097534736
-0.004880414852063604
0.0029264547921760906
0.0022632404093395216
0.0012504708471649437
-0.0038909348656245906
6.866964459131646E-4
2.0514447356017457E-4
2.745603694273401E-4
-0.001906290980977026
0.0033517273175272563
-0.0023775436858523534
-3.3467191899834827E-4
0.0026587579639017556
4.6054649799536895E-5
2.2164663486762926E-5
0.004552963554709127
-0.0010614109826599647
-6.233446881423236E-4
-8.288142251719314E-4
-0.00440984808513653
7.040656864774064E-4
-0.003618618317354344
0.001189895937670385
-0.004116604736905271
0.004085863080450763
-0.001672413688687927
0.0056703722536103895
0.0014796980333094487
-0.002135909632983826
0.004806995095251859
-9.436276271566218E-4
-7.633775772163169E-4
-0.0012302541493452246
0.001803738247516527
-5.722808304924696E-4
5.056773267304917E-4
2.469676655981021E-4
-0.001063969360373133
8.334231401761552E-4
9.763652692813109E-4
-0.00446801316726784
0.002958181267642637
-0.001099110589124012
0.0021934232448717035
8.037046597054666E-4
5.456553642008512E-4
-0.002144655061891984
-0.004061957137583365
0.004946947732378309
-0.002699278839615337
0.0013180128246669518
-0.002761909803606046
0.0034459440202124804
-7.960436518571252E-4
-4.869998705908864E-4
5.985206113878403E-4
-0.0023909800833217714
-6.003968041005964E-4
0.0028060138691489416
-5.0489808104618294E-5
0.0012369380754712876
-9.102782191358347E-4
-7.825721660581008E-4
-0.0016724381802412282
-0.002701284566490897
1.8467442204390765E-5
-9.452163696658396E-4
3.7979447982088E-4
-3.886113511809572E-4
-0.0034875672370110107
0.0025034295491520387
4.2568044928299026E-4
-6.60519719520811E-4
-2.3998272993276497E-4
9.159903936280455E-4
0.003257697738085534
-0.005352953664564819
3.842935455009326E-4
0.0047277256911705005
0.0033814959477535965
0.002217410939971458
0.004313762785815073
-0.0011682644618424371
0.006706245331679942
-1.0338321649340275E-4
-0.0010599036882446306
-0.00550212354396686
-0.003054997188673115
0.002228170550801295
-3.5765108139744657E-4
-4.526767943844436E-4
-0.004176366679644251
-3.769000352772873E-4
-0.00214440166402054
0.00404813112838167
-0.002911776017358522
-0.004372912187371347
0.003270502095070752
8.979091623718047E-4
0.0015357881255257627
-9.338865952444235E-5
0.0035047843645936386
-0.0017143638740813154
0.0022484046884239735
0.002025805186710756
-0.0021441925950495804
0.0013066723558355098
3.9964601657562805E-4
-0.0016220595422057628
-7.176179051057573E-4
5.722825934020969E-4
0.001290864137622953
0.0036020119521597274
-0.002535730763858
0.002472662008700586
-0.003441465247234013
0.003319165710887779
6.093660409651393E-4
0.002713850613517323
-7.193074116630693E-4
-0.006300796238661325
5.105102539473491E-4
1.021094588911451E-4
9.709528911283429E-4
-0.0028396588619004287
0.002494191929143638
-0.0032777566836011064
0.0025402505126518905
0.002799229748364039
-0.006430500432101614
3.6589312364708384E-5
8.696845151349533E-4
9.39805271967715E-4
-0.0010829311736942897
-0.00601790103271751
-4.8835732515658484E-5
-0.002729729310277937
0.002068333675945084
0.0024703820190603446
2.769823382740566E-4
0.0016379005225645427
-9.274848178605845E-4
0.001182818836290517
-3.528310714673335E-4
4.0143620733496953E-4
0.001836588358024101
-6.609289986833687E-4
8.951837155333109E-5
-0.001261600778010576
9.15413251715918E-4
-0.0034325418099240244
-0.003664342622325638
0.0011029076791451492
-0.0031503788378133037
0.003587082807539204
0.004073327002529167
0.0010411523424777116
-0.001143854439048136
0.0018780046856433433
0.0041952726393167696
-8.179865429841057E-4
2.0451248919312135E-5
-0.0028312297838029867
1.6826748116386867E-4
-1.3464708226224378E-4
0.0017596454091606043
6.364999124251593E-4
1.657372101369868E-4
-0.004573694640114672
-6.284897432013657E-4
0.0011773064303142887
0.0
0.002317486007500239
-5.465515254131166E-4
9.752970026666087E-4
-0.004482828238753599
0.005383495498821573
7.227406473209498E-4
-0.0025698821424088906
0.0019124733818064823
7.475819592655483E-4
0.003375405939064519
-0.0031314797348160756
0.00467085334819678
-0.00124125993660266
-0.0028725044728875214
0.0033895435448738033
-0.0067705140416409355
-0.0011882711649644113
-0.001444745216916673
9.52574320316495E-4
0.0040651543272567075
-0.003591724086214926
-0.0015864194338727697
-0.0010710918852494052
0.002165166024270803
-0.002368714495790363
-0.0017749748019932122
-0.003923289409570587
-0.0016391772536258186
0.0012388156501737801
9.53128362181435E-4
-0.0032684942616998483
0.004348346940931784
7.865491269042901E-4
-2.3885352829066103E-4
0.002570204101780788
-0.0018640053027977083
0.003093889280948208
-4.6420158842518273E-4
0.0049552258587818795
-0.00251314730113221
4.3988213666883906E-4
2.1604163801824602E-4
7.455798738119032E-5
-0.0029499058402791215
-4.387983050363872E-4
-4.861257873692981E-4
0.0035800646998139707
0.0055236485029580605
-0.005830793576633452
-5.926301376560448E-4
0.0012551246430662884
6.638564381796566E-4
-2.2724901514801924E-4
0.0025298414694617834
-0.0010528554674712493
4.1276944591166426E-4
-4.5027154230903635E-4
0.001542558154842626
0.0025626180921254947
0.0048715245345836156
-0.005245951308978
-0.00221438647575035
0.0012813841240870393
0.0014760464825812898
-0.0051939475193311475
-0.003304447501211013
0.005505370585281467
0.00672400067433758
-0.005285569371760222
-0.0032380396495239345
0.0035323679330555207
-0.0029753510565471634
0.00199274583344373
0.0029643889753323115
-0.0032976812343470966
-0.001846193502614616
0.003116932939586788
0.001266653677301589
0.0010387250699764009
-0.006083521662942443
9.80738452464699E-4
-0.0020217759308405504
7.808478967379811E-4
0.004477769761778003
-0.002488165514861832
-1.663921409273139E-4
-0.0015757046415600267
-0.001573642498614008
-2.791473513440104E-4
-0.0013552724349484334
-0.001806874946673488
-0.0024098175755860617
0.0010556942189389705
-5.112377623446717E-4
-0.00116863052228499
6.423868111290043E-4
4.2274636695739827E-4
0.0035160584169748963
2.97228818240914E-4
0.0034662220855984412
-0.0018026817860463799
-0.00234137877498189
0.0037793198776787384
-0.0011735637783797377
0.0020320193290698386
-0.0036001626596541348
-0.0011733224982292988
-6.288244655257744E-4
7.44438582933653E-4
-0.002586050187065005
-3.523443386193696E-4
0.0023022554771741444
0.0018747001377995686
0.0015372740403370427
3.8970412519424586E-5
0.017641621119292766
-0.005319154678444521
-0.008232224106730076
0.011241606625775512
-0.0018316187690872712
-0.0016528546559553107
-0.002225948396046177
-0.004093243866727694
-0.002306539206942711
-0.0013786801473337812
0.0018075772488879247
-0.0013383269905827876
0.0025502026936175754
-0.0045109103656463785
-0.005300695777951203
0.011944531151682987
-0.003810812456648093
0.0048105796053066726
-0.0019412170808832756
-0.004368337955404549
-0.005743129399864733
0.0018653989254283911
0.006964011706121706
2.0906503717515838E-4
-0.0023189258670738904
0.007130715384974746
0.003246289458832422
-0.008506566941160906
-0.004290759962817633
-0.0032781678418607294
0.00261671731221818
0.0012369499053357927
0.008404612935450166
-0.006988371512191655
8.26313219313893E-4
-0.00225586565171524
3.8953099337548334E-4
-0.003270627005320885
0.004869839272719962
-0.0023176288282931497
-0.0023305907383882603
-0.002246851924138577
0.003283180110603257
-0.0027507581959348563
0.0011987718533122403
-0.0031886050908317004
-0.004860677139358277
0.007649644710036825
0.004266225054009862
-0.004128360191392514
-0.0030362665466374364
0.0012355687919620847
3.8111297179288343E-4
0.003906372986097603
-0.0016958074981136377
-0.004507441021886328
-0.004769962217649058
0.004971579811440752
0.0012138655858982168
-0.0016883741544295333
-7.476270868450308E-4
0.003552451811979077
-0.0036330005061270187
0.007450593493772759
0.016840332124667318
1.7397836009211496E-4
0.0016102801843982679
0.007877055982946997
-0.0025404966860528774
-0.0043913066260982386
-0.0039007856089263515
-7.927178556445512E-4
0.0015552882096793808
-0.0027448045545311953
-0.004798297597719847
-0.006395580572365235
-0.002512381645899452
0.0042764912469086605
-0.00656033714114236
0.01064919935075096
-0.002812305164203846
0.001111143679679182
-0.0021794526512762293
-0.002923490067982743
-0.004347507805978694
0.0011143373652658384
0.0031196566634613724
9.6180402750128E-4
0.0032861741164082934
0.004492972593896976
0.00680910705940512
-0.006676158685028541
-0.004150751125408602
-0.0038451650810732065
-9.834287594226872E-4
-0.0017299037138275193
-5.017725558406003E-4
-0.007248359343681586
0.0018707387425253175
-0.005846624873057053
0.0037507350801902492
-1.3797378530622934E-4
0.0027865566692189835
0.002077445160840132
0.0010098300650086434
-8.478843657102654E-5
0.0074919546711685915
0.00113391610461561
-0.001485394913055266
-0.00675391537108842
-0.004005123582319548
-0.002039592415644848
5.560558392114336E-4
9.144129404301322E-4
-0.0028414032538998605
8.152197152544536E-5
-0.005963229662554951
-0.0016604467037617896
-0.005195989108708642
0.005394433988665645
-9.389171987803E-4
-0.006262940303474034
-0.005432567883936989
0.0014567692749730054
0.004939237487186067
0.010926473122776824
-0.003430862862066464
0.015846871512931942
0.00837805967568555
-0.00247803866537277
0.005588764356270292
0.002593524877251234
-0.0037335415332160875
0.0021857089465945846
0.001744936015734128
-0.005245927792592782
0.004745275325596897
0.0015122281565006347
-0.007810279511477753
1.2939051127719252E-5
1.2519356918565283E-4
-0.005414866124204622
0.0027242232621647287
0.001753912306286888
-0.0024291728746173302
-0.005590808286563639
0.001091805720909925
-0.0021723236341252288
-0.007344984379500463
0.0033361870132250972
-0.004069496039441407
0.0030029036558163512
0.0038889185094942895
-2.9554945921733385E-4
-9.77692097799364E-4
-0.005806238337432226
-5.521963396955126E-4
4.774651709786874E-4
0.00408143508506293
0.0036342614050164012
4.6804431949371136E-4
-0.0015347059467972616
0.006675031304453919
-6.959944848343536E-4
-0.002376330082658338
0.002557367894349372
0.0019777340707531534
-0.006758332583123467
-2.258199159280304E-4
0.0036013782734073034
-0.0035116371962347964
0.0042062750876724
-0.004347024313910773
-0.004183640916599624
-0.005216977680838765
0.0032665890335440025
0.005210097049417497
-0.006913777429706768
9.145272024488673E-4
-0.0024201370193368504
-8.39702093197696E-4
-0.0037636509748976213
0.006736050037115285
0.0024711869485038915
-0.003420329635216425
-0.0013393994801021813
-0.0054844252034942234
-0.00473559802613823
0.011491501502976618
0.0010726680825348944
0.0019080517598839962
0.00825435338881502
0.005554335661878377
-1.505799608309162E-4
0.007994688197227273
-0.0017714157282953014
-0.00800929215056537
0.005944738676669723
-0.009391434175097328
-0.005061342679447462
-9.246238153318996E-4
0.0
0.002597690916143265
0.012597061483271636
-0.0010122088761260546
-0.002146607107792663
-0.00306461367175272
0.0035284993946262375
-0.0031351577376398086
9.167457264149603E-4
-0.006495788934490587
-0.005580357142857144
-0.0019393711351219456
0.0023412667686316738
0.0033684073390444135
5.453099067172992E-4
0.012431564501946251
0.0
0.001300802238535402
-0.007343142656320495
2.356247064747984E-4
-0.0028564489380330012
0.001852485351752372
-0.0057618308915901705
0.003626869462246834
0.0010819020497981
-5.741282925958643E-4
8.53401064497663E-4
-0.0014337511235624004
0.002749049949130399
-0.0031744043852753884
0.005337763050295809
-0.0022988263067949774
0.0
-0.012399183775786325
-0.0030860239264248308
-2.8903112137275075E-4
-0.008839047728536276
-0.002774900517718456
0.005580357142857144
-0.0019289201407859068
0.006879721172448193
0.004737204413840244
-0.002970531026946543
-0.0021661473068800927
-0.007096547994139157
0.006624031063072099
-0.005409709549343519
3.678524349644799E-4
0.0
0.009590758124365314
-0.006461878133056908
0.0016863211821477033
0.0018158913271706374
0.015599513497341216
-0.002192609872997247
0.0
0.0
0.004117127245699497
0.0
0.0
0.0
0.008727788987830335
0.0
0.0
0.0
0.005661975383981058
0.0
0.0
0.0
-0.009468902833601326
0.0
0.0
0.0
-0.013548561716129812
0.0
0.0
0.0
0.003938507400292642
0.0
0.0
0.0
-0.0025734001582562033
0.0
0.0
0.0
-0.0045879792717778735
0.0
0.0
0.0
0.009575966814783851
0.0
0.0
0.0
0.0
0.0
0.0
0.0
0.001090067503257662
0.0
0.0
0.0
-0.004293983232530599
0.0
0.0
0.0
6.207058911236966E-4
0.0
0.0
0.0
-0.012026212447191306
0.0
0.0
0.0
0.011612484659622415
0.0
0.0
0.0
0.0011544157728959632
0.0
0.0
0.0
0.0
0.0
0.0
0.0
0.0
0.0
0.0
7.652382354772429E-4
0.0
0.0
0.0
0.0
0.0
0.0
0.0
0.0
0.0
0.0
0.0
0.0
0.0
0.0
0.0
6.40083940931676E-4
0.0
0.0
0.0
0.0
0.0
0.0
0.0
0.0
0.0
0.0
0.0
0.0
0.0
0.0
0.0
0.015791127388604935
0.0
0.0
0.0
0.0
0.0
0.0
0.0
0.0
0.0
0.0
0.0
0.0
0.0
0.0
0.0
-0.01719644956501383
0.0
0.0
0.0
0.0
0.0
0.0
0.0
0.0
0.0
0.0
0.0
0.0
0.0
0.0
0.0
0.0
0.0
0.0
0.0
0.0
0.0
0.0
0.0
0.0
0.0
0.0
0.0
0.0
0.0
0.0
0.0
0.0
0.0
0.0
0.0
0.0
0.0
0.0
0.0
0.0
0.0
0.0
-0.01882927582327406
0.01488674855655181
0.0041629015284943005
-2.2037426177207642E-4
0.0
0.0
0.0
0.0
0.0
0.0
0.0
0.0
0.0
0.0
0.0
0.0
0.0
0.0
0.0
0.0
0.0
0.0
0.0
0.0
0.0
0.0
0.0
0.0
0.0
0.0
0.0
0.0
0.0
0.0
0.0
0.0
0.0
0.0
0.0
0.0
0.0
0.0
0.0
0.0
5.959696786425283E-4
-0.0048257649727357806
-0.007383304201968279
-0.007216176327212537
0.010949744535503203
-0.001741881673029955
-0.0013888034991775334
0.007067689193256095
-0.011839921047798725
0.01400809089135203
-0.0017931868605245435
0.003787918545465552
-0.001256298782107825
0.003229230395835215
-0.005480113832678759
0.00328680795717931
0.0
0.0
0.0
0.0
0.0
0.0
0.0
0.0
0.0
0.0
0.0
0.0
0.0
0.0
0.0
0.0
0.0
0.0
0.0
0.0
0.0
0.0
0.0
0.0
0.0
0.0
0.0
0.0
0.0
0.0
0.0
0.0
-0.0025372199180374875
0.003133189596680016
-0.002790178571428572
0.002790178571428572
0.0
-0.005549282098039299
-0.004768000573081469
0.005491517698384988
-0.004208467296184421
0.005232806367898775
-0.00481335027056985
-0.003594293003112781
-0.002970531026946543
-0.0014554667288374222
-0.002790178571428572
0.0
0.01398536963334513
-0.0032872424088553286
-1.7492514409666845E-4
4.265424551100714E-4
0.009062864316146996
-0.007479619761577601
-5.57592326389322E-4
-0.0027675339012100167
0.004876514555786821
7.246826957515979E-4
-1.0038500443040324E-4
-0.006889615746285551
0.006967938996372448
-0.001168563269203143
-0.006141824812299664
0.007410138278386465
3.158497987892088E-4
-0.008239117147182722
-8.277955590771066E-4
-0.0030888581403281045
0.001963960788174258
0.002790178571428572
0.008725410138952571
5.285413927966224E-4
-0.006644820521577576
5.50257302130801E-4
0.0011215803935852315
0.003179795965337009
1.8839947159002713E-4
-7.763505631795701E-4
2.836537297977717E-4
0.004092215907257321
-3.5741818659159284E-5
-5.516994687863549E-6
-0.002737501289660298
0.0015224613208994966
0.004841904760813736
-0.0026002365475660096
0.0017076165551873548
-7.20054372599866E-4
-0.007974706740178599
-1.1632868182021635E-4
0.005823543389853283
-0.003212621800533229
-0.0017771600739314242
0.004311042376940296
-0.0038442091146160566
0.004597134768786494
0.012193219806839734
-0.0034719641897394083
0.00381402288004467
-8.070208017072968E-4
-0.003811619650786604
0.0024658196596030173
-0.004392261668919476
-0.0026606252939428373
-0.002041432966999979
-0.001742407697114038
-0.0021537795338604482
-5.927803662881827E-4
-0.0015545890541592243
2.753839356213616E-4
-0.0017691207465644026
0.004698650072212301
0.004248538736039212
0.0027656368452885515
0.011005345947238097
-0.0021507916634308814
-0.012462842382185504
0.00425176020579038
-0.0016954575025224323
-0.0029324201568367795
0.008352743197474347
-0.003920727719301673
-3.6311987495659054E-4
0.0010385381914530527
-0.004190841715378717
0.0034045829113857366
-2.451436156179743E-5
0.0033432439829265033
-0.001840474558228218
-0.003821805292236817
-0.004092641155511376
-0.0041965589961773676
0.0023901755375596028
-0.0018314243014382193
0.003340749457543199
0.0024919169902963786
-0.0030979535384920574
0.002890683395326759
0.0014630605790457755
7.755980725577867E-4
1.695213295221864E-4
-0.001730808220047935
-0.01017807428287432
0.001222626588805514
0.010701779212380223
-0.004199274862818554
-0.0028398094003159874
-0.0012540475821611742
-0.0027915749175662563
0.0010926097420816184
0.001303645166350037
0.0013059818248547603
-0.001130651621024206
-0.0019038272767888398
-0.003970099011162395
-0.005487980859571084
0.002648701534091107
0.0020339250554701448
0.0019509598699457963
0.009465902494923229
0.018989213929035104
-0.0012600004443563359
0.002531987119598921
0.0050418625927532625
0.0013731950922466537
-0.003439850232984792
-0.005557847635212989
-0.001102904723555096
0.001762598380743053
-0.0012029660204182409
0.002762452012118295
0.004564833899012294
5.106439136054128E-4
-0.005266039681042573
-0.003600274619951457
-5.274865608810228E-5
9.982826418838086E-4
-0.008893344708009992
-0.008856969658271508
7.617031141892838E-5
-0.0022611343333858377
0.0018253702424464386
0.006298599075275002
1.1593032170119019E-4
-0.005958602062813926
0.003555712702351653
0.004268564422921414
-0.0033089996100078116
-0.0031238102166136644
-7.25810057093686E-4
-0.001055608236059405
0.0031100818741382793
0.0055740391009302705
-0.00509885193593362
-2.7121920231157814E-4
0.0018787371082730348
-0.004460406094091582
1.3276520934679507E-5
0.005974347741752835
-0.006203497466473723
-8.961102130686485E-4
0.002386151078764483
-0.0015781315274592186
-0.004935847179170277
-0.0033454430894898817
8.512297729694998E-4
-0.004891188711799437
0.0031187770664713906
0.001174500001676986
0.0011894477257710873
-0.005982480215775504
6.913245824027839E-4
-0.0032736747954888673
0.004670165427779597
0.007985691684590462
-0.005399098634451877
-0.0044786787396597135
0.0019165572150319273
-0.006384282151493433
-0.0010743458449335038
0.004271022730375585
0.0024879671358975734
-0.0015481331443047335
0.013519566416899127
0.0060823945410353785
0.0033549294101922803
0.0015511456098704522
0.01574756611242805
-0.0017240605006266108
-0.002789979587460545
-0.005220533597285857
-0.004328175677155845
-0.0042524380771935665
-0.004519476741544363
-0.003984046347163946
1.7727920914220813E-4
-0.0013201097970353222
8.354401119390443E-4
-0.005203286325498806
0.013376050605443094
-4.94289680151634E-4
-3.7398188352953145E-4
9.807710562903804E-4
-0.008734519623328852
-0.002026475602392565
0.001664395081514369
0.007229012652920576
-0.0037979701738664615
0.0033035148037231523
0.0036374240606046973
0.006381909049189007
0.001377942952888459
-3.9084697464240956E-4
-0.002644122485701837
7.222493867898552E-4
-0.010276850429225114
-6.122480827509873E-4
-0.0050500069634157735
-0.0011514010926544234
-0.0027571364959780567
0.002165499324938776
-7.668096675692807E-4
0.006168396833335465
-9.116315149751367E-4
5.05642182613134E-4
-0.0015864633611108697
0.0018808195811809028
-0.001731395646596115
8.771789303070799E-4
-0.0017088314602419705
2.4017843751487737E-4
-0.004162884642679287
0.002790178571428572
-4.687442212835814E-4
-0.005661394042621474
0.0016523730303539355
-0.001287846455920794
8.818192103831552E-4
-0.002700023061727853
4.533974779963078E-4
-7.749470922636727E-4
-0.0026795913473681597
-0.0023609676935312084
-0.005279698578951992
-0.002122665235499979
0.010126675078452978
-0.003607741113015757
0.015299407971483454
0.005310872458567521
-0.0023411989004958195
-1.216814012284579E-4
0.004918043192718085
-0.0022367464450469858
-0.0012964028861865786
-0.0029585835712058646
0.0039539292444028245
-0.0016543196429054927
-0.0029734968125040002
1.8402427664051732E-4
1.6291370965391527E-4
-5.055412004586885E-4
8.285211166792405E-5
0.0016493456260522337
0.004681626486213613
-0.0018780737188194498
0.001572354950714077
-0.0029378161233311263
3.7065165743530547E-4
-7.985482070948591E-4
0.002124265929818736
0.0016520047326028789
-0.0039882974184590565
1.629012329405307E-4
0.0014751084114897521
0.005318842983679595
-0.001479999800867547
-0.0015218471964879242
-0.0035495211220682027
0.0018104305667488978
-0.005323442136193911
3.4821223371769936E-4
-3.389303720028612E-4
0.003721670226221394
-0.004949180271057181
7.302794576864403E-4
-0.0018386489142163589
4.7556507608323287E-4
-0.004515303008972011
-0.0019718230983445696
5.297288488548426E-4
0.0040221424396655655
-6.623336005010914E-4
9.51881682891861E-4
-0.0017984910093659188
-0.0017017013892384862
-0.002907561347804897
-0.0031181091753942998
-3.902517962042591E-4
-0.002514927037986827
0.0030668449327147553
0.004184281398919398
-0.0021359105089885
9.446017204103787E-7
0.0045598457527969045
-4.061329109148436E-6
0.0021728025981307612
-0.009404853241815558
-6.12487641415884E-4
0.003239839985541563
0.006907678062258017
-0.002878067128499336
0.006966272585721904
-0.0013924866552077332
3.8588823820954543E-4
0.0024231177748898236
-7.53617559820166E-4
-0.001215992258103515
-0.001013390382671822
-2.580639861095623E-4
9.894205088960355E-4
-3.235752188832299E-4
-9.042116818376632E-5
0.0013821497302320665
-0.0028209076794900876
0.0033099389458335804
2.377712731556512E-4
-0.0016732037123722316
0.0015318530051939652
-0.0034539192857208608
-6.758369293616675E-4
-3.215485693719511E-4
0.006330570988918476
-0.003941541502139009
0.0013268735233760466
7.764651969548637E-4
-0.001308493597764606
-0.0014734550797717919
-0.0013796821364671342
-6.73576211841628E-4
0.0026966442672812126
6.598107752957662E-5
0.002945339319041464
0.001668973032450582
-0.004670118859252959
0.002925958122330349
-0.0030770743605785912
4.131698533451017E-6
-0.003320318297703889
0.003205495665177814
6.198896445470435E-4
-0.0023729713186939555
-2.4827094505954064E-4
6.697358051190205E-4
-0.0016552163214232753
0.004931792724388339
-0.0038261557499139624
-1.829272390960415E-4
-0.0034681988704031354
-1.3566204004062288E-4
0.001194880816409196
0.004149247239169025
-0.0017067798184391694
-0.001026385068468299
7.482509192252547E-4
4.617383632745972E-4
0.002136952806981564
-0.0015500886408749545
5.939155131106104E-4
-0.0015466912353862732
0.0016565344481152928
-0.0017185980614898098
4.887625238240993E-4
-0.001197736606492195
9.075611006417619E-4
-0.002158378373620669
0.005865449467407817
0.0013047106109167097
3.688603665075338E-4
0.0018471411422604006
-0.0012919126991138617
-0.0027629830666550887
-0.0047064450373273704
5.417521414389716E-4
0.0018538730923736016
-1.706186309296063E-4
-0.0016888253708684153
1.7677487848516925E-4
0.0027619849588958745
-6.725089763790294E-6
-3.349758726017536E-4
0.0026454102994159317
7.011767135692883E-4
9.484688890768209E-4
6.370380376050463E-4
-6.530145519520855E-4
-0.002422792106519896
2.3610431729747763E-4
0.0030295939780608794
-0.0015696197351498695
0.0013742470320243433
-0.00383396392395461
0.006150316670425694
-7.237598504229274E-4
-0.004997251644771767
0.003087496520511511
1.7127746444150393E-4
-0.004820139474599186
0.0015879369688286712
-7.464668733872009E-4
-0.0026350605842129808
0.0013991505317813135
-6.91608803103401E-4
-4.177457509907641E-4
-5.442333407908162E-4
-0.001253145477006192
7.463393908288907E-4
-0.0010768710095230471
7.66206978471154E-4
0.0018674428044138172
0.0023649894079270425
-0.001319318791131252
9.48589523677352E-5
0.0010758651610475055
-0.0033130619605827288
0.0057934457703825845
-0.002373622967225994
-9.601737433882443E-4
-4.643928819934257E-4
-2.3624825579286312E-4
0.003511209725415787
0.00109402531816007
-0.003746513965347253
0.0013380514117130407
-0.0018535270205474034
-0.005105740307299801
0.0033229448225512203
0.0013465265091173666
-0.0015214374498422791
0.0018333894115643325
0.002263585958918594
0.0031484361009560743
0.0013068776039550254
-4.4943989553219727E-4
0.0032942845876100086
0.005385430592308074
-0.0022424311136422315
-0.007541643138139502
3.958585121472633E-4
0.0022662606867964504
0.002250046104122314
-9.299823108050163E-4
-0.0019532211014123644
1.582356370867096E-4
-0.0010922855539785632
-0.0026054332143086467
-0.0013312233595300848
6.568100202423884E-4
-0.0013671770266436
-0.0021996434045488972
-2.7086234519112804E-4
-4.5173924935116867E-4
2.3716441806670213E-4
0.0012272169681653905
2.774831884775599E-4
-0.0020646666919593064
-0.0017268402030284052
0.0025916815767605852
1.2837565670107461E-5
-6.42148291319969E-4
0.0011039888497521638
-0.0026061115702723002
0.002372216561719688
0.001944315762264566
-0.0028679152246853567
-9.226036355851354E-4
-0.0018971990546882951
-0.001328175089611442
0.003105311392060486
0.0037313881703825505
-0.0021343532153505667
0.001259350983410924
-0.0019212898554419756
-7.573189348859055E-4
-0.0023660246679067867
-0.0010878174264613838
-0.0029742430646965325
0.004739144834048076
0.0027755832017122123
6.640615087956501E-4
0.001062104590979593
0.002950301802347025
-0.0015684887533884324
-0.005407754832557706
2.966429836950455E-6
2.4356553769802936E-4
0.0035709459593879275
-9.46037214088642E-4
3.6189278616248835E-5
-0.001048109199335883
0.0026924825322368656
-2.017776933471373E-4
0.0034724484267134384
0.0017027338093411097
-0.0037337668619735866
0.0013155581654114893
3.7632106551351236E-4
7.755247853007676E-4
0.0039462193760329105
-0.004812022634576393
7.72048569298517E-4
0.0033857157410332878
-0.0012118517321497498
3.3462591737633664E-4
-4.253106524818775E-4
-6.693497694097239E-4
1.3864937119606154E-4
4.0224591036565154E-4
-0.0014800126296907116
-0.0012282475335316197
0.001863748687198832
-0.005030757896715971
1.5841961760748677E-4
-0.0012901224273490232
0.004360222127245265
0.0032525702086637098
0.0034900971363829286
-6.583665440811734E-4
-0.0049812896746435536
0.001621023688628054
-6.309672516109392E-4
-7.064180072948812E-5
-0.003258887098181158
-0.0010594984981421147
0.0019369004571256187
0.002671106739924493
-0.0014385742542458108
3.1581328062349435E-4
-0.0016985212331658013
7.376158195036963E-4
0.0011599998971980304
0.0025615363963371602
-0.004329621530656622
-0.0013622131039559703
0.0017684035625436174
-0.0017627400668200305
-3.665003564317865E-4
0.002742229550826837
-7.567179958412398E-4
-0.003781844081016872
7.651858060196397E-4
-0.0012512596789275915
0.0026539922825126465
0.0032916240371468784
-0.0028700769103828993
-0.0016816034674626149
-5.134514333431442E-4
0.0014519470808414345
0.0014237731516462202
-0.0014059854931715561
-9.59826081525592E-4
0.0034137229605484378
-1.767213004388521E-5
-0.0014307708504714114
-7.349461212249034E-4
0.0010926599645420662
3.9398967495997287E-4
-9.025351643870945E-4
-5.013049331867143E-4
0.0012302728293221042
0.0024539954790394614
2.5977684234993262E-5
-0.0038180084061306668
-0.0019718020423183124
-0.002465684447783054
-0.0027362945942680664
0.0031399236239417327
2.53268265412894E-5
0.0013753689230237387
-0.001325304734552401
-0.001533976305019804
-0.0015016662909146973
0.003272948903005976
-4.5990347561424916E-4
0.007641610830656033
-1.0690661507926783E-4
8.214651562369031E-4
-8.053912118422754E-4
0.0025448637219505506
-0.0019704591072103607
0.005028364814116407
-0.0025884268402972363
8.86818460062232E-4
7.069826503786841E-4
-0.002982886244193755
0.00447238951597481
-0.0022373353223351534
9.747038858297192E-4
-0.0020215205493510574
-0.0020645039212573253
-0.0022732433409966145
0.0016876619164037775
-3.8471391402950797E-4
5.249163717137872E-4
0.0017787681256447416
3.4335880135577643E-4
-0.0012797644609177086
-6.072351240089728E-4
1.0319039300242007E-4
-0.0017965067091875416
-0.0027372628310637806
0.004575500379810544
5.297362906569916E-4
6.760064320778942E-4
-0.0013014903081609906
-0.0010889729838648526
-0.002897444984103289
-0.0019014007882968138
-0.004617498180681188
2.8969270829145677E-4
0.0028827695564352758
0.0020918141621606608
7.912502579482663E-4
0.0023332345395292147
-0.003600235651223621
0.0014621043966684079
-0.0021653801943928254
-0.0024020556208233937
0.002394395781625999
0.0020055401490218757
0.003097378368924591
-5.542276142237292E-4
-0.0019708291214437837
3.037897198819384E-4
-0.004068277509120803
5.914175406707773E-4
0.004082697590917888
0.003875749452806467
0.0013978284675575815
-0.00542076275347014
-0.0015795666263282394
0.002059542393294783
-0.0032156705035638715
6.733634079020433E-4
5.179602547650069E-4
-4.975804202153212E-4
-0.002079433560396745
0.0027047376124188795
0.0032606693660930867
-0.0013718386927287444
0.001961339748846715
-0.004129681303327696
0.0020330920611974887
6.340648476336134E-4
0.001590789940052218
4.378213644263408E-4
-5.885099887482648E-4
-2.240443716702272E-4
0.0012966028337917598
-0.001817336651564885
-0.002853943829601709
0.004195895764181157
-8.639936214644263E-5
-0.0019995342679221175
-0.001580265308329833
-6.491832754022134E-4
-0.00394422369307874
0.0029778266708178677
0.002013487462063929
-0.002807518240826181
-4.793913168620582E-4
-0.0016216689759368684
-0.001601581813001522
1.5413356996182067E-4
0.0022132847161035946
0.002071841619724875
8.812696346192734E-4
-2.246917830932096E-4
0.002351315830117285
-0.0022122228329659686
-7.615807691300738E-4
0.001788679247896777
0.0031925444784299557
-0.0010962256662184395
-0.0017304138840935008
-0.0015150852373440732
1.1682360121830198E-4
0.004663769626565816
-2.181915760215269E-4
-0.0034153373272474475
-4.785692058344327E-4
0.0037286254874449574
-0.004002326949323235
3.358496198703246E-4
-0.0030032413930090743
-4.0290675555742063E-4
0.0035703919128085154
0.008638732259357594
-0.003319171207981069
-0.007000829230622357
0.0017527151788935883
0.0011264767057207444
0.0011757074275229123
-0.003781692180325702
-0.0013791089278408298
0.002326221702922092
-0.0012683635711012806
-0.0015097115642777649
-0.0012048093256005383
0.0017019561368898021
0.0013351835731076588
0.0021626634777251455
0.0011990600423631968
-0.004277946174644123
9.601469680660976E-4
0.0017795568507612315
0.0017254531780866184
4.543891111694012E-4
0.005362057662510483
4.729490836231816E-4
-0.0036633451653370216
-0.004224837861094986
-0.0011757739918792016
0.001979288383771659
0.0014804827307876725
-0.003015051050450969
0.0015127443269146348
4.5208544289563257E-4
-0.002937628723458848
-5.51829308318018E-4
-0.00443024459784291
7.101266221064501E-4
0.0028462415483934077
-2.7189618594641494E-5
-5.308159594639029E-5
0.0011398917587260272
-0.0012439727036879502
0.0036597875534891793
5.608969743611341E-4
-0.001324635043684997
0.0017604443793416765
-0.0017504414543355396
-0.004792755527181492
0.002650719570310032
-0.0015645634783336645
-0.0016321930930583955
0.0019018019933692094
0.001470222593437119
0.002069641686995019
-0.0034655760997376814
-0.0015558128795628407
-2.5104917680778184E-4
0.0024546796706733276
-2.560541790882034E-5
9.630732781417095E-4
-0.001100235643530125
-0.0017471584607293925
0.0037667158891487853
-4.612655572798221E-4
9.35457055137541E-4
2.4830781443519216E-4
0.00487753827201642
-0.002830231810706552
-0.0035317804757033387
0.0036612376977305334
-0.001029306528852557
-0.002227225409970009
9.542339806194482E-4
-0.0025851688861855543
-0.002371362209731937
1.1980594259305543E-4
0.0034623143391265894
-0.004251681236305264
0.0018781246175220358
0.004200614567945897
-0.001156953705885835
0.0034722661127865374
-0.003428195198921429
1.1954453595444897E-4
-8.298514597145737E-4
0.0022266022212393795
0.0036294974461612266
0.0023541039071014102
-0.0017076396979545194
6.529089592160471E-4
-0.001370994940951862
8.752675807407666E-4
3.466978483080741E-4
-0.0022708710028812593
0.0014638533385601565
-0.0011231971603419312
-0.001544294909057239
-0.002628108395353459
0.0015184286621657062
1.3144079083579792E-4
-3.169382354905855E-4
4.026347598965461E-4
-6.723463897500637E-4
4.904368044190452E-4
5.384469458919187E-4
-0.001276704671038536
-0.0038443775055383364
-4.925663399950419E-4
6.527215076109242E-4
0.0017289284702012271
0.0017353483894510357
-0.0018063636154397845
0.0015566727621126632
-0.0011966982123244945
-0.0020321110681752255
0.0029492686236324873
-3.35882537884382E-4
1.2190450367919941E-4
-0.0015856893231906751
-0.0020215753864382927
-7.747736417993436E-4
0.0019759451669892915
0.0016451842320653913
-2.859445201711312E-4
0.00255132134408596
0.0022903644900881307
0.0016545458383292527
-0.002430393331721685
-2.3296476589434282E-4
-0.002046012085707349
