-0.0011281955564462504
0.0021957926445724915
-0.0032552717770810095
0.0021876746889548026
0.0012918992806821962
7.178533734008945E-4
-0.004289351959927315
0.0022795993058441566
0.001538822111294344
-0.0017566673334238716
-0.0027304790747289002
0.0029483242968584514
0.001704931622009057
-0.002169756588703709
-0.0022267107205911846
0.002691535687285832
2.1498179414612944E-5
-3.1506205201095984E-4
-0.0021021382110390503
0.0023957020836353734
4.1815132854417956E-4
-0.0014302213042871833
-0.0017704470706913036
0.0027825170464343104
0.0018570748469418528
-0.0020272784237746486
-0.001728118335309726
0.001898321912142484
0.0019130708288319087
-0.0018512154361207407
-0.0029411232292894437
0.0028792678365782915
0.0022322619777193414
-0.002550565094725606
-0.002534532576513344
0.002852835693519605
0.005856350895731693
-0.005695145586696157
-0.002311598840461095
0.0021503935314255104
0.00857331128370515
-0.008975743120052133
-0.0075815067896282465
0.007983938625975255
0.007199115401369548
-0.010063102662965014
-0.006321190817474927
0.009185178079070343
0.006194700272266655
-0.010411147633119105
-0.014748280221845888
0.018964727582698366
0.008269279550985187
-0.015512051511752677
0.006196515339746841
0.0010462566210206851
3.8536492235059024E-4
8.817960576536028E-4
0.015925426149558684
-0.017192587129562883
-0.020048648976890782
0.015648926844393868
0.00400776769986824
3.9195443262867737E-4
-0.0024664200178378423
0.01051940026168103
-0.015571360387732937
0.0075183801438897455
0.016424699382258257
-0.015269856005064999
-0.01135274798420397
0.010197904607010729
0.008101506821690953
-0.003505868534350491
-0.00927293258250526
0.00467729429516482
0.006229864722920695
-0.006590392228857758
-0.008464426912511456
0.00882495441844858
0.0011492034501674863
-0.002948450200012451
-0.00577397673278637
0.007573223482631288
0.0018808452649871966
-0.0015864284182905784
-0.004072112548537241
0.003777695701840635
0.002295026412124277
-0.0027534694449709114
-0.001453388091210562
0.0019118311240571976
0.0015682008258313092
-0.0012857345469158427
-0.001953453085713393
0.001670986806797877
0.0028709836438982964
-0.001756329335054839
-0.002796069898158609
0.0016814155893151994
0.0036404523256968243
-0.0033680869507999632
-0.0013937708916706903
0.0011214055167738514
0.003249101813307821
-0.0037071948189631443
-0.0029755051767785586
0.0034335981824339242
0.00327281312610243
-0.0023865319328759014
-0.0020609217401787493
0.0011746405469522428
0.004046888507477006
-0.004568329038722601
-8.848081247020551E-4
0.0014062486559476737
0.0011287635871063207
-0.0019264464816013608
2.693070905510522E-4
5.283758039440216E-4
-0.001352955264013335
0.002046336602842674
0.0035282869577452558
-2.897522874318549E-4
0.003623069386227549
0.0021876888569623484
-0.00131281231594182
0.0022887767399185463
-6.436149363289853E-5
1.6888228534434914E-4
-0.0016876684219845272
-0.0035696313705384374
0.0
-0.007786502661725023
0.0014077747147297282
-3.1532728494880653E-4
-7.49943578579282E-4
0.0015459099483941892
-0.0036736763816325175
-7.909639965719545E-4
0.004243787560406667
0.0026157071640307596
0.001998711081453157
0.003072532723872235
-7.123249752905914E-4
-0.0029715079781699105
-0.0015780523243104118
-8.786322503169389E-4
-5.515418366725895E-4
0.00227969353947756
-0.002133303560544586
4.793975090266931E-4
9.585695840474413E-4
-0.001843566096632118
-0.001805662388097798
0.004303671081355532
-0.002100536509019839
5.991933238232726E-4
-0.00590375481581706
-0.006754294717181149
-9.291568083171998E-4
-5.433989224530825E-4
0.005216296257915646
0.0022871348079757945
-6.67865601117072E-4
6.557909947499888E-4
2.464798994567625E-5
0.0032476600417409357
0.0016472332297422846
-8.606713477880513E-4
0.0015748728494319362
-0.0029457896321301315
-0.003485789074331676
6.551943835205256E-4
0.0015520947490605748
-0.002561715163583205
-0.002884719859033107
0.0023039246893475354
4.0174016846939364E-4
0.0011521242350670655
0.00456535735087799
-0.002809342115148917
-3.3997363515154023E-4
0.004223133860604123
-0.0038250846113109553
0.004367252399786927
-4.229069163770435E-4
3.8364309909817967E-4
0.0057937958233996315
-0.004762587068238007
5.14628923353376E-4
-6.578285716983085E-4
-3.69903424837325E-4
0.0017845463011610485
-8.844695692887728E-4
-9.063522695880754E-4
-0.001883126798381024
-0.0015927399321404691
0.00245994020354379
0.0012930916921993062
0.0027359717965162182
-0.00240206867553348
-2.6061461786780656E-4
0.002207242860167772
0.0024652171055816793
0.001247168625875595
0.0030278548433689315
-6.824568464892954E-4
-0.0015624802357348333
0.00248209342172988
-0.0023315435464339564
-0.002253830940806238
-0.0022696221499626983
3.442155654112544E-5
-0.0022631644491767997
5.436646256247973E-4
-4.1924319447407933E-4
-5.359882573260056E-4
-0.0029980414191193654
-6.372902653543453E-4
-4.99847131769661E-4
0.001762062769171091
-0.0015781844497095366
-7.261311136230014E-4
-0.0026724790057714182
-0.00511230159244958
0.006614656778528944
0.003522439499782156
-2.0237160339337651E-4
8.671878537816127E-4
1.0061966607604212E-4
-0.0017744404942767946
0.004052305986407811
-0.0039021837086779636
0.0020450143193060607
0.00115081331605242
-0.006725441460745377
0.002253090132405022
-0.003675988318927378
4.8797940462134244E-4
0.002513745521577874
9.074047537034074E-4
-0.001964392400169119
-0.0024976123661328824
0.004573495004906583
4.3288483150611366E-4
-6.101197676985548E-4
0.003238604057708804
0.0034235576278426796
0.001722894494456592
-0.0016542195374159197
-9.48282607744357E-4
0.0015365925023621808
0.0028500843783901414
-0.005858131683400608
-0.0010015334391022348
-0.002581818117357584
9.848452782239075E-6
-2.439090210863068E-4
0.0011793300516034968
0.0
0.0020765255693133344
4.6937323328826103E-4
5.585102073624308E-4
-7.445113656983564E-4
-7.498642214248486E-4
-5.342705012460515E-4
0.0030623704248355357
0.0011001963821287018
0.002207652281952307
0.0022664013365715748
-0.005074515541438878
-5.832354550524969E-4
-0.0012659892152747758
-7.691336102969339E-4
9.066692787095994E-4
-0.0025407718399819215
-0.0024596979103274946
0.003951157040962276
-5.29124417842127E-4
-2.55743664276345E-4
-0.0031669801209331275
0.0021989695888882483
-8.673629484444801E-4
-0.0021558432553292362
0.0013417280173032386
4.8592326584553523E-4
3.899348563252145E-4
-0.00234128950465963
-9.587073188264646E-4
0.0064945637364110225
-0.0017603156502878272
-7.736376829330198E-4
0.001121849070685591
2.773030967593834E-4
-0.0027608705612569935
7.231456925515906E-4
-8.871532254579791E-4
-0.0014641435187552996
0.0018465255048311724
-7.653541055701934E-4
-0.0013939471634341156
3.784242035786584E-4
0.001522631375114029
0.002464838444010126
8.999496680123485E-4
-0.005804571757629346
0.0021270592983513234
0.003515372521378134
-0.0016632548092279417
-0.002295874083513543
0.0037446762526194637
0.00196149917734204
-0.0024435141154851244
0.0027256465095328326
9.028167190298201E-4
-0.0025364956872951185
0.0027320331869388446
-0.003332925339998892
5.628476699580078E-5
-0.0024502047736065643
-6.169486239386594E-4
7.640322245797192E-4
8.494572044364867E-4
-0.004005284045365424
-0.001229142592831278
0.003557260473547161
0.004770416538127409
-0.003242977516716567
0.007263671944206861
-0.0030656113645665265
-0.0012394915393323161
0.005346442546446855
0.002863448175260753
3.2420582397188133E-4
-0.0035285790314679164
-0.0019077304306796361
0.004615723252512479
-0.0046817658564558525
-7.536098427818285E-4
-0.0025755249548398648
0.0022722624449341387
-0.0021924138351905004
-0.0016678064040056453
-1.6842736321089318E-4
-0.0022682820222831657
0.001336810956347856
-0.0019416062039133437
6.645349463566706E-4
-0.0021463986139397566
-0.0015316893785069904
0.0016986546327834235
6.614897650094155E-5
-0.003484849052221005
0.001528886196809364
0.0015667632263091313
0.0044767118395376785
-0.0029151287109151387
2.3622344634611093E-4
6.549364034079425E-4
7.559829660626393E-4
-0.0016611283158566607
6.495554221240141E-4
4.5655292613320137E-4
6.139549237530089E-4
0.0017485145203511533
-0.0024461078792319705
-8.409396444287046E-4
0.0020550382939574065
-0.003719649537090385
0.003820186138228466
2.463843924008886E-4
0.0013644824303010162
-0.002440833243930236
5.3725939177203E-4
0.001552282902739963
-0.0012123317947049773
0.001682398765266335
-6.872933434648148E-4
-4.766963636193219E-4
0.0017940956019115778
0.0020252750301374203
-0.002293356144628414
-6.352669968386468E-4
0.004102244666516491
0.0010499311331737882
-0.0014303963422892803
-0.0020753779339628227
-4.556861884309379E-4
-0.0031512303638595953
-2.2082478097009296E-4
0.0020060132351779883
0.0013074815358436894
0.00706613633903799
-0.004026585038916291
-2.585961067039719E-4
3.440697467123754E-4
0.0010944728639725688
-2.640623338735267E-4
0.00402311699179958
-0.0018192802981490993
-0.0063338164316389615
-9.130986806828384E-4
0.002079678636704928
0.003625253508835262
4.1862654402467206E-5
-0.0020352417239066934
-0.004246453715448432
-0.001615113973469061
-0.004836910883597624
0.003830632532142819
3.846443910960071E-4
-3.028326326400692E-4
-0.0013975172668526064
9.701491520027504E-4
-0.00247552321324764
-0.002076453197680456
3.0499729207289234E-4
0.005455360825472134
-0.0022525662167028736
-0.003313554156439432
0.001811083261129012
8.034746215239245E-5
0.0033311184135227023
0.0010161889895294075
-0.003859945689427755
0.0032434695877659294
-0.001139327618234175
-0.0010147041952203576
-5.508631346160665E-4
-0.003278821214599403
5.315464416933122E-4
-5.063168746178024E-4
0.0029244581201590407
-0.0032304676093741266
0.0029506558403076923
0.0019840141089452513
1.0238988686645011E-4
0.003072069317859815
1.5135612659815368E-4
-5.999889623694091E-5
0.0016318123884309075
0.00170333928915117
-0.00377892802414608
0.0012893627706175052
-4.8433516426813253E-4
-0.0012576201385443068
5.042710634738817E-4
-4.380039475890317E-5
-0.001979215094942212
0.004166447708033155
2.1679151919559963E-4
-3.816062863272766E-4
3.180206958477913E-4
0.0017142948316498086
-0.0031406849386317846
5.49852817278591E-4
0.0025955675545810022
-0.004286153792849455
0.00196136194175339
-0.0022219899756963407
0.004589907113472179
-5.213407693538635E-4
-6.752088757806605E-4
0.0029097596209347602
-0.004850844901404053
-0.001446985312796089
-0.001478019947833239
-5.098803704291005E-5
-0.0011093384758700327
5.515204741656656E-4
0.0020526792621538862
-0.0028952735443853604
0.0013797866611827874
-0.0011333826038857932
0.002349063783157507
-9.630267128837048E-4
-0.002042966478147226
-0.0017425941933132754
0.0026941574981109626
0.0014316963718017334
-0.0016589768353297734
-0.0025822775733514193
0.0026909562300053485
0.005880250097692611
-0.005616255698407563
1.0792265780628914E-4
3.304732692555862E-4
-0.004117792266503451
0.0030615807104922305
0.005509862411631524
-0.00261362358271016
0.005365297911923455
6.819299101051401E-4
-0.003029241933892507
-0.0042138804495977554
-0.0030389369925757064
0.003684007062899163
8.14820570200229E-4
-5.635403653882649E-4
-0.001739735655006147
-0.002051894884762941
-0.0015097348539405686
0.0065433994535600715
-7.986760052405783E-4
-0.00481203280280534
-8.925682822124516E-4
-1.993479958879111E-5
0.003062167430618509
5.808339459821023E-4
0.0048146664372929575
2.1107950079335717E-4
0.0029841189593061736
0.0012739554824407289
-0.001973346944664246
-4.910621930352153E-4
-0.002179094984697469
-0.0032048810716327663
0.0011556629583555603
0.0021461872160293324
0.0014983037230819033
0.0014616900242819032
0.0011885038929323327
-6.78853646335225E-4
-0.0015717693685316008
0.004066468512792801
-0.001026273320157145
0.0012761095570579077
-0.0013533889937968088
-0.004831847419563033
0.0030231222304947613
-0.0033886828522388763
2.849922172102631E-4
6.585662892791204E-4
0.0010316654686493838
-0.003665884738932335
0.0018486811459389471
0.0025614371237775626
-0.008074417562422862
0.004923017898108244
-9.597141889708903E-4
6.666547388357522E-6
0.0023949611882802865
-0.006246943315474627
-3.3565422434179114E-4
-0.0018763823651593472
-0.003270126728128706
0.006434168709715733
-2.7622388463725833E-4
-0.001311408519653196
1.5241736744590797E-4
0.0023014024728239693
8.313161209871387E-4
0.002057823218120999
0.0027195776632058413
-0.001900796882997702
-0.0021120153115827657
-0.0032257154250179706
-0.0017472535511952622
-0.0013744840753967466
-0.0011397854793849381
0.0024855573463741414
-0.0032418612186299366
0.002760092461321928
0.002449004821760509
0.0015587040186683316
0.0012107378242402652
5.674203816686543E-4
0.006017132609043018
0.0011457820412619432
9.489967430647891E-4
-0.004732286408602342
-8.912189677835081E-4
-0.003733599973420317
0.0015067009708079873
0.004387035533770962
8.763874352440667E-4
-0.0052845500225813125
-5.29172356278664E-4
-1.215693448812314E-4
-4.978430173561222E-4
0.001794151518739637
0.003346168138227275
-0.002319044070424265
-0.004987854648305575
0.005399305321163246
-6.076429944060966E-4
-0.001385139116918325
-5.815022645846999E-4
0.0034338870560812335
0.0022299333680647756
-0.003654064578416019
0.0031747739532890593
0.0013601387089382765
-0.0018073497484273825
0.0017085378404208809
-0.0051755025506368575
8.735078626498556E-5
-0.00143172090903309
3.8563434038485457E-4
0.003723054603619146
-0.002052236795227534
-0.0021926682036228946
6.771406570139132E-4
0.003722771071261213
-0.002609567841616031
-9.301790354141856E-4
-0.0031317411501385057
-0.0037717963011353
-0.0010549903126647292
0.0025328331686596196
-0.0031682592157877163
0.006083602922091348
7.311873857043312E-4
-0.004839044983327825
0.0033387708012957117
-0.002161315662390963
-8.444342970839588E-4
0.0029739618664943353
3.1046626261663245E-4
-0.002155573719899766
-4.4802448587797955E-4
-2.2997397896636703E-4
5.345529014056049E-4
-0.0013116667510174387
0.0011072107227223262
-1.6441399767384715E-4
0.003919353644660075
0.0037929021842940734
-0.00472675539910026
-0.003118026888629474
0.005401005435025279
8.68608934587482E-5
-0.0015907281252662323
9.84612209809219E-4
0.0031102719239638884
-1.780310491359227E-4
-1.6641048339525143E-4
3.864496988979856E-4
0.0036064081037468863
0.0035585991073083046
-0.0027403352735657456
-0.0026358048232907926
0.002940188401078383
8.283914150708288E-5
-0.0036012426438092435
-0.002568818717021025
9.574036134330648E-4
0.004773949356131407
-0.0033131959765911045
-0.0022510077019390084
8.847304413919458E-4
-0.002205859605131765
0.0015246281366541447
0.0023390971670858036
-0.005015170943441279
-1.9239614044646897E-4
-2.4458518496991316E-4
0.0019322545094225304
0.0010812081404860594
-0.004649416946337792
0.002694294054539848
-0.0018405441925636442
0.0019314497909836328
0.008387763793941194
-0.002468622373932928
-0.004580658701896287
-0.0023707843817315916
-0.0011770104134033563
0.0021829780113604503
-4.0126264600979806E-4
-0.004476895855532734
-7.36399151139546E-4
6.628434444001814E-4
-0.0016844116881010052
0.0017898644611200852
0.0021861551197447974
-0.0023175209462211084
0.0027088794664427377
-2.3945071555441855E-4
-4.936068970589668E-4
7.106395615985818E-4
-0.0015942302690043196
0.005580357142857144
-0.0020699463906433814
1.8002296188168558E-4
-6.883559865067165E-4
4.64213706877107E-4
-0.001349362665254858
-1.830535384921353E-4
4.654689209583878E-5
-0.00455675533111196
0.0025491731301656786
-3.054547442433702E-4
0.0022657479929502526
0.00229690012740902
0.016712855085938647
-0.005450402692976943
-0.010772933907700996
0.012265448661211676
-0.002873821635711737
0.001784725201651201
-0.00314952000883333
-0.0024232904712978174
-0.0018822429414634325
-9.362426108025135E-4
4.371943190801279E-4
-0.005059993229844579
0.004204135748208713
-0.0017206195915627292
-0.006058328607668942
0.010779387577504346
-0.0029868801839269647
0.006142839714325207
-0.0025614181933545236
-0.00622538879535815
-0.006841049170736818
-8.950737581190653E-4
0.01102735912355833
4.2998243179858016E-4
8.943607532112382E-4
0.004358717722034416
0.0018374226598140968
-0.005454572901592477
-0.004932027791995859
-0.003403392048473839
0.0031138227549018845
-1.99847902782212E-4
0.0113627734236974
-0.008335458778634142
-0.0013457415007757526
-4.011319938200771E-4
2.6098229046442496E-4
-0.0030343425073316686
0.006151544056721211
-0.0058833143924815826
-4.3293394780860757E-4
-0.0033648124197321397
0.002662873181416861
-0.001206541923749551
0.0021327974272588547
-0.003251704040454795
-0.006502629148613015
0.008876041433381518
0.002793168198594382
-0.003757718651452661
-6.093443679651782E-4
0.0017426452659032245
-0.003998281357942452
0.004400758154976886
-0.001265825482499653
-0.0026665755942686543
-0.0061973354884599045
0.005678302090798049
0.002493498193397254
-0.0014092002459270823
-0.0010173850079583425
0.0017213215527897134
-0.001779163888953304
0.006021530160393232
0.014760530352085435
0.00401476948995832
0.0030359018103491174
0.006070714871910593
-0.002903882629360157
-0.006715134665963638
-0.0012798690836544756
-5.018540297602727E-4
3.3324099466693676E-4
-0.004930972743424633
-0.002868988910725012
-0.007822717310313743
-0.0019493097479747982
0.003957104794358481
-0.005530828805755313
0.010904606897308305
-0.0013873812204350468
-0.003437413629924755
-0.005100922606246675
-0.003526452417320104
-0.0062184192162096094
0.004085819267176286
0.0032851165075482836
0.0011035505326623901
0.006309703673873592
0.00400324224109674
0.007745616694106269
-0.005295004920130039
-0.0059681033252812305
-2.210165313027263E-4
-0.002389263669649226
-0.0019648145000162867
7.277510784584572E-4
-0.00825115412346272
0.004107603176742346
-0.00420235175625879
0.0034359205839040283
0.0012484353321346696
-3.224521518001007E-5
0.001083854081439131
9.955326684083741E-4
-8.717166791021242E-5
0.00416930555243392
0.002353321800776259
-4.022024392532339E-4
-0.008293074390563638
-0.0017895019430201737
-0.002645529528276643
-0.001507631353551397
0.003337460766532698
-0.0035618019662779507
0.0021194929288100178
-0.004007943653404304
-0.0028684072228133298
-0.005364999485643074
0.005586956234159056
-5.001499784945323E-4
-0.005753000644545865
-0.004274730631246955
-6.984176360460151E-4
0.004477044484834129
0.009499366095535205
-0.004898671645626962
0.016399372333754512
0.007974391106576122
-0.002330541510336089
0.0029164549476648526
0.004032964312652566
-0.0021536071075515997
0.001071032345624176
-2.2043430352098638E-4
-0.0030333284314480458
7.649318837131276E-4
0.004183269488467568
-0.0071454069866615545
6.779860290476934E-4
-5.418419899222066E-4
-0.0036800478572138404
0.0026550968406667454
0.0020281966336110177
-0.0046391210016610285
-0.004657359013432924
0.0014099401178845048
-0.0018077850178605922
-0.004597116723464481
7.768996286410399E-4
-0.004153751285744449
0.00372468109110188
0.005124042171557678
-0.001942073741859758
-0.0021578897705819885
-0.004416075936045208
8.669490967718885E-4
0.0021221915758853583
0.0022814795150327997
0.0020018866308102526
0.002774876008232163
-6.961119936007808E-4
0.0046514672105117906
4.080961333111973E-4
-0.0034267962978489714
0.002146638675681314
0.0014707296453710015
-0.006958474837987312
-0.0014343766539550175
0.00381731661517684
8.111341142974584E-4
0.0015771286290489483
-0.006373831564043269
-0.004893986939205481
-0.0027973754234772268
0.0026023758610124433
0.006205968012869576
-0.008764731449132174
0.0016854069013730088
-0.0029692144927855463
-9.953344032568581E-5
-0.0030677525505546583
0.009305551587271933
-0.001195885628364259
9.9099724253339E-5
-8.624245879982465E-4
-0.007378104104852445
-0.006466837095454324
0.0077252463257835476
0.0012656298021049839
0.0028622163345113734
0.01084054274036998
0.0037213271708713305
0.0018669830761907326
0.0093220185602033
-0.00259421468124853
-0.011695450879732906
0.006192207849527237
-0.008155322364867728
-0.002790178571428572
7.420531989890339E-4
0.0
0.0014912416995956092
0.008429974278849514
0.0030589522671351276
-0.004253258851137531
-0.004061268971870766
0.004919636491190795
-0.002313071825264367
0.002075677613739755
-0.0043657049821201905
-0.005673954375545934
-0.0019449947086734995
0.003084223851223299
0.003122383726757787
-0.003334794769915719
0.00965558877307859
0.0
0.003145008937956359
-0.006398502067657456
-0.0016878279163886588
-0.0037113981440064824
0.0029880900079531213
-0.0050518717542557216
0.005497391197597287
-4.989761946326138E-4
-0.0014032636279171585
9.585457505216152E-4
-7.233873475132437E-6
0.001267826113178065
-0.0024297464341315692
0.00636524196821504
-0.001084791033111294
0.0
-0.011066904702720527
-0.0037185710119667092
-0.00273705025625094
-0.006171191587107339
-0.005118249142774835
0.005398692612730224
-2.775097969684552E-4
0.005082516875659101
0.002451871932756461
-0.005580357142857144
-0.0014827566303353083
-0.008035098565785513
0.004331641777691841
0.0
0.0024441688061318527
0.0
0.008050153521604615
-0.005492905061002773
-0.0015034295712520645
0.003982284020804891
0.017623476211442387
-0.002629328795191517
0.0
0.0
0.0066281367462358
0.0
0.0
0.0
0.00852620137095697
0.0
0.0
0.0
0.00600492188292241
0.0
0.0
0.0
-0.012889980449129992
0.0
0.0
0.0
-0.015130436092216844
0.0
0.0
0.0
0.002509159248143092
0.0
0.0
0.0
-0.0031310432945496833
0.0
0.0
0.0
2.402686268707494E-4
0.0
0.0
0.0
0.01175701974508818
0.0
0.0
0.0
0.0
0.0
0.0
0.0
0.001619499456436078
0.0
0.0
0.0
-0.007180003861777424
0.0
0.0
0.0
-0.002869355476756536
0.0
0.0
0.0
-0.01015356456144646
0.0
0.0
0.0
0.011432048104749907
0.0
0.0
0.0
0.002637128554473781
0.0
0.0
0.0
0.0
0.0
0.0
0.0
0.0
0.0
0.0
3.8536492235059024E-4
0.0
0.0
0.0
0.0
0.0
0.0
0.0
0.0
0.0
0.0
0.0
0.0
0.0
0.0
0.0
8.817960576536028E-4
0.0
0.0
0.0
0.0
0.0
0.0
0.0
0.0
0.0
0.0
0.0
0.0
0.0
0.0
0.0
0.015925426149558684
0.0
0.0
0.0
0.0
0.0
0.0
0.0
0.0
0.0
0.0
0.0
0.0
0.0
0.0
0.0
-0.017192587129562883
0.0
0.0
0.0
0.0
0.0
0.0
0.0
0.0
0.0
0.0
0.0
0.0
0.0
0.0
0.0
0.0
0.0
0.0
0.0
0.0
0.0
0.0
0.0
0.0
0.0
0.0
0.0
0.0
0.0
0.0
0.0
0.0
0.0
0.0
0.0
0.0
0.0
0.0
0.0
0.0
0.0
0.0
-0.020048648976890782
0.015648926844393868
0.00400776769986824
3.9195443262867737E-4
0.0
0.0
0.0
0.0
0.0
0.0
0.0
0.0
0.0
0.0
0.0
0.0
0.0
0.0
0.0
0.0
0.0
0.0
0.0
0.0
0.0
0.0
0.0
0.0
0.0
0.0
0.0
0.0
0.0
0.0
0.0
0.0
0.0
0.0
0.0
0.0
0.0
0.0
0.0
0.0
7.989848239671198E-4
-0.003681087139412146
-0.009265777632753915
-0.007900769028691853
0.013009733800581404
-0.0013793730064763934
-0.0025195021208116444
0.006538068171100506
-0.01402713140717782
0.012235228118828358
9.93816911221444E-4
0.004805854076996262
-0.0022480072352085516
0.0033446322887412255
-0.004779897545388825
0.004075226924484827
0.0
0.0
0.0
0.0
0.0
0.0
0.0
0.0
0.0
0.0
0.0
0.0
0.0
0.0
0.0
0.0
0.0
0.0
0.0
0.0
0.0
0.0
0.0
0.0
0.0
0.0
0.0
0.0
0.0
0.0
0.0
0.0
4.6298210604152557E-4
0.0012059893825799668
-0.003703482489043843
0.002833495824389471
-5.868409952097015E-4
-0.006661999439170684
-0.0026390030655309323
0.006206756360499173
-0.006229907023969194
0.00618677057678533
-0.0031873517302511735
-0.006035289455318872
-0.002790178571428572
-4.05389354322226E-4
-0.005580357142857144
8.751560399160896E-4
0.01584810562360029
-0.0024119696029821338
0.0010460945709115529
-0.0014724967909483001
0.007443320677145493
-0.008268769505477096
3.0732589874414877E-4
-8.612500768889477E-4
0.004369792559672061
0.0014975170073434265
-5.944944071515001E-4
-0.0077923172806756286
0.008858266692281798
-0.0031521504827917435
-0.007532013932249367
0.008363965893859824
-2.5893250714958884E-4
-0.007715282209332924
-0.0014719751890764044
-0.004580941501618902
0.0035061344104360516
0.0
0.008508471627631443
2.206220807608652E-4
-0.009439757331012934
-2.872519383442136E-4
0.0039883210655135394
0.006732505115065053
0.0030838440361238384
-5.063303866199948E-4
-0.0011077297077660994
0.0033360701352585184
-0.003543199649083152
6.514113278917716E-4
-0.0026917500702484613
0.0033355311562312936
0.002471038014766634
-0.0017740139561380503
0.002455296210283989
1.9231201982865265E-4
-0.0038871517946554614
8.49651625552962E-4
0.0027317058156687557
-0.004474103191955082
-0.002882816865300829
0.005521960949960611
-0.0018818054387824842
0.003317888278607525
0.01176365581973578
-0.004879177592095271
0.002797112853264172
0.002827364492504394
-0.006279896263514811
0.0019504504180962179
-0.0037835522057306954
-1.5685305069403424E-4
-4.031215085985874E-4
-0.0031030111948907864
-0.0018000393555854667
-0.0015149411183823201
-5.284371848757215E-5
0.001331368702751644
-0.004679155791250523
0.003516219495040016
0.0035095607720880143
0.002556856124875234
0.010633675133618056
-0.003866439923442824
-0.012503603599870614
0.005090825671176709
-0.0015175963240061244
-0.0077744086480857994
0.010549267927604704
-0.003249366744826504
-0.001209625153448683
0.002541814641799125
-0.005148765035722803
0.0017878475000499734
8.433277441994708E-4
0.008276030175673106
-0.002641292714184852
-0.001977628589731705
-0.0038898587708781273
-0.006678243515170847
0.003648866026978426
-0.0010170130878236442
0.004623804863675635
9.9102946850709E-4
-0.004665205196866618
6.392438738072673E-4
0.003255610582614617
0.003708531484224357
-0.0012844283495684616
-0.0027430761392836893
-0.010070901615064583
0.002529201291032201
0.010178465023170269
-0.0031797193328828187
-3.087156690737558E-4
-4.209147295374583E-4
-0.001814278640613524
0.001660398376652301
9.339904667507708E-4
6.779805234371017E-4
-8.587054650922151E-4
-0.0017699693954970953
-0.007463244327877714
-0.0060099870331880665
0.004103831744633826
0.0033961028752716683
0.002362234986287683
0.006030910741448778
0.02037169302544188
-3.696639372698235E-4
-0.001141881087400016
0.0039502409000371705
6.043237255435435E-4
-0.0030016903501936453
-7.888452359753358E-4
-0.004293457529209126
-2.2912643307748583E-5
0.0012269631535897876
0.003259555234789004
0.004768607801859301
0.0025732737892015804
-0.00714730344962195
-0.0028588328338601822
-7.053711813661868E-4
-0.0029303256048271655
-0.007414146235389666
-0.005518173078514389
-0.0010862675582892997
-0.0037473497259052704
0.0037094082578739934
0.0052230583472319325
0.0024995444989009312
-0.003673014866367447
0.003831673689034275
0.0019071193823077491
-0.0018091314042849834
-0.004707558530100254
0.0011959724191627401
-0.0020911921267028327
-6.594734691952962E-4
0.005545613331744581
-0.005562686644772386
9.019184485174361E-4
0.0037373906215576536
-0.001639098375111225
-0.003849497986428326
0.0032086026724292907
-0.005203109772296858
-6.411049773446436E-6
0.0014167044548590842
-0.0028607785225944478
-0.005766813136788436
-0.0027017067006508246
-0.001257331544304275
-5.167194456199584E-4
0.0032011756650281538
3.79137923636242E-4
8.058350643061684E-4
-0.005864783490359657
0.0022976051432722364
-0.0017453276641403194
0.0044578707470189095
0.005233015636466733
-0.004173315780555726
-0.006333869590599765
-2.7317451534557193E-4
-0.003160449781415137
-0.0017770007884674813
0.004263397678136325
0.005640674648622921
-0.0033960410318116478
0.013844330408246504
0.0073827235760193875
0.002674121529540434
-0.003004944847406583
0.0163142184178423
-0.0031679474679309908
-0.003176289476570479
-0.00227093095583911
-0.00392549385278513
8.268658865417879E-4
-0.005397814749144567
-0.007412256638866993
3.6028629371314454E-4
-0.002898567432155606
0.0028529445252139653
-0.005199009186596445
0.014143601200115851
-0.0018826630591152354
0.0018116435444036037
0.0021268259049645947
-0.008583258429866236
-8.271241765053239E-4
0.00298399758068301
0.002654126694829926
-0.003494909430736678
0.0027523540320680043
0.0051035055629539165
0.0065654029972858265
-0.0015454311721551464
0.0024638111474458504
-0.0028403778561055084
-1.4995562381785437E-4
-0.010643816250683268
1.133151467541942E-5
-0.0026703503230232684
-0.002386089324439925
-0.004991100017260636
-1.38326685938587E-4
4.281013153630256E-4
0.006574296201765418
-6.619040490522783E-4
-0.0021441256793958323
-6.485433847318567E-4
0.002897169326267826
-9.590539490529678E-4
0.003634991360562401
-0.004358888978459623
0.0013549239761153136
-0.005215363885899688
0.0019084048987343316
-9.660807618916097E-4
-0.0021419389165584727
6.270210163025775E-4
3.9145421482258275E-4
-6.807638813646462E-4
-0.0015798996342148422
3.012213746163429E-4
-0.006571544099478504
-0.0025148856362351302
0.0025205485381523483
-0.0022969042404333367
-5.92434580182188E-4
0.004451230789356302
-0.006322245244427404
0.018144110457966465
0.00427772160819246
-8.079693183458496E-4
-9.347026916564346E-4
0.004884747332123725
-0.002336678466261283
-0.0019264316705329264
-0.0012253167891483428
0.006337760914971712
-0.004975090909048753
-0.0023404909864486547
-8.331353786143939E-4
0.0027425700906714167
-0.002884428196644021
-0.0013475188313205044
0.004424821688561182
0.00317400632642135
-3.6233769278269136E-4
2.795527010192832E-4
-0.004347496034624671
6.883369108357596E-4
6.180161280659735E-4
0.0010744867957752004
-0.0016863164817632768
-4.5114090396698795E-4
-0.0011844553603413991
0.0018232009206387984
0.0060580811026519875
-0.0013192343564079963
-0.0012464572557412397
-0.001476446604680772
-0.0024684972015488814
-0.0025896848959868473
-0.001630659965675907
-7.242906015209483E-4
0.0024715438849346057
-0.005253043178002298
0.0034768885015735943
-0.0012693625952645065
6.780836750697274E-4
-0.006343347788536467
0.0014436042187107026
0.0029231738756431303
2.8875921179070778E-5
1.7521020730611593E-4
-0.0017385571130523142
0.0015010291662691288
2.825431501213196E-4
-0.00448611827126644
-5.362888298885322E-4
-0.0010873182609383906
9.183811501747507E-4
0.0033130264363226275
0.0025171919991239106
-0.002209408274356065
3.263749571445027E-4
-5.292502019072116E-4
2.0140508150959865E-4
-2.133699942513266E-4
-0.005441893440999188
-0.0048624277249854735
0.006240971517247095
0.0042147352600238296
-0.0023234600600192034
0.008296284804247635
-0.0027642956150177216
0.004449651665663224
0.0014096313924022573
-0.0013465523232024275
0.0017085983547696637
-0.001602380734592253
-0.0011852193543602412
-0.0012610237456030745
-5.364899221070227E-4
0.0010172500775211864
-0.003586189120524698
0.0012131552739387853
0.005374491204863776
7.652003753252073E-4
-0.0017673723100683357
-7.392517688408332E-4
-0.0028210646083888795
3.0859702876265055E-4
8.824262569242895E-4
0.005905459485204136
-0.00809522047002387
0.0011234209792224756
3.4258786561378984E-4
0.0022984958808093155
-6.27690443730667E-6
-0.001624121295147371
-2.3767512102655598E-4
-3.910131808615772E-5
3.606402627369593E-4
0.0019629550480858575
2.4095008641129232E-4
-0.0035505233766730537
0.0017984281780267703
-0.006833627989722322
0.0019424769985846462
-0.0014218141560589448
0.0019465940516905258
-0.0026414917892724475
6.349658320291668E-4
0.0022524457211346993
0.0031033001671415773
-5.114879959947582E-4
0.003105177040010834
-0.005885061006940176
0.0011323725315017246
-0.004199174861543881
3.1107450072996676E-4
-5.081539541037495E-4
0.003489673879594494
-0.0018497072160716024
-0.0039177088886021
0.002649271176888727
0.0033143276248120187
0.003940032265446659
-0.0010605917844499666
-0.0033019691155170275
-0.004515629828800634
1.5706949259438783E-4
0.0014061141501456671
0.002867853763174993
-0.0011944224942378118
0.0027843455047520884
2.596436496941565E-5
0.0027786005879320043
0.003930572008016384
-0.0017029413008120507
-0.0012807673742710403
-0.0012441214987186297
-0.0038739604478109724
-0.005833243982377197
0.0020384436269425222
0.0037436742918775974
-2.487669168724396E-4
-0.0029550120671525794
-1.7261692331913556E-5
0.0035378664356660225
6.141115972001752E-4
-7.36853137841411E-4
0.0059479457652635796
-3.8840041790854686E-5
-0.001281090389987286
6.762852881042345E-4
0.0014179957697605058
-0.001938891106629116
1.574674007300338E-4
0.005435559613612202
-0.0020775455347806747
-0.002695900758757127
-0.0032764459904066107
0.004974989527484557
-7.852590544375065E-5
-0.0028882750728014468
2.075484093672273E-4
0.0012309522071216527
-0.007891688512604775
0.0064411366369398065
-6.872175521855635E-4
-0.0023671571723016464
0.0014263502495382651
-3.270720132544419E-4
5.582202832446212E-4
-9.293892649144095E-4
0.0013787001651377568
-0.0019688209044945197
-0.0031935479363518157
0.0032044485504915798
0.0028485755159012418
-0.002172049181435755
0.0013867522023561763
-0.0013180806952127417
0.0011221248797437737
-0.003033949674799762
0.004174511935358922
0.0020457241401663313
-1.9603204177375845E-4
-3.511225288868479E-4
-0.002135917643900866
0.00534285598880091
-7.84460736700761E-4
-0.0011091515415800144
0.003662979796764109
-0.004054840720734193
-0.0050807177709930665
0.004283195337005488
0.001572984070309214
-0.004299031521351075
-7.265894891012436E-4
0.0014333084284574773
0.003910764979330496
-3.9308991790362995E-4
-7.645243152718624E-4
0.0033836252550474523
0.0025733422710292964
-6.211219963182992E-4
-0.0038332916578807984
5.329823383266718E-4
0.003271633960838403
8.170567959301633E-4
-8.524611920100105E-4
-0.0018686829615045797
-7.796868167324055E-4
-0.004641770841211704
-9.892987621315926E-4
0.0025495492725866667
-0.0018440430599570012
3.997432566570612E-7
-0.0032028499259506467
-2.476971650861902E-4
9.266935638267948E-4
0.0018026026010330965
7.486503193894457E-4
5.378358708721695E-4
-0.002589215174323865
3.3704033854510887E-4
0.0016810612508619178
0.0011262511055156826
-0.0014942924539341584
0.0031683105318722855
-0.0015707746033667858
-0.0021334423875254043
0.0045732476536108025
-0.0023636782579794877
8.570800864702686E-4
-0.00612243052896834
-0.0012182237267583924
0.0013282328824091314
0.004295522060857358
-0.0032359459264187356
3.643762291817602E-4
-0.004043627663985696
0.0015142005217217206
-1.628789397852735E-4
-8.141615751564945E-4
-0.004097285323574876
7.200691409658972E-4
0.006952115276199784
0.0018943671426544283
6.13876095420816E-4
0.0026065952927676575
-0.0013334422516101088
-0.00502300200031064
7.048048522865363E-5
-0.0034296667374224595
0.0032591751052208763
-2.7768364223028537E-4
0.002096391310346114
-0.003999721903796416
6.328068789819194E-4
-6.031337071704891E-4
0.004169853881876852
0.0034233405266376996
-0.0021884053525373943
-1.9194071271011213E-4
3.1096188735190637E-4
0.003805049765203396
0.004610265775793537
-0.003209128137942936
3.2473335374640197E-4
0.004801856576566813
-0.004059954129575924
-6.19038158696198E-4
0.001006076504281085
5.932788687739673E-4
-0.0014840160763434365
7.666773051287113E-4
-0.004527696118165985
-3.081263761026687E-4
-2.507995014772446E-4
-0.005526295711183049
0.002681444510408781
-5.776770513024408E-4
6.813383598637676E-4
0.003211589285444739
0.0027186283180239915
1.0822618828138604E-4
-0.003458249819397538
0.001262645275946682
-0.0030444046387957694
0.0012717267438655277
-0.0017087533960728936
-0.0014114189518551047
0.0014615900415233067
0.0012356583741830966
-1.9178207585032053E-4
0.0014923823312945725
-0.0019189777260364181
-0.0014584826357080674
0.002654189403915931
0.00213437456970295
-0.0023855213649282775
-0.0022587382693658046
0.0017167458454268162
-0.0029886210741988674
5.120555891842879E-4
0.002605523087311404
-0.001785878925519607
-3.8250984460509393E-4
0.0037186967655661075
-0.0034737714170337552
-1.3491942071951115E-4
0.005272964203506307
-0.005336072561330042
-0.0055871271073439505
0.0019589609121741396
-3.270740063052993E-4
-4.167019638007943E-4
-0.002693143297844177
0.002036027516912828
0.002281739242417183
2.3237856307808046E-4
-9.47232879556454E-4
1.645137616641248E-5
0.0018741067097523348
0.0012947218890933848
0.0014892085384010348
5.217796714768973E-4
0.0014974463433943762
0.004115284564534516
-5.813698826743206E-4
-0.003984250914346855
-0.002946207598683709
-0.002401442303327967
-0.0014930128832547904
0.0025780188956606915
-0.003796109366013439
1.5633241383296217E-4
-4.927637906026511E-4
3.1430371363206267E-4
-1.9443829253855085E-4
-9.95559688421429E-4
8.130792539194361E-4
0.01028167317878792
0.0017049339010938502
-0.0045205060577137276
-7.804254795859417E-4
0.005405759347105275
-0.0024062655954685953
0.005401843331470697
-0.0031879493374974174
4.3350994453663326E-4
0.003907289905436747
-0.0027184549725150988
9.5721952756826E-4
-0.002187853262851687
-5.435816393317436E-4
-0.004026938793167933
-0.001244773011216698
0.0020498628570825555
0.0030689219602765515
0.0011394550364359126
-2.3726013728815674E-4
-0.004034391573955512
-0.0014817731564306868
0.0010228203231161211
-3.5691346676088997E-4
-4.7802768217686015E-4
5.98582582683113E-4
-0.003966327492682961
0.006295710456035563
5.953302743587248E-4
0.0019186612639974308
0.0016185622413902388
-0.0024295722961202738
-0.0060698482310369214
-0.004210178715855191
-0.001394436302171459
5.322643437014345E-4
0.005919205892746062
0.0032698933621777802
0.001262281573905219
2.3982819302196737E-4
-0.0028246905510881538
1.9670725861947475E-4
1.9072612442880624E-4
-2.0658800027854342E-4
-0.0012378762633220293
0.002665219599950413
0.0014091651819229415
-8.029786657455518E-4
-0.0033271274426979825
-1.941411094020201E-4
-0.0022977157179893586
0.0020425546698720843
0.002510425646428881
0.00441275847480591
0.0031116982760057035
-0.005887825209727322
-0.0022968342999990492
0.0028797272138382755
-0.0012679831863046782
0.001138189843997571
-0.003816725027378151
2.3902459294965585E-4
-6.370302868766472E-4
-9.767735395119171E-4
0.004681101984987878
-0.005020181207431193
2.2357621913098074E-4
-0.003195265520922491
0.004427517520817496
7.00204877404326E-4
0.0035699134783465517
-1.1309098037187194E-4
0.0011284755497850628
2.433863908858681E-4
-0.0018634101928535415
-0.0024034278074985304
-7.745958850249279E-4
0.004343157407480184
-0.0032141413519613153
-8.491451450207011E-4
-5.710603035658601E-4
-0.0028705634045172977
-0.0014152812913069083
8.434859498142235E-5
0.005107966481568687
-9.642144179745869E-4
-0.003643849597156337
-2.936063192825638E-4
-0.0014360535925228074
-0.0013325742076634249
0.0026742697967200536
0.0030358288083421467
0.0021760537953238526
0.0018912744708691628
0.0021933293547078455
-0.0034464505453610786
-0.003154248818398859
0.0030825079729784248
0.002073957916988481
-0.0011161666653508057
-1.9443829253855085E-4
-0.0035355026562777217
-0.0013283979053055148
0.004875346734374149
-0.0020062172310670924
-0.0010926721386235998
-7.514666666287049E-4
0.0040100688232787875
-0.0058301747371895685
4.906208667804744E-4
1.8599922160747202E-4
0.0010344925180223701
0.0012234477557252518
0.008660242962825759
-0.008463955213161258
-0.005784389880740537
5.857243827039241E-4
0.0019514237864180898
4.7289642386771826E-4
-0.005381864258523369
0.0015420811750607565
0.003927973195522495
-0.003610877610214935
7.833440848905313E-4
-0.0032849685916178806
0.005507496871029216
3.2451772978362293E-4
8.467742984856717E-4
0.005172682456978002
-0.00272679617164355
0.002665538252501376
-2.3323621142033767E-4
9.077404085204395E-4
-4.752642474790184E-4
0.006180745208495977
5.290364293046744E-4
-0.004525153138431229
-0.005563624265387395
7.968042622134349E-4
-6.499535738245599E-4
0.003997597801990914
8.98172635948507E-4
-5.323064645412292E-4
7.389745627921362E-4
-0.005715470308003304
7.825604676085047E-4
-0.0016091110125757333
-0.0011356386612148888
0.002660056464619237
-0.0013365978364859824
-0.00171549975501272
0.0026646492811076765
-8.211419386758394E-4
0.0026900039628875985
0.0016173903610050037
0.0011180402853948794
3.552250588324912E-4
-0.003363482441539857
-0.005154389670506493
0.0031365222063826467
-0.0028640919486050973
-0.0012639957869381305
0.0015819052089856601
0.004733961617248257
0.0019122062987836906
-0.0025897564162764624
9.495953411897671E-4
-0.0010920438070729066
0.0012603618196369555
-0.00402726427005246
-6.681205367512367E-5
0.001033088177429511
-0.0011768885655732543
9.757960610396865E-4
0.00199522995292233
-0.0021920726749414467
0.0014002872797278434
-0.0014949907865654318
0.0017425107747098677
0.001350154544433082
0.003854336939275082
-0.0019355445529092455
-0.003691211211389669
0.002750569849371311
-0.0029494368493223518
0.002152116890049561
-0.005260449255032168
0.0019317468397368758
-0.0012427176108817748
0.0013031132687772152
0.005123756188825377
-0.003037906635946469
0.002676764732971167
-0.0037380536231057717
-3.6167013092267865E-4
1.2074914158577616E-4
0.0015287798986193012
0.0037122685066627668
7.796848408039118E-4
-0.0019086373518075904
0.003304421222881659
-0.0019274771971738163
0.0010899880950644306
-0.0014034038650873948
-0.001039329387987144
-0.002871930846182596
0.0033605438705029324
-2.4086803941263026E-4
-0.0027915970673170628
-3.70800892740148E-4
-6.363248107580393E-4
-0.0016531279966177678
-3.1265767691380456E-4
-2.3092275292220738E-4
0.0021486898220313224
-0.0019531363727872068
-0.0012281257369935279
-0.0026946321506681305
-6.369997377086015E-4
0.003939047644977783
0.0016771032172893136
0.002537380684823348
-0.0033274180435860883
0.002171230130601781
-0.0014902270682067738
0.001232686636987543
0.0053510908683263685
-0.0028089216867896406
2.4312730795328363E-4
-3.461277483663807E-4
-8.134478444485988E-6
-0.002094174635338084
-9.185115901928107E-4
0.0031642286402625303
-0.002653185352905377
2.2927028561387896E-4
0.0017898848197479742
0.002637449510177081
-0.0049473179211184555
0.002876715238017331
-0.0025734393469785113
