-0.0013320003499815792
0.001869111989013435
-0.003463909253765938
0.002926797614734159
0.0013847038936660285
6.597699435609674E-4
-0.0037036894934240417
0.0016592156561970497
0.0010180153617246872
-0.0018514160124957154
-0.0027629983041855513
0.003596398954956558
5.590567624734685E-4
-0.0014353383224577358
-0.0022923801199105347
0.003168661679894774
7.139093132556805E-4
-6.175632621080941E-4
-0.0027904477765455524
0.0026941017253979084
4.982843736381539E-4
-0.0016948604934780695
-0.002489902018495388
0.003686478138335335
0.00178743359689012
-0.0016645556238755676
-0.0025245929425253555
0.0024017149695108146
0.002155840150685056
-0.0022270524439183363
-0.0026286094613688655
0.0026998217546021566
0.002566778718221435
-0.002833822226078893
-0.00309318998077446
0.003360233488631948
0.006234782170542945
-0.005024862370551119
-0.002859220397680662
0.0016493005976888644
0.009081686270794193
-0.00825572266428056
-0.007025060596745362
0.006199096990231674
0.005581451695198372
-0.009269643576133456
-0.005192426620645648
0.008880618501580782
0.006924246972995599
-0.010079941868148336
-0.015178354927771693
0.018334049822924452
0.009017671006883254
-0.01667104321253329
0.006746067101011251
9.073051046388208E-4
6.394749218497345E-4
9.300621101004597E-4
0.015688821906489438
-0.0172583589384396
-0.019174886906908592
0.015512656964512603
0.0037163435392314793
-5.4113596835463594E-5
-0.0033810084654702886
0.012058657717355271
-0.01625283027146673
0.007575181019581746
0.016685882355606575
-0.014002850740547336
-0.011965822501216448
0.009282790886157211
0.00813357593445269
-0.0033069108194870717
-0.009140041210159964
0.004313376095194351
0.007504976804968219
-0.00756399659859052
-0.009571096361724573
0.00963011615534688
-1.6222354381073383E-4
-0.002252082952210184
-0.004440040969943245
0.006854347465964128
0.002246337129126084
-0.0020145635189436142
-0.0025634634984643898
0.0023316898882819632
0.0022849060901307715
-0.0033796754154524497
-0.0021167324664628407
0.0032115017917845774
0.0019505419747514918
-9.03263499605198E-4
-0.0024214533317505555
0.0013741748566043015
0.0026974207119309984
-0.0021439614564197035
-0.0017919773493733405
0.001238518093862045
0.003637108755425651
-0.003468347899437051
-6.624446803938835E-4
4.93683824405294E-4
0.0019061927727775424
-0.0024341723905957
-0.002959184108945692
0.0034871637267638498
0.0019895836703539707
-0.0027727926942997016
-5.973549315066795E-4
0.001380563955452413
0.0028485259634259954
-0.003804646928375223
-0.0010824785542436904
0.002038599519192932
7.183738955469636E-4
-6.531650855607384E-4
5.996449128076306E-4
-6.648537227938415E-4
-0.0025289599964250825
8.664956951379664E-4
0.0022640116331757755
0.004511058675656176
0.0019870476071869674
0.0010134660389281634
-0.005189040107260304
-6.07101910213642E-4
-1.8958850595922686E-4
0.0011869837926005238
-0.0017482642065785145
-0.0022491518231182845
0.0
1.9785605696988665E-4
9.99138063511638E-4
-0.001845951363593621
0.004204435966143856
0.003234902085613438
-0.004253544549013863
4.962743138982313E-4
0.001342961585320364
0.0024227145378733946
1.363790197808079E-4
0.004441204637436237
6.874423514572768E-4
-0.00449917438095594
-0.0036427126011405984
-4.911535633843889E-4
-8.308289325459399E-4
-0.00109820382726316
-0.003488105339567244
0.0032065206853609564
-0.0037790445099359013
-0.00230512954018943
-0.0028085555195758137
3.4152461294491374E-4
-8.87069571762978E-4
-7.017622148265158E-4
0.001662906938355189
-0.005893098504025017
2.0756719440747588E-4
-0.001229986050517641
0.006090273237878156
0.0016354235002185328
0.0027543295069248326
-1.9601067574306604E-4
0.001949198013095598
-3.044756710143731E-4
8.393829069287383E-4
-0.003067004638385696
0.005267008737147413
-0.0018981519794547355
-0.002851555573531854
0.0028837531580712334
0.002730097969813166
-0.0018311336675842364
-0.0017687232816611367
1.611240678363275E-4
-0.001006080604273002
0.0031523313797663997
0.0018306186151772956
-7.214401176452038E-4
-0.0017257089895339414
9.322796320633934E-4
-0.005538070544254272
0.0019147312810977538
0.0028218161829933856
-4.626625531252578E-4
0.0014179034682748248
-0.004158971535528254
0.001024923939438877
4.454077299908296E-4
-0.0011317910400185404
0.0017636875258970675
-0.0014264321235767435
0.0012634559394317283
-0.002759753766269453
5.079449857943821E-5
0.0038221882212627666
0.002337476669471846
0.0027982973041187596
-0.0014644543542681326
-0.002239611925289869
4.9715302265174E-4
0.0013706655662635305
8.530018232255289E-4
0.004809380112617975
-0.0014148759820607586
-4.1349999124243916E-4
0.0018814661412223863
-0.0011499111414458316
-9.777111878452604E-4
-0.0019922660444439814
-9.650957594031667E-4
-0.0027141309465640896
0.0017813633060245792
0.0031205491721588816
-0.0010927657094157578
-0.0031565391908101926
6.545348631145583E-5
-8.749523161051044E-5
0.0011404398392673887
-0.002798382797652604
-0.0026356143810409983
-3.8524669057448443E-4
-0.004467441591135832
0.005115066867092254
-5.691627594959E-4
-0.0016379360249906367
0.004013086334381911
-6.352896691587558E-4
3.075888532497418E-4
0.003968263840213515
-6.918674295361936E-4
-9.479413545136241E-5
5.725169143302296E-4
-0.0024454211507067033
0.0023650460373355864
-0.005339919885895009
0.0036024964355845825
0.001324875317458593
-9.681900899264038E-4
0.0011309651651928909
-0.0037531286452190376
0.0029499825780963836
-0.0016088053342510475
-0.0014617087926642337
0.002108904831635254
0.006254212181722674
-0.0015446711021282705
-0.001422644670725692
0.001062143363368176
-2.7200240636788284E-5
0.0017467651838254236
-0.001268548865805453
-0.0017853722895055115
-0.001056281410081839
-7.910536562990202E-4
-0.0010004329159720112
1.786389137948324E-4
0.0018076361066832341
0.001731122991831265
-4.624686529194678E-4
-0.0024038295754268634
-0.0036566272693200745
-0.001110085362937835
2.337172194809643E-4
0.004788648064998086
7.555285712938895E-4
0.0016999381921016404
0.0014009406866645393
-0.003656891285759823
-8.491817027259162E-5
-0.001481431037867029
4.480625407101862E-4
-0.0011857119640613246
-0.00512643385881471
-0.001376922229555255
0.003281927485618534
0.0032188424052250874
-0.002389959308993623
0.002240429674004927
0.0029546261221405695
-0.0034107588915287448
-3.6925184439945543E-4
8.666127132187203E-4
-0.0018042939969233351
-4.8354488583870776E-4
-0.0020700120244503168
-0.0024458869914422646
0.0071559399210856175
0.0010296478620695389
4.983523286669995E-4
-2.4646057975947805E-4
-0.0025728001282549736
-0.0017156382737810135
3.7821567725802136E-4
-2.661452918306537E-5
-0.0016665729485319139
-0.00212500145715073
-3.3791936791143515E-4
0.002445326041863702
-0.0016422708658162407
0.0010248439311711073
0.002960930795416954
-4.7384540806244806E-4
-0.006145851102940755
0.0026698245284619586
0.0031776371470948004
-0.001850787161719099
-2.7977760435612346E-4
0.005488261279361845
0.0020356506694200124
-0.004063745012499152
0.001668103806915336
9.458318168308003E-4
-0.005441740565704443
0.003080188559877939
3.359639604018508E-4
0.001584646725180408
-0.001432336892162423
2.882729892700967E-4
0.0023279264313288616
-0.001084736806072609
-0.004245837078722868
0.002819445640219745
0.0012587921007080616
4.8263041748185026E-4
-5.689898762019771E-4
0.006069157560727472
-0.005642199506175017
1.6318893999573434E-4
0.0053340401290209085
0.003475136794742896
9.788919117280181E-4
-0.003029426704482332
-0.0024355742156141574
0.0010023585967827995
-0.0026472500306133247
7.662926075641928E-4
-0.004076649245563567
0.0031131490519604016
-0.001546044009203685
-0.0023914203271260884
7.49529691156341E-4
-0.001658269763698042
0.0020950424805795944
-0.0014365832174257052
-0.0011590413546328467
-0.002366764100442107
-0.0028292896639053005
0.0011628780253094913
0.002608318920454036
-0.003840775106994717
0.002721486134334106
-0.0010313115049103878
0.004203531277765904
-0.0035044493438273995
-1.8290650088414778E-4
0.002176223907210647
0.0035054702120316736
-6.176141251478472E-4
-0.0018739388378392016
-6.567255254143014E-4
-0.0010101205609430583
0.0020160355701493117
-0.0021025201979374556
-6.464417904713683E-4
-2.8166275098180107E-4
-0.0018099811879498965
-4.098638051880793E-4
0.002468388844207744
0.0027136960143164207
-0.005697006616649597
0.0033579037072549627
0.004213042730457266
-2.3966745864468716E-4
0.004130722885613512
-2.1014510424882416E-4
0.00204075037368605
6.837442421175023E-4
5.095586954998847E-4
7.698829710102986E-4
-0.0022336572492452434
9.652213597250892E-4
-4.128889063783072E-4
-0.0010309249611747656
-0.003274399548691306
3.8546040646788974E-4
-2.899260403824689E-4
-1.2811413167425215E-4
-9.517082204246407E-4
-0.0011656331981017042
0.005894612435358987
-0.006113374368158107
-8.924672213586186E-4
0.003180655465712676
-5.966982514100071E-6
9.12576370288173E-4
0.0021173319708412933
-0.002328486680024894
-0.001414985974786018
-0.00285506319115726
0.0029815818562552833
0.004280826341128597
2.1289719833559977E-4
-0.0032530171937299483
-0.0021690500901980496
-9.548077171062995E-4
-0.004885694720511196
0.0036311756957122993
6.680718036008535E-4
3.0971753312915296E-4
-0.0030175515919241874
-0.0011292824702248024
-5.230081798718822E-4
-0.002087750657614389
1.2277070189313597E-4
0.004205420620993654
-2.48141935410837E-4
-1.814898576443873E-4
6.025457345521261E-6
-0.0011173905562613289
0.0024114880973491334
6.793337782874831E-4
-0.0034653392321666162
3.6942868882204865E-4
0.0010113177328529733
-0.0034494192010409664
0.0013266050510588431
-0.0012708581658075846
1.2481104749285975E-4
7.483032373777525E-4
5.2467639572755485E-5
5.774303600001856E-4
0.0015095440609244977
9.614260031213049E-4
-4.2786223989092623E-4
0.004117662493084845
-1.7074952829154776E-4
-1.2721271629469394E-4
0.0015835771716315682
0.002032978312180813
-0.005170117363082894
0.002324031804921561
0.0013204918677568959
-6.653714886577147E-4
-0.0013048508157260533
-0.001462355854130453
-0.002899662275462676
0.0018106064344187176
2.28496607301827E-4
0.0017036740026425837
2.971669500012649E-4
-1.1700632851869078E-4
9.438380646561006E-4
-0.0016784944963533278
0.002898930917543969
-0.004561100411420736
0.004065362030148458
-0.004009745599250495
0.002279262063587375
-5.556886134685064E-4
0.0010988173212520657
0.0024547306592030407
-0.003677941985195638
-5.870131471477284E-4
0.0010925431784064134
-0.0019378273787919967
0.0010930440108001304
1.6780335974505602E-4
1.6245759746384052E-4
-0.001042819253907389
-0.002439679390998796
-0.0011515437808446594
0.0019313296852144055
-6.182447101332632E-4
6.312777230763349E-4
-0.0024873343237726267
8.216647711311231E-4
-4.275024802686952E-4
8.119010767243529E-4
0.0014071064545893987
-8.946422223832417E-4
0.0014325432491431919
-0.0045466405054328364
0.00104888280862896
0.0030337988807383216
0.0024767606163131686
0.0023286063662928706
0.0033278332509670983
-0.002686977340499732
0.006199292351235266
-0.0010469246447800777
-5.865805127361996E-4
-0.005064652818311265
-0.002042891787279648
0.0015105016891940825
-4.3244437591244666E-4
5.839750854173291E-4
-0.0010880982563638065
-0.002370963478657158
-0.001279737099419604
0.0038587790928754657
8.920121699224895E-5
-0.005697079124165981
8.310147004756542E-4
0.004405097356455836
4.735490767241411E-5
0.0014171150583000653
0.004852726092916619
-0.0019457609944194861
-1.0765187390659233E-5
-8.245906425147654E-6
-1.640298526748127E-4
-1.6879168262686622E-4
2.5936061950911885E-4
3.437823664592531E-4
-6.177972917515502E-4
-0.001845748682436585
0.002252275771175361
0.003772413279556475
-0.002178000523222677
4.8645319263907784E-5
-9.882691184236536E-4
0.0031467738397931155
3.762286858454522E-4
6.493736024256146E-4
-1.5794988761148616E-4
-0.0034444008355387318
-2.3975340828781251E-4
-4.528708071970149E-4
-0.0016595007833977177
-4.1963759727712424E-4
9.665546780943137E-4
-0.0033364378390735943
0.0011711538221913624
0.003387423497336818
-0.005766567685722203
-2.7002909628173175E-4
6.416937967961447E-4
8.566056614650939E-4
-4.19881914547858E-5
-0.005711512761546333
-2.3952675190726854E-4
-0.0013623201224555305
-4.159235543452723E-4
0.004216025794656016
0.002206833438871381
-0.0034167949453540697
-7.44283728653127E-4
0.0029646178838781357
6.31147829314717E-4
-0.0013416380393799208
0.001427273192215743
-6.064913655205668E-4
-0.0027408150041105493
-0.001643158961088605
0.001425144917126545
-0.0025685639752159907
-0.0024339330724926123
3.7217357647583815E-4
-0.0021770618913621005
0.004058764127814595
0.003498517121032634
0.0012031660262195312
-6.267261199744456E-4
0.003923916608456006
0.007070413951858137
-3.2658103472482723E-4
0.0026493425596132167
-0.005249396837072838
-0.00283372231766379
-5.945711423433683E-4
-0.00144473183186037
0.004994144905214922
4.909639674873581E-4
-0.005383915204255921
-0.0011182787124426625
3.24949632957745E-4
-0.0033966699369491387
0.003247013157630805
0.003807822931032099
-8.094393779631889E-5
-0.0036485873611772023
0.005597705172236039
-6.911023118267058E-4
-0.00429805091729778
0.002570286159165146
0.003039622043687124
0.0015327958342498233
-0.0033653684386324195
0.004870975459815975
7.756943836262813E-4
-4.39348787050878E-4
0.001404790448042452
-0.005315245270701758
4.663529566981929E-4
-0.0028409309551346296
-0.0018866408596180028
0.004121272181210524
-0.0034709029050705173
-0.00214521631309892
-0.001347327862443118
-0.0021899163216893103
-0.0022318945118655503
0.0022233998117794774
-0.0022443822661681843
1.534487896665106E-4
-0.0014199836129737777
0.0025591202921144557
-0.004289354175477184
0.00625507895573808
-2.2215415476768675E-4
-0.0031642517066812707
0.004784454338357608
-0.0011756829511220825
0.0014079941501723987
-3.009027126135806E-4
0.004373801909578676
0.0013991772294907887
-3.681348079736704E-4
-0.004093617996969833
7.730914255003028E-4
-0.003158200669791589
-9.397615521588175E-4
-7.344404445663263E-4
0.003810150204231924
0.0010211903052052928
-0.004601345308467822
0.0013411199457754146
0.0039453830283110785
0.003105725280676239
-1.887321085965683E-4
0.0029914575470202575
4.589651016694451E-4
-4.7839646153703826E-4
-2.83631494301981E-4
0.002590997559472845
0.0013792457789792711
0.007252481563404767
-0.006170595087333282
-0.0014380348197813725
-1.3173043421608847E-4
2.6439448191973485E-4
-0.005662345471651209
-0.004171414488221809
0.0030483917707182246
0.0014033837009686436
-0.00432805141722243
-0.0023131779648863223
0.004183670430442944
-0.0027768365697172907
0.004203935621986308
0.0018102823724558091
-0.0033923598432202954
-0.0010152366210977562
2.2251955101509815E-4
4.7926199405985584E-4
-0.0014686991067781032
-0.004315275826537395
0.0034313380351362315
-8.322438504700927E-6
0.001049745855820486
0.008501938077676758
-0.0016138266143112198
-0.0032915044340702084
-0.0012394194821170779
-0.002789642436540265
3.58590892217266E-4
-0.001701496779187738
-0.0028354176622514987
-7.258205767977331E-4
0.0019753039340274082
-0.002416273836507837
0.0014338428273327503
3.007734817771662E-4
-0.001200955328428609
0.002297067349225768
-1.4634939281938926E-4
0.0016508633603754706
-9.266809835619364E-4
-0.0017253811677079602
-4.3444715581309737E-4
7.595921708903385E-4
-3.386874193421509E-4
-0.001905267925397347
3.742298249426483E-4
-0.003878775486415318
-3.400363212324757E-4
0.001609075533648691
0.001753496488990718
0.0018225181317478875
0.0026061315473190263
1.6767090163671752E-4
0.0021659319885507337
0.015236513423562649
-0.0035042475078525563
-0.009127539069904432
0.012057183573891453
-0.0024445838015921123
5.3363063526780364E-5
-0.0025540482073076274
-0.002112022178319196
0.00106943363764658
-0.0015442207528977938
0.0014541829843414526
-0.005318001888734471
0.0
-0.0016938777962101476
-0.0064126701465223625
0.011075316836914725
-0.0032108624789959628
0.0018486711766963603
0.0016077762645867434
-0.005530868259191395
-0.005874196108559564
0.0012590702095428886
0.008576570215614213
-2.12367160380947E-5
-9.613903327346965E-4
0.0053717095746309285
0.002195889834594699
-0.0058116938491473615
-0.0037570492308340426
2.3710514204727242E-4
-2.6087586600305284E-4
-6.934819467600542E-4
0.009766076523342238
-0.0061596788914053575
-0.0014560433505872137
-5.177054022557071E-4
-9.110294063741997E-4
-0.0024476417024543637
0.004790117807164738
-0.005744254621859424
-0.0012494382585643358
-0.0017517166905250932
0.0037023513496429314
-0.0024671675291341646
0.002885196416658159
-0.0031448237552671133
-0.006097623108655645
0.007944160222593886
0.005521011293767156
-0.005861781890488361
-0.002811723907342499
0.001224904772971097
2.0671088208821424E-5
0.003367974284477892
-3.84714016546234E-5
-0.004176005188656649
-0.007718722498903759
0.004442241028933493
0.002099819150010232
-5.383363559039902E-4
-0.002790178571428572
2.5821093111170774E-4
-8.601391686232189E-4
0.009509827031210139
0.014998225492679335
0.00391577670631061
0.004949871265020909
0.003448865297665219
-0.00575340698534859
-0.005968851360856786
-0.004072126339229581
0.0021173475723850433
2.8239809991053785E-4
-0.005563407423740364
-0.0012962600389562918
-0.005210260700461282
0.0015218808604230652
0.004367532116187649
-0.009408166565438667
0.010752268274243401
-0.0031010690739453374
4.753458229481481E-4
-0.0025392457443247493
-0.004044169232995115
-0.003005693550007436
0.0029886829525490703
0.0010428689299637887
0.0012069075225877724
0.0038268578517240952
0.0028861123227483226
0.00536393128948359
-0.0013027330501393071
-0.006527381018973906
-0.0010504627811311312
-0.002395206398175964
-0.0020804685065923716
-9.523395323951269E-4
-0.006788497414566922
0.002159839690648424
-0.00327912019624259
0.003557970142345041
8.012135936481314E-4
0.0015275423969655067
6.312870271828582E-4
0.0033461697369359875
0.0018681340733707657
0.005436642745241804
-0.0011987032369592471
0.001828407143847039
-0.011198190288967373
-9.471494014585788E-4
-0.003818267076341072
0.0010470457528802442
-3.315332088435997E-4
-0.004235923809628596
-1.4162012001250673E-4
-0.005306014780518948
-3.559861120999259E-4
-0.004654723391973521
0.005973338806274112
-0.0028452777969016014
-0.006662781236896155
-0.0033427485463076567
-7.805007096988656E-4
0.004006474630341199
0.010536970371191227
-0.002767501009602133
0.016059878152028403
0.0086109451563803
-0.0015856797475564688
0.005262506212529232
-2.95908982133945E-4
-9.136848037994858E-4
-0.001635728495509862
0.0027915827454711275
-0.002971077540313544
0.0014842416665084347
0.0021586880291782407
-0.0040028435949877005
6.944553010170161E-4
0.0
-0.005878844741384956
5.67738018850072E-4
0.0012950624709498928
-0.0024316363627578342
-0.005854598861199909
-0.0015453342207595294
-6.755757288126585E-4
-0.004779182084161412
0.003374643794662957
-0.0030562537687879423
0.0019258511315268841
0.0037100628442042144
7.783323212211743E-4
-0.004265736683649939
-0.006379096886049257
0.0018298709030125596
0.002711585233121367
0.0053270690088196805
6.035578347617955E-5
5.226168480577421E-4
1.3021392545064722E-4
0.004953584747727708
-9.962676295670776E-4
-0.00229880983491751
7.962902467580331E-4
-0.001377483741975976
-0.004591938934381977
0.0013280191380865853
0.0031992149375211984
8.764074248235683E-4
7.579239490301032E-4
-0.00514880936563803
-0.00420084329462355
-0.0034639402303566873
0.004321395193359563
0.004289437363213088
-0.00537782999095616
0.0014120057868803387
5.057684565001291E-4
-0.0012641774132906988
-0.004482071160230028
0.00742980955442719
9.722884363739051E-4
-0.002774915621025739
-0.0035062483274821196
-0.006490336546375444
-0.0027465228797920404
0.006853692573011047
0.0027018329184961146
0.0023272923883755573
0.00903059296345564
0.004931232935314551
0.0010411334888074302
0.010366098898356282
-0.005347102317584973
-0.00787080143295071
0.007325627651881345
-0.00656236375033538
-0.005580357142857144
-1.4281734600829184E-4
0.0
4.253605451438082E-4
0.009800219327242232
4.610824427282486E-4
-0.002129218903437363
-0.002364521437277153
0.002570674013972713
-3.220659314049578E-4
0.0010016821726564996
-0.00745509140217217
-0.0024803789752484806
-0.005202927200393687
0.0038034815449896533
0.0032565490439877822
-0.003803969002902646
0.009991734902807543
0.0
0.002259938791483191
-0.0064640189051563355
1.4229438833615344E-4
-0.003422942682414192
0.0030561884257588887
-0.004440417038475575
0.0031754655058138506
6.940135908468589E-4
-9.006316525164188E-4
7.785605836292035E-4
5.546114666192888E-4
3.00962806020147E-4
-0.0037398582526542933
0.005514270940453345
-0.0027558728795524993
0.0
-0.010716788582843358
-4.0984793779366094E-4
-2.702633355788459E-4
-0.007205289674129793
-0.005778044648942683
0.005580357142857144
-0.0021249547852759936
0.005505242645393751
0.0029446448216963917
-0.002790178571428572
-0.0015411606391292087
-0.008141133056690897
0.004519944887103881
4.960789243252028E-4
0.0024596447495458845
0.0
0.00945332754892313
-0.007154813112780393
-8.457279190215885E-4
0.0021565025261770184
0.016924068670777507
-0.003527436866691664
0.0
0.0
0.00565967772444745
0.0
0.0
0.0
0.008242071897704536
0.0
0.0
0.0
0.004955020665364092
0.0
0.0
0.0
-0.009839099280632821
0.0
0.0
0.0
-0.014060277805854317
0.0
0.0
0.0
0.0032889389462002466
0.0
0.0
0.0
-0.0025257280718980106
0.0
0.0
0.0
-0.0033739762809812416
0.0
0.0
0.0
0.009552689426792636
0.0
0.0
0.0
0.0
0.0
0.0
0.0
0.0014218383027067656
0.0
0.0
0.0
-0.004228460628488157
0.0
0.0
0.0
-5.126144235360315E-4
0.0
0.0
0.0
-0.01060094873380433
0.0
0.0
0.0
0.011837691010316575
0.0
0.0
0.0
1.831772516626179E-4
0.0
0.0
0.0
0.0
0.0
0.0
0.0
0.0
0.0
0.0
6.394749218497345E-4
0.0
0.0
0.0
0.0
0.0
0.0
0.0
0.0
0.0
0.0
0.0
0.0
0.0
0.0
0.0
9.300621101004597E-4
0.0
0.0
0.0
0.0
0.0
0.0
0.0
0.0
0.0
0.0
0.0
0.0
0.0
0.0
0.0
0.015688821906489438
0.0
0.0
0.0
0.0
0.0
0.0
0.0
0.0
0.0
0.0
0.0
0.0
0.0
0.0
0.0
-0.0172583589384396
0.0
0.0
0.0
0.0
0.0
0.0
0.0
0.0
0.0
0.0
0.0
0.0
0.0
0.0
0.0
0.0
0.0
0.0
0.0
0.0
0.0
0.0
0.0
0.0
0.0
0.0
0.0
0.0
0.0
0.0
0.0
0.0
0.0
0.0
0.0
0.0
0.0
0.0
0.0
0.0
0.0
0.0
-0.019174886906908592
0.015512656964512603
0.0037163435392314793
-5.4113596835463594E-5
0.0
0.0
0.0
0.0
0.0
0.0
0.0
0.0
0.0
0.0
0.0
0.0
0.0
0.0
0.0
0.0
0.0
0.0
0.0
0.0
0.0
0.0
0.0
0.0
0.0
0.0
0.0
0.0
0.0
0.0
0.0
0.0
0.0
0.0
0.0
0.0
0.0
0.0
0.0
0.0
-5.172229288905458E-4
-0.002405456760517041
-0.010659670929477798
-0.005592536288023208
0.01287258561302722
-0.0012078961011986813
-0.0032122681259894766
0.0070602355786735516
-0.01512402836827819
0.012755963978312449
0.0022533274314171983
0.0038310804977800066
-6.123427813287672E-4
0.00291604660075857
-0.004634218647416654
0.0022764012311513922
0.0
0.0
0.0
0.0
0.0
0.0
0.0
0.0
0.0
0.0
0.0
0.0
0.0
0.0
0.0
0.0
0.0
0.0
0.0
0.0
0.0
0.0
0.0
0.0
0.0
0.0
0.0
0.0
0.0
0.0
0.0
0.0
-4.4905304222123306E-4
0.00224652894507697
-0.0038365796921693476
0.0015218808604230652
-0.0023702469686443803
-0.004159908427435508
-0.002790178571428572
0.0069148772069914195
-0.00788302536856483
0.0022485528767926008
-5.823887650488909E-4
-0.0044428096726566784
-0.002790178571428572
0.0022450998040172737
-0.0050474575206119095
0.0
0.014979915735090412
-0.0019046447162090103
-4.150513762649598E-4
2.123659704107774E-4
0.009823372044667362
-0.009667835832585332
-8.584361902716671E-4
-5.049961230090533E-4
0.0029448948053806424
0.002444609054311704
0.0011357837776250854
-0.009737555763306916
0.007928183536271368
-0.0027310262121005473
-0.008033218462389805
0.009896296716892536
-7.61063048977737E-4
-0.00960983658112157
0.0025543802792143046
-0.007307509017393193
0.0032768044536226493
0.0
0.00852707383595896
9.520856887308343E-4
-0.005728880428460431
1.2367627515344135E-4
2.805288622020779E-4
0.007578002722522114
0.0018307425013079069
-0.0027053732122513576
4.925515933452988E-4
0.004213159615378159
9.830473968166654E-4
-4.930863572663374E-5
-0.003558989703080717
0.0020129081606619177
0.003723890323477405
-2.4710903283757264E-4
-0.0011330008035118746
5.722661136306133E-4
-0.0070152417300761265
0.0033452269162403286
0.002971935360138924
-0.003936139193719781
-0.0018072792826545354
0.004418498038127888
-0.0016727751249233556
0.0013379576006013975
0.009128206068007296
2.604370069361039E-4
0.0031153983499086864
0.0022488056158560202
-0.003209215750884881
5.236506343002441E-4
-0.004027581591972267
-0.002604114279423341
-0.0018109750514358446
-0.0016606604104953955
-0.0014316972757968697
-3.5290775457261247E-4
-0.004347065873695758
0.0010490382872337944
-0.006775248724225574
0.006512922284790104
0.004754095691596986
0.0013562988988345573
0.007749882708164466
5.935425545270305E-4
-0.013164996005471764
0.003367232326008402
-0.0015477421422718525
-0.002729347471123198
0.00921895399284
-0.0064622994808754665
-4.2996954744912E-4
0.0014187733062314342
-0.0027944097324529996
0.004589074963390935
0.0017303839565880308
0.004409183698817845
-0.0035508796692872435
-0.0031741940332187216
-0.003096202536811559
-0.00786097648240322
0.004137529197108742
-0.0014109860391195563
0.006088452389053553
-6.529304245446593E-4
-0.0034702064142490725
0.0055526718677740595
0.002027063258828493
-3.036694774362805E-4
2.2181535848837764E-4
-0.005488152739083031
-0.006637675248167419
0.0013655107216008137
0.012763590042281846
-0.005919463820905808
-2.1401176468326382E-4
-0.001468646273196608
-0.00227559854422839
0.0018645363930041507
-5.265156207825907E-4
0.002164776189800088
-0.0022965130628175017
-0.0012232241275991552
-0.005741956056997054
-0.004999206267166061
0.004829245688652886
0.0034691294543278115
5.773786364544026E-4
0.006571660153436992
0.018011926859953464
-0.0010933297903691
0.003487813549115676
0.0026886015138988337
1.1862740254761498E-4
-0.0033364510869144243
-0.0018821801051483655
-0.0023769181588386935
0.001667964151575631
0.0018456247475001587
5.961327911915004E-4
0.0034453450663110364
-0.0026485607018612166
-0.003970893579528165
-0.003625040591218821
0.0037572202873914244
-6.220789330883374E-4
-0.006917323106863633
-0.006057631430229208
-9.152476332951139E-4
-0.003136834662184201
0.0026335837134301024
0.003623013795784843
0.0012246704671624953
-0.00769031036107363
0.004117798791942768
0.004240731387113771
-6.816067839560676E-4
-0.003542172862569296
3.851259747703049E-4
-2.5613877956163746E-4
-4.0843031793048293E-4
0.008948586380767194
-0.0068589232922835735
-0.005836039996311047
0.005387636372165008
-0.0030246179085022876
-0.001472380556987975
0.00672589756199478
-0.0060224112477004765
0.0013571213114037819
0.0016664776575957023
-0.0019104249655232377
-0.006689733624890795
-0.0024804282554181105
-0.0023533696766354804
-0.002275938268750747
0.0028727260078608204
0.0018683237453176824
2.3588529270552987E-4
-0.005706119319768194
0.0015114957227374888
1.9589474555852188E-4
0.004946209707894244
0.0034624026523371026
-0.004985417139920359
-0.006333758206084458
-0.0010181057586479462
-0.0026930891949863266
-0.0010602082196318266
0.004815294098625869
0.0036260743638009815
-0.0014644854477646892
0.011882393843983593
0.008973433006975173
0.0042656113813461585
8.497737825528848E-4
0.014117939882075808
-3.849153537868592E-4
-0.004359988750954687
-0.006249041870487389
-0.0036397449215818407
-0.0022267701985117542
-0.00591448895388829
-0.005394953742730246
-5.757643020624808E-4
-0.001832275203977459
0.0015538403661947717
-0.004024112717517318
0.012975033530806224
-8.504499888413847E-4
0.0015027828840408698
0.0027714787790457333
-0.00927074209682557
-0.00488457922445941
0.0026215977353473883
0.006190671059205916
-0.0011567277926719463
0.002023017610530661
0.0058804181400614105
0.005387579709250384
-0.001361881554874094
6.288166292399444E-4
-0.002093430997219395
-4.41447113130128E-4
-0.010254014598187458
-8.765248012591806E-4
-0.007566393278672366
-0.0034959850036001454
9.399199793530175E-4
0.004970117507757543
0.0012777724263926568
0.002734528674318783
-0.0023706231700783053
2.282431864883156E-5
-0.0015131267558097551
0.0020272762115851654
-3.0362375662853873E-4
0.004348604004024934
-3.0344691378119933E-4
-5.510292345572523E-4
-0.008480331417854134
2.107685638568931E-4
-0.0015786467786260306
-0.004955179842887904
0.0024671903364342873
-0.002496091914603667
4.80575787222463E-4
0.0029716569084231505
-0.003269203698634308
-0.002728890617532614
-0.0025786199166031912
9.794646606071707E-4
-0.003293557213767261
-0.005059307881872387
0.006073460672739018
-0.0032407212300220502
0.02033047826046077
0.005134223449979056
-3.6225331895550425E-4
-0.0012438502101063023
0.003929106859814251
-0.0013757666980193383
-4.164322304757745E-4
-0.005977656644761465
0.004393209781345209
-0.003203507134574526
-0.0049188062288567655
9.275101555151641E-4
0.0023648909230266977
0.0
0.001422444452356634
7.963216191056371E-4
0.006035542029575253
-0.0020612566352102776
0.001812269718933826
-0.0032570470068936405
7.105649380777003E-4
-0.0014039434190216407
0.002872305303116813
0.001371823665934977
-0.0028202283520223272
-0.002286119405045078
0.003412270205974348
0.0042476546937673665
2.740092767638258E-4
-0.0025966860987652793
-0.0043793366697726715
-2.458924793850819E-4
-0.0032143843350433687
-0.0018842746001224014
-0.0018213314212293665
0.00537562348902057
-0.004579836354533677
0.0015681827632326182
-0.0014392037474394062
-2.108052805575543E-4
-0.004043991221475479
-1.5054832224450747E-4
0.001805492889181578
0.002127931671039073
-7.835093992636709E-4
0.001467840043854511
-0.004404048179266719
6.286405097729781E-4
-0.0032272592016931462
-0.0012118738982411785
-9.729546287911393E-4
-0.0015779237475668558
0.001848589822014207
0.004046501983025842
-0.002639834247664079
0.0014416131972183625
0.002382142195353069
0.0023949115285296922
-0.0013974324353535255
-0.005964033314104484
-0.00329075607429843
0.003808653571748597
0.00941228701929814
-0.001003373816463138
0.0023535990006418057
-0.002997900809862989
0.0033664890039820697
-0.0017044386137363729
0.0013126687360224894
0.0017848465694603377
-0.003033532885032884
2.6781822769782367E-4
-3.634015621674599E-4
8.409910490426174E-4
0.0011139526089381391
-0.003127252914381311
4.691117808543223E-4
0.0018014524128229796
0.002558312239129422
-9.546914631784465E-4
-0.001496647923401475
-0.0039060074582456107
-8.112330683501486E-4
0.0024742550644695624
0.005077960091343676
-0.005980131566155891
0.0010405680620199898
0.0025498204640554594
7.66578117617993E-4
-0.001045354569585323
-3.760373878360971E-4
-0.0022087371847233734
2.5510407997911266E-4
0.0020174871601206174
0.0010147762668818723
-2.0309434989071971E-4
-0.0029180366739112993
0.00289989683865564
-0.004276378320948154
-9.848014990592618E-4
-8.839803519826451E-4
1.3525149713698216E-5
3.154518417106296E-5
-0.0015703942437221893
4.2684834078305923E-4
0.001804860349691941
-0.0037466299523004633
0.005214948385772087
-0.001934115576946449
8.615671166950934E-4
-0.004474574796972709
0.0010246539884551458
0.0011529884180508931
0.004029757658134993
-2.854082461007458E-4
-6.402289282762389E-4
-4.2431296692017873E-4
0.0016723340237277241
0.0015097384476409226
1.5500951162833367E-4
-0.0012857353603815981
-0.0023047273147524723
2.4974104149426933E-4
0.0023571019650619153
-1.2641985877331766E-4
7.923094806674001E-4
0.002738996387830979
-0.004766700876635273
0.003182892501617441
0.0030912554790923493
-0.0030861452618741276
0.0016659988891195242
-0.0016453628776557103
-0.002564352127861767
-0.0031111514726811238
0.00109120295667702
0.002577770012448892
-0.00214916094914455
-0.0022388912563611803
-6.407266018296377E-4
0.004173564830733058
1.3863362910229455E-4
-0.0010593232298242669
0.003270980690823273
0.0027320444183620415
-0.002465705288232589
0.002768762904159275
-1.786719367556028E-4
-0.0026338115024252115
0.0019900721563465835
0.002101859814997117
-6.936493314063782E-4
-0.0038499638311382312
-5.355959251002603E-4
0.008060858623409668
-0.0013046347937283355
-0.004818373944921647
0.004084976551488248
-8.692549624654796E-4
-0.006100334950427113
0.0024289028972563423
0.0019937250945762843
-0.002354762027656516
-4.987012451472192E-4
1.5550769262421649E-4
2.3230656973778326E-4
-0.0030316167670538714
0.0037737464922249723
-0.0037334099846130335
-0.002250208005151272
-0.0020268102950341434
0.004110806464724483
0.002402272087190253
-0.0016974176657473966
-5.798802847495239E-4
0.003076722231977419
-0.0021357438563668284
0.004054021728464977
-6.078811025432749E-4
0.0013651355189688286
6.615400254155592E-4
-0.0022486795497366867
0.00543125785129033
-0.0035265667872377603
0.0021814985825536833
-0.0021001934332801416
-6.75674331684497E-4
-0.0066029207080812525
0.004478955771796599
0.002376863710197622
3.7538829846642545E-4
-0.0012298402216528246
-0.0016012154646556735
0.007135165723685957
0.0010929495010352278
-0.001480344047341303
-7.447416347886092E-5
0.0032041786323798852
-4.3639058967530407E-4
-0.007131013837298655
0.0010832003066794317
0.0023502851520402603
0.0014970919717011647
5.156261953562792E-4
-0.0020092420929121745
-5.720438483879443E-4
-0.0014070803703919066
-4.115189625736381E-5
-0.0014418505470039312
-0.0031023160408224114
-0.0011320066195046985
-1.6411840596843377E-4
0.0018077881147814533
9.605147757437557E-4
0.001109791703222931
0.0010178484582066358
-0.0016978055106208695
-0.0018468332338097096
0.0018979992125830363
0.0011994324091485764
-6.058650576640503E-4
-8.843025153596768E-4
-0.0011472025024706423
-0.0016991602618382663
9.065600589198974E-4
9.861484784719186E-4
-0.005001909587527451
-0.001364259910300431
-0.0016551372933202597
0.001981348285633443
0.0012481856387910883
0.0037908285250652985
-0.0039008797091599837
-0.001699755309448405
-0.0029261958382343824
9.492728529905462E-4
-7.607973442225009E-4
0.0010568533015685613
-1.626730141225871E-4
0.003179057028090305
0.0021631814292619837
4.956378051991261E-4
0.0022710541623063153
0.0021363642575353246
0.0
-0.004953197755680672
-6.109646479695572E-4
-1.322398296380857E-4
0.0035633320547154668
-9.403699847732126E-5
-5.28562786361971E-4
-0.0025807469680328423
0.002220874503592901
-0.0023202257408057748
0.002091952310199034
1.2628080909072616E-5
0.0016396333442935482
-3.6201083255517114E-4
-6.571182640955019E-4
0.0027571280404201483
0.0037766370227651155
-0.0023723407699332536
9.146527826785953E-4
0.0029681673132910353
-0.004280391869726982
6.21314851647931E-4
0.00109066682768177
-0.0026279328690956144
4.3593083691069456E-5
0.003769509774785719
-0.0025943629690029727
6.916536300780709E-4
-0.0017886237778784839
-0.005182650823054835
0.0023942763452265907
4.203261565089915E-4
0.0035608922593956607
1.653633690681162E-4
0.002957438230923713
1.9584618063233153E-4
-0.002008025676255002
2.1533121603370484E-4
-0.004012128941777949
0.0021497832343201455
-8.075621922407064E-4
-5.6409094210161E-4
0.0030256769176096937
-0.0018431893902982094
-0.001570549443595829
0.0016891171506058283
-0.0043467318725955075
-6.218858662983464E-4
0.001989160198592856
0.0032226928640640925
-0.0024408069292812936
-0.0016922153977042482
8.506620226092956E-4
-0.0017667008743192999
7.956568970746776E-5
0.003626555541200619
-0.001855835867126222
-0.003919974291239758
0.003484417119443893
-0.0031943157492532875
0.0024748429298433253
0.005806396770515382
-0.00456545591521427
-0.003975682220960893
1.502256267494782E-5
-0.0012724785875584395
5.530583952065519E-4
-4.189772840646187E-4
5.133938996304036E-4
0.002378687588694925
0.0011881404522728137
-0.002651325864656707
5.358707745927145E-4
0.0012089422907723226
-5.396357682206424E-4
0.0035536198654866915
-9.554021025668746E-4
8.871641335191137E-4
7.115735091717515E-4
0.0010024479662743215
-6.503333434539833E-4
-0.0019039971036514175
-0.003516538699613974
-0.002923034696884699
0.001168540793471402
7.26932748593122E-4
4.935129028400624E-4
0.0011643002637233447
-0.0038048598054866347
-9.234497028523257E-4
0.001976274082371157
-8.45728540447001E-4
0.00913461620435675
-0.001225535221097522
-2.6933604817908465E-4
-0.0022480194210244236
0.0034861275659415435
-4.87374754011817E-4
0.004593277751272093
4.2983960236958434E-5
-0.002164544477969665
0.0031165019326264147
-0.002998376664217716
0.002282603970297058
-0.0013479084265512573
-0.0013502729675393375
-0.002193578350361556
1.8621434991645917E-4
-0.0015667246557578502
8.847359012884635E-4
7.466839932729818E-5
0.0010477477118156697
-5.585192303741713E-4
0.0011035416695554454
-0.002537535299901747
2.4123599767994627E-4
-4.609983394495442E-4
1.2438183195385066E-4
-0.0024687998540718066
0.0030950606826877303
-2.535626188013354E-4
0.005025626168279871
-1.4072270102307458E-4
-0.0037422579720517513
-0.003226579696288189
-0.002332356431206696
-0.0018427681700501942
-0.0010053239057677128
0.005674835339241278
0.0028624411959222848
0.003177084969397933
3.7619465414379756E-4
-0.003039625519634042
-0.0033734487435010604
9.50610737175837E-5
6.727430323819603E-5
0.0024188817225585467
-0.0012286978851008706
0.0024120307087255747
-0.0017008834327835662
-0.0013221817850390003
-0.0024994432535810876
-0.0038399825070527414
0.001962176395740962
0.0025912577473962252
0.0034730253762191117
0.001441432860319954
-0.004663791001389703
-0.0015765295448795923
0.0024300841666151
-0.0027344049237668076
0.001228343056880331
-0.0021271699484307675
-0.0022675439821841555
-3.281614565014048E-4
0.0031924677082889636
0.007355348061751263
-0.002491495304488823
0.002448814194432562
-0.0029290997212849034
0.004546391839155662
0.0017696070838048258
7.56693024301812E-4
-3.48093971265658E-5
-7.752019898257664E-4
7.219215676089203E-4
-7.687278532406512E-4
-7.927042162950448E-4
-0.0014231095828972223
0.0010243905457967266
-2.7365433274322915E-4
-0.004639252749883384
-6.081110067519659E-4
0.003103647056394488
-0.002619610929846569
0.001669685707104984
-0.0015593540639805715
-0.0015709700613529393
-7.878247688591204E-4
-7.117926924113394E-4
-0.001808015019108478
-7.772531380644547E-4
0.0022800800005330878
3.095667109979938E-7
0.0051061027907667
0.001609398450679109
0.0017412711314021385
-0.0025535171267801774
-0.003784601583581752
0.002081319570027106
0.0028614626140590366
-0.0020471454542373706
-0.0013724311170614347
-0.0028692173239931494
0.0021862775698554757
0.0035041994275208563
-7.672559336710785E-4
-0.0027376127208694192
-0.002086108454502339
0.0036638261423533706
-0.004942760562347473
9.897256377425958E-4
-0.0030503488626909044
0.002553749423301342
0.0025260038689186772
0.008653323303748996
-0.0037858256317462122
-0.004314557131249536
-3.589124724015832E-4
1.7923658207966473E-4
-2.2002909565208006E-5
-0.0029515389372251517
0.0016449886363029851
2.5381143340623413E-4
-0.005284963333272248
0.0011994605718111556
0.0024873082553785297
0.0025752200648150396
-0.004455323686901379
0.0030526285654731158
0.003033339462123104
-0.0020222775129712153
-0.0016673313117390271
0.001320069800640145
0.0031719840987479465
0.002548746141203907
0.006496752964956884
-7.28012241304741E-4
-0.004720908179237931
-0.0066677623346253125
7.946392648846639E-4
0.0019550010934744635
0.0020119283128594333
-9.066831509371115E-4
1.1071365181154787E-4
6.392341076243201E-4
-0.004770267095983671
-0.0018508880743805462
-0.002201493586532193
0.0017870449788111205
0.001902476557391764
-0.0010117116167197887
-0.0023045948961829803
0.0025733011905755476
-0.0025661559086494943
0.00390982614732722
0.0021236641870012295
-9.711730001602148E-4
-9.625427845185832E-4
4.901711754535301E-4
-0.002706063703556954
-1.2960741325972322E-4
-0.0010414373615456169
-0.003410774591863051
0.005139644907769924
-0.002020740876133461
0.0016478412122608631
-0.0019755940379740634
5.629030105154874E-4
-0.0020802333872823294
0.0015820308942075083
-1.9840319076896594E-4
0.0011446619615760464
-0.0011061070407467767
-0.0012867044751335578
0.0022822856256314375
0.0022499721826051687
6.927511647083786E-4
2.636303673912396E-4
0.002668866145384856
-7.403537272935264E-4
-0.004431326644939205
0.0038721973513820684
0.0014735826187717046
-0.002986197345273094
0.0018817884642165282
-0.002884179359962645
-0.0015571583284685019
-0.002752469568001597
0.0018847574703463662
-8.033128018079984E-4
2.987811971598885E-4
0.004361879074513068
-0.0025186285665749217
0.0042213576909009565
-5.212544419065355E-4
0.0010503419743108206
-4.141098803601643E-4
-3.74300583454403E-4
0.0013869818086410205
0.001989236796464632
5.519146521943835E-4
8.049249124241474E-4
-8.671728944919855E-4
0.0019033300338389125
-5.4919640973864325E-5
-0.004167720873609735
-0.0019238223248356783
0.0016892829849040336
-6.851804431899436E-4
-0.003140324774255342
-0.001847539444030515
0.0025468725919402676
-7.804940007884137E-4
-0.0026213670917821616
3.8564884837121415E-4
7.222821797423997E-4
-0.0016531767243047688
-6.767522236191485E-4
-9.657562176066444E-4
-0.001310246570498421
5.274049935047589E-4
0.002825779418978937
9.364822876850301E-4
-0.002077872413775957
0.003352879442388184
3.8499992288565984E-5
0.0013142418121785855
0.0022593856314130165
0.0017654723800769176
-8.981061087056242E-4
-6.399685787640617E-5
-0.0036602625485364693
-0.002403314810275329
0.0013268726606465873
0.0016090076445237568
-0.0013518609136980427
0.0020118768317239108
0.0019859828619964628
-0.0016085179579528235
-0.0022965132656107895
0.0015647013897631817
-1.7440479421451226E-4
