-8.555160108516314E-4
0.0015987020912727186
-0.002989202631796337
0.0022460165513752553
7.862973072680617E-4
0.002331211792200157
-0.004950790508015142
0.0018332814085469263
1.0995704103951634E-4
-8.862459809978272E-4
-0.0029962357282190106
0.00377252466817734
0.0010734045276659361
-7.513311721428382E-4
-0.002656394359141095
0.00233432100361803
0.001326551181517627
-8.372940991298397E-4
-0.002348732534476234
0.001859475452088458
-6.51480115987724E-4
-0.0015567155572171418
-0.0018111563309377073
0.004019352004142655
0.0020369730250197073
-9.692839272003994E-4
-0.0029189699016761057
0.0018512808038568338
5.332933984956234E-4
-0.001417804068177142
-0.003407372274360563
0.004291882944042131
0.003408811290245228
-0.0029827610419704176
-0.0027235688814274727
0.0022975186331526776
0.006826156360383167
-0.006209809739628629
-0.0022552806657947055
0.001638934045040225
0.008445346110702797
-0.008353133842857892
-0.0074949850578974655
0.007402772790052596
0.005161737745339974
-0.009026443712423478
-0.005414090575234938
0.009278796542318536
0.006797615773118196
-0.010073212737920726
-0.014859957124302218
0.018135554089104756
0.00942228146183194
-0.016046580976606033
0.006067823517994855
5.564759967792239E-4
0.0010463517122044626
9.857884506130406E-4
0.01572137837326035
-0.01775351853607783
-0.018503666625296934
0.015097530763201037
0.00338645522750452
1.9680634591384867E-5
-0.002390341565646577
0.011653285234079299
-0.01645348114145254
0.007190537473019842
0.01597247046430446
-0.014273533537511249
-0.01134572400220317
0.009646787075409984
0.00806831182430514
-0.002842773100110164
-0.009486169649918446
0.004260630925723488
0.006419571003723937
-0.006911725113265302
-0.00905094261884264
0.009543096728384005
0.001281605056561627
-0.0020910478643016575
-0.005697127822488377
0.006506570630228447
0.0019370038405912382
-0.001588185468613446
-0.003403659655123279
0.003054841283145489
0.0011645672212200844
-0.003451832026320418
-3.1452344015941427E-4
0.002601788245259755
0.0027417789378806675
-0.0012944949925329334
-0.0026972372155594053
0.0012499532702116892
0.002503766643003529
-0.002750045969395162
-7.265586787296809E-4
9.728380051213306E-4
0.0035805063855863157
-0.0037596800361850294
-0.0015430452915353946
0.0017222189421340962
0.003225065518740181
-0.0021425932112094804
-0.0036105886858196715
0.0025281163782890055
0.0021458253538403412
-0.0029312028347497528
-3.943592532058965E-4
0.001179736734115342
0.0035690296729743534
-0.004530422440477345
-0.0017632399674110697
0.002724632734914045
8.986779501804882E-4
-7.923699220755388E-4
-4.3941965312818297E-4
3.331116250232884E-4
-0.002360114162160842
0.0010835646546145526
0.0020883122086107686
0.003240126575174614
0.004051553272968264
0.0027632650847589555
-0.002127078596723006
0.001477198150760806
-0.0017713421462668237
-0.001647264071977056
4.0370597815213814E-4
-0.0019569002300447846
0.0
-0.001573302849440513
-5.781545987370736E-4
-0.003949085280541613
0.00489193297222394
0.0031426921477284843
-0.0041274912193370065
1.280119236876558E-4
0.003277571699498416
0.0022665706910668573
1.5164888838025542E-4
0.0017457500374447907
-1.746255806873774E-4
-0.005860700119946025
-4.0996107206135333E-4
-4.93458067262842E-4
-8.492723444442857E-4
-0.0027957357895490777
-0.00292369127956445
0.0036294592040947205
-0.0026970206733783982
3.979673801687558E-4
-0.0032735542957313905
9.105719843995677E-4
-0.001050134090762718
-0.0030994733368530066
-9.266412320727254E-4
-0.004854405829462448
-0.0014933349384552803
2.3743335830038372E-4
0.005179571995143883
-6.002211812576122E-4
0.0043618211090107085
0.00227182123553928
0.002040703507164933
-3.943076235502722E-4
-0.0013198140750492822
-0.0032168771628979203
0.00164975730330789
2.482317459066664E-4
-0.003604406366512637
0.004398465992189836
0.0016243868267904785
-0.0037630593992719627
-0.0031923693202709634
0.00253895249136456
-8.621895840601675E-5
0.004375941355660024
0.0020395116853267822
-0.0017936256860658977
-0.0016815311831363472
0.004028671302440032
-0.0022869141992489534
0.0026871908962800206
6.176862358876929E-4
-0.0025029788712833427
0.00492106931122723
-0.006255338713144841
0.005149139827310158
-0.0024075234057786728
-0.001114531719622123
0.0016659351546521952
-0.006045717853894901
0.0018313384157150935
-0.0021715085741966086
-6.978018352115384E-4
0.003525155951977526
0.0038710966865991253
0.0017775815070188708
-0.0018319978098599917
9.100645824853264E-4
0.0018189362355471158
0.0017908503097178357
-7.19993360175147E-4
0.005702618566398207
-4.4464708477825066E-4
2.0962123463163314E-4
9.853453086107484E-4
2.099248858258981E-4
-0.0026825755426932813
-0.0011409202099374731
-8.580947575417869E-4
-0.0022585634094845
-0.0011369386635650565
-0.0019226550757393737
-0.002543604204851479
-0.001707191202957716
-4.582215021318751E-4
-0.0011747198723840021
0.0011694398404103667
-0.0042875128451257735
-4.387854651587307E-4
6.13693993222089E-4
-0.0038663073526829343
0.007170159229781672
0.0011695520725078243
-0.001805421035565246
0.005332168104903293
-0.0021762625990652228
-2.5122593178039058E-5
0.0051225778468573895
-0.0010839179076744404
-3.179571300895392E-4
0.0018313576407997956
-0.005792514745726941
0.006215964347348717
-0.006710605494135081
0.0023963128029970975
5.806765843098249E-4
-0.0016365281816620764
2.085115081604449E-4
-0.002295333465081127
0.0034665191731017815
6.862092984560504E-4
-0.0026458446122153076
0.001807853743100342
0.0034211500379991355
8.261814823185572E-4
-0.001804864390121601
2.481229486918431E-4
-0.00246213427249343
0.003287341231439411
-0.0032476483589023303
-3.4988762614953923E-4
-0.0013577742356074103
0.0012078538391983602
-2.1294250311193474E-5
-3.2618286795399335E-4
0.0011106922930137102
0.0025892962697356596
-0.002762754635079476
-2.481404247381998E-4
-0.00483502327342741
-6.977272172545271E-4
7.698066529034089E-4
0.004507628840612652
9.823606616668375E-4
0.0016062253664272967
0.002116210386197631
-0.0042947242998526685
3.4752921675898843E-4
-7.85983220242795E-4
-0.001189531201547247
0.0014816252594785644
-9.53874250959331E-4
-0.0029195759835432254
4.995956657436532E-4
0.002479211416040346
-4.13573843710607E-4
-3.872557146559108E-4
3.09732722957238E-4
7.805569279506984E-4
2.6474123231860314E-4
-0.0020162785700916014
-3.808265525810702E-4
-7.191911807279986E-4
-0.0011230679951713392
-0.002493369834813095
0.005519451746782552
-3.601361469250103E-4
-2.9193609209838926E-4
4.683591709461227E-4
0.0011766167655453347
-0.0033300583639445567
0.001556244776075506
3.154399711904601E-4
-0.0019422919535319024
-0.0015807234403316095
0.0013659281359040933
1.8969427788789132E-4
0.001387126386866144
0.0015197320099478919
0.0017881093688992076
4.167538063262815E-4
-0.005566905923210346
-1.9347192080264812E-4
0.0019271794223494525
-0.0024442489739987285
0.00278884440381295
0.0022451143207926965
0.002672236306822758
-0.007532402539751574
-6.500406454661625E-4
0.0052390045753316055
-0.003000861689092092
-8.398509182954198E-4
-6.020849871584493E-4
0.004499436116144538
-0.0022807829527277373
-4.482589125989296E-4
6.390977835079303E-4
-5.776728859741192E-4
-0.004603762908873183
0.0026847098867392406
0.0010781286954198751
0.004796509603637652
-9.760962880716022E-4
0.004557588251962774
-3.2717967250429697E-4
-0.003103416533990771
0.002788199168138731
0.00444737705919704
-1.5465957218540986E-4
-0.004013934349487367
7.128074627445313E-4
0.002444962402298702
-0.0026554501303500955
-6.274578731127601E-4
-0.003953854784334491
0.0028893682884044616
-0.002922613129693887
1.4302852884159824E-4
8.727258148689496E-4
-7.115168844452537E-4
0.0031631012423377755
-0.003669513817882029
0.001636298672584028
-0.003956922244656972
-0.0019503579816558167
0.002616236144197516
6.807554074729498E-4
-0.0021650805223851093
0.0015094477348495687
-0.0012834022482236425
5.415945716536646E-4
-0.003083598507388844
5.334388378628804E-5
0.0030904943757458026
0.0026290277527063425
0.0018350888533209505
-0.002672055233721851
0.0
-4.909764730961362E-4
0.005675445784541819
-0.004506857670572069
-0.0029837811577337857
-0.0011491596645517232
-0.003344994742422164
0.004571878181205649
0.0016245784257907015
0.0032703694877672922
-0.0040086308117379165
0.00361514517126319
-0.0017307568991422793
6.969231069201568E-5
0.0021096161502121777
0.002505727813264377
5.128573121578788E-4
0.001835210624627841
0.0011714626546995787
-0.0012497781519756907
-0.0036081374462648176
0.0015869598819152992
-3.236505526861243E-4
5.420336711849999E-4
-0.0022915173097687097
0.001980203373464004
-9.570617094933217E-4
-0.002975405163785919
4.183377232740413E-4
-0.0010338017719391552
0.008247249919627943
-0.004145687188679142
-0.0021351012804751153
-0.001766953312080574
-4.864897237275186E-6
0.0017553604302108323
0.005342507459893487
-0.0021831404466901416
-0.0031961050967349754
-0.0033086980844700157
0.0014739834163233893
0.004293514708707637
-0.0012537344415122047
-0.0013724916553303366
-0.0015493318587441944
-0.006213915175535888
-0.00435816594452572
0.004406425897363985
0.004129275475635641
0.0014759343564042008
-0.0012637445780929826
-0.0010882439183310133
-0.0026373176350877056
2.805220114863276E-4
-3.102173694327949E-4
0.00563127962985328
-0.0015366107026937618
-9.623027963770792E-4
-9.605895626188469E-4
4.436894078783259E-4
6.152483695977789E-4
0.0035924393538351957
-0.003911190852569402
-0.0038886666831402313
-5.382354519122788E-4
-0.0010811723664306786
3.010962585713044E-4
-8.878219680322044E-4
1.4974693190851983E-4
8.85207490031615E-4
2.2258180860680902E-4
-0.0023453039648263915
0.003061519286963436
-7.214252170909205E-4
0.003518034285985409
0.0030586100271390443
4.440565130492413E-4
-0.003921509442822227
0.0013263511592357465
3.597897557435062E-5
-0.0010264059749357027
0.0016822055626160154
-4.7845840406841086E-4
-6.879321385726575E-4
0.0015716942527700532
-0.002481730026294461
-0.0010670777930333816
0.0022596636512442108
1.6694400689261932E-4
-4.7026870422409313E-4
-2.4340213366669727E-4
0.0019944778997836136
6.879889935133031E-4
-0.001906988884754508
0.0042022309909288255
-0.003178942741284975
0.001346719937631447
-0.004642207976085963
0.004413930061436946
5.57557630649394E-4
-1.2533027805975805E-4
0.004823936290350701
-0.004558563589628999
-9.88234658341522E-4
-7.47621650508257E-4
1.4419237488717427E-4
0.0017493075932180752
-0.0024815770179051327
-1.6512363975063114E-4
-0.0010745446900463917
3.2602421758907204E-4
-4.026760062493459E-4
0.0017207454154497645
-5.472630988318837E-4
-0.00323468855945802
-0.0026110374013511104
0.0027855978493939275
0.0015998833576711241
-0.00141471129318794
6.228973100985244E-4
-2.8875812283984037E-4
0.0038692457775860653
-0.004236385949757633
-3.9348193171185393E-4
0.0014679967947077782
8.268718038345506E-4
0.0022291134066696047
0.004005900175708534
-0.0024718953175090503
0.009826968981945787
-9.431890121461778E-4
-0.0038633851412397313
-0.004673746256198843
-0.003715886722414626
7.140004910019307E-4
0.001523842031409356
6.324468159044556E-4
-0.003479611204921639
-2.0228525331009265E-4
1.995770878277391E-4
0.0034106301175808613
-0.001165609771671385
-0.0056982820890510355
-8.503455391377314E-5
8.727552008476192E-4
0.0013163821697821693
0.0016531525297999207
0.004393667629065305
7.205174457758555E-4
0.001167911015333358
7.898898650417572E-4
5.533772018225876E-4
-0.0020509176784491313
-0.0020612411511722606
6.545370993297807E-4
-9.83785708845763E-4
0.0019596538213247014
0.002795966588521311
0.00431765115352069
-5.853829659386847E-4
-2.0853130645936318E-4
-0.00290809344528895
0.0010459766003976067
0.0017529619933765767
-1.3325106272089199E-4
-0.001735294659154468
-0.00440836063546679
3.146227961238748E-4
-7.757645520167157E-4
1.868510680513697E-4
6.453575456885194E-4
0.0021565492719220567
-0.0034305423177565676
0.0022474224277905133
7.841683365733048E-4
-0.005500285744893386
0.0026948978798423074
-4.536994882739422E-5
1.76664765373891E-4
-0.0022695961845405135
-0.004188050816854376
8.970018083983315E-4
-0.0017912975546096064
-0.0010486404105370332
0.005361104491158878
0.0010926026970206988
-0.0012952129606599635
-0.002076987258847219
0.0020426085719354664
-0.00274881191785653
0.0014435192314302373
0.0018668657771188572
-4.98014847365059E-4
0.002236102473740385
-0.002804121461228306
-7.402535925295787E-4
-0.0016244931634988517
-0.001980727821451628
0.0016127822610834495
-0.0014704078855135732
0.0011573494838761178
0.004113719757029691
-1.0918572919386884E-4
9.987607547027972E-4
3.9819748351269005E-4
0.00449209399820653
-0.001715591243737985
0.0017308118645282865
-0.0033783472922129247
-0.0018590872333079187
1.9329560681135768E-4
-0.0015917247376605929
0.00410457299663035
0.0015017746266747893
-0.002874202238212298
-0.0016280677390786737
-0.0013033421370108058
0.0
6.548282163202038E-4
0.0027042935579103594
-4.980148473650589E-4
-0.002740772099707706
0.006208579739985544
-0.001954710727841662
-9.140756630299691E-4
0.0034780348986368495
2.908675144362178E-4
0.0032484100774464128
-0.006945640056176368
0.0038646481586129744
8.27404683548783E-4
-0.0032954220261984376
0.001740149029408469
-0.00621232422488452
3.387120671291487E-4
3.672532252027591E-4
2.8108133525434694E-4
0.0020955794953223875
-0.001997205712011383
-7.746861924910382E-4
-9.747972476943753E-4
8.355871450894383E-4
-0.0014872496512306518
-2.76920206741784E-4
-0.002868403351068194
-0.0024633032197248494
-9.91302171691638E-4
0.003220275513751321
-0.0014167184204389794
0.0030829322026867134
2.343147936474648E-4
-0.0030675353878311966
0.0034420601360661677
-3.8593476153232895E-4
0.0034317122393759175
-4.5279346809541394E-4
7.38948361181326E-4
-8.473064953846369E-5
-0.0010518664977589298
-9.598357576234651E-4
0.0019919288600853263
-0.0017126239645492952
-0.0030507005353433694
0.0014731176673477842
0.0033847438914767513
0.002934281988398564
-0.005221406550897057
-9.977463284193801E-4
0.00425478844993416
8.951666054793779E-4
-0.0015438616230940621
0.002425065368098728
0.0016845962818048395
-0.0020434428032139636
0.0045427747268506615
7.770316564877317E-4
0.0026511314434876677
0.0049077890100987205
-0.00621807036542852
-0.0020443005932763176
0.0019032034247062817
2.739331304670977E-4
-0.003993193425973585
-0.002526409576381546
0.00171739803013209
0.003423772822190921
-0.0029221063265381575
-0.0018089524958898508
0.003677090161116993
-0.0017174070968739197
0.004178947168001803
0.0010180445711320315
-0.005534537670001921
-0.0028870044450290313
6.61605310522288E-4
0.0022670979685913036
3.7823054133600967E-4
-0.006347556978662712
0.0023039697920481427
8.271856051377934E-4
-5.011399690521045E-4
0.008625582678684707
-0.001580777335852025
-0.003025755922463511
-0.002828553819355557
-0.004155721469211413
0.0015469737751740045
8.405609437284979E-4
-0.004320613511389616
-3.455045891908996E-4
0.0011391769355754953
-0.0022821972046675495
0.0012584282741049484
0.004671310993603718
-0.002203501160478084
-8.652431419987768E-4
8.022656723085781E-4
0.0014617852647914225
-0.003469396656206555
-9.776772138126804E-4
0.002790178571428572
8.291963007564944E-4
-0.0018922445936187043
-0.003051864246421171
1.2136106548314257E-4
-0.001345830535456142
0.002205244770797535
-0.0017132265740810119
-1.3992259439783933E-4
0.0021992772222684254
-0.0011086748346381475
0.0026456557979188276
0.0037436568883405107
0.016543108341325538
-0.0036510569627589487
-0.009925301393867056
0.011439557386446897
-0.001626151361616203
0.0029334196987237555
-0.004739972418147824
-0.006083437860650526
-0.0019920557143264573
-9.209851192425284E-4
0.0030579918981237363
-0.0035322713286220658
0.002719004038838362
-0.0021010628216102454
-0.004671365836866802
0.009376735814633531
-0.0018772101387353783
0.0024089841354010665
-0.0017426508676433522
-0.005876498197565139
-0.0037655863183220007
8.190105016217461E-4
0.010749190893454233
5.738359996537885E-4
-0.0017436047453926575
0.005443016320732175
0.002652680084224606
-0.006768318734637034
-0.004404069174204557
-9.84273367770705E-4
0.0016308356041497853
-0.003325151734595249
0.007448312497006582
-0.006890165333908611
-0.0017994039588212147
0.0015707062361458915
3.055665785898936E-4
-0.004252387594548629
0.005355410291630797
-0.0036206326242052625
6.873423203793659E-5
-0.0036299211220843447
1.3532353710944342E-4
-3.467630504966051E-4
0.003137136715308379
-0.0027819779029905085
-0.007043774141941355
0.010088554975372886
0.004023278938237988
-0.004349811226059425
3.942995862234121E-4
7.291970692745535E-4
-0.0037470656455900254
0.002437730484793601
-1.0189874145711078E-4
-0.003590165726788141
-0.006929696999947326
0.005140521402499328
0.0012257789863088487
6.44585295815446E-4
-0.0029979634978701186
0.001352515194778777
-5.912340977151423E-4
0.007998863022535559
0.014437388811738129
0.004293893382382405
0.0020842520615105492
0.005321955382203646
-0.0032266519269845903
-0.002584852842339445
-0.0048439563907549145
-0.0018265882272469648
0.002203476281974856
-0.0064943155816414985
1.6131835413412115E-4
-0.00894353568857569
-0.0020841602842738473
0.0031185262182714807
-0.005177296955304101
0.01200589351560867
-0.003217704293669736
0.0014735049527814202
-0.002873247628699529
-0.004215789777350491
-0.0036436589198146066
6.033093601260462E-4
0.0023635207447269884
0.002614601905552046
0.0031036113199913564
0.0034154957319878945
0.005326087946436433
-5.824649729355889E-4
-0.0055678999992849415
-0.0011891580098488533
-0.0016433214702077992
-0.0043200207326485485
0.0013140464623780936
-0.006438592103386828
0.0013593122336436295
-0.006831389820263396
0.0016703949838010488
0.0011975488410868344
0.002306236266334996
8.584513906817466E-4
-3.7014172630517664E-4
0.00121162287793184
0.004548607049816367
0.0016816863043236105
0.002363509621069437
-0.008221974268179864
-0.003203567617776183
-9.407355530536512E-4
7.359192247690404E-4
-0.00277939872125293
-0.0022887345566387114
0.0027863221351946653
-0.005596054619636071
-0.0010086952235911961
-0.0036360711247341504
0.005726022070368736
-4.5364810203461434E-4
-0.005281104333485877
-0.0045660391153092405
-3.747469215437784E-4
0.005129188939399813
0.008610976981237842
-0.004777056921480666
0.01517589307878974
0.007651088414113711
-0.0024580735084658717
0.0056897208722824135
0.0023869144272852735
-0.001926818752670111
-9.320522650666026E-4
0.0025567185446183902
-0.003148440016357612
0.002597791778083399
4.965259646604809E-4
-0.0060089760413517155
0.0011962404084237752
1.0136671972762893E-4
-0.005366943858012981
6.333301106519569E-4
0.0016933449474178203
-0.004731512101571932
-0.005143862997407853
-9.076978597163216E-4
-1.2897523938109473E-5
-0.006481353836804501
0.003237438588024739
-0.0017292703267792128
0.003180495710841213
0.003582273820994058
0.0013081489284277265
-0.003097510333322886
-0.005603182920525978
9.930458010180055E-4
0.0016454212296710814
0.004345721728751747
3.882983799147273E-4
0.0032239963596977232
-5.282383551954333E-4
0.0036552031285246862
-0.0018676633594005598
-0.0035945308993929285
0.004394924501312297
-3.6297388352382685E-4
-0.00758572102360318
0.0015477977417554748
0.003863092316571334
-4.2818864216049007E-4
4.8727281891135915E-4
-0.0021429733207336253
-0.005342026905883843
-0.0014793865999935384
7.453255478795584E-4
0.004145589836126369
-0.004009035873752818
0.0014678711828578677
-0.0017637868683209584
-0.0017441957839633869
-0.004535213062656111
0.007585250509427297
0.0010125292586728113
6.259917392098307E-5
-0.0037781411106624146
-0.006496247649099871
-0.004589453378927444
0.006138116511531065
0.0011014554318302507
6.442587768283482E-4
0.014037199588506546
0.003962801528261586
-3.269955901651575E-4
0.010517421802023936
-0.0038640652317544887
-0.0069113319583073325
0.007623943865870187
-0.007271465499527688
-0.005580357142857144
0.00222170680480507
0.0
0.0015425913692165248
0.006140799149927049
2.761870750410838E-4
-0.002742212485644296
-0.002786461893021671
0.003995053979250531
-0.0028188543193023363
0.0011190120021716465
-0.006162498119900571
-0.005884558835799665
-0.003998476548703217
0.004477072076546327
0.0030815580303445245
-0.0013950557965733124
0.0076500378292792305
0.0
0.003740380609036965
-0.003340693594573554
-0.0012569901080664117
-0.004528086165532337
0.002034118774580554
-0.002790178571428572
0.005446420964679311
-3.140794030471886E-4
-0.0014976423055680674
0.004155763258689861
-0.0023632353611570452
-3.314210042951102E-4
-0.003427007887103061
0.00801129035155234
-2.77214534715982E-4
0.0
-0.01344302276519429
-0.0023106853660246904
1.7264159065812017E-4
-0.006045952597238224
-0.004154229839500987
0.0015184177739627992
-2.785417953950634E-4
0.007401196569354833
0.0022953402110378164
-0.004328439273454511
-0.0014615190972535894
-0.008285407681793255
0.0045750112480799215
-0.002790178571428572
6.412062358576813E-4
0.0
0.010003169874518169
-0.006500452094137334
4.151340652335618E-5
0.0029387188643855994
0.016674114764238274
-0.002790178571428572
0.0
0.0
0.006311826378243493
0.0
0.0
0.0
0.007879133578314133
0.0
0.0
0.0
0.0051526215875931074
0.0
0.0
0.0
-0.009921300082318802
0.0
0.0
0.0
-0.014734562965421184
0.0
0.0
0.0
0.003484187256328154
0.0
0.0
0.0
-0.0030419041082062883
0.0
0.0
0.0
-0.0017543011593066878
0.0
0.0
0.0
0.010235736335226012
0.0
0.0
0.0
0.0
0.0
0.0
0.0
0.001843119087577361
0.0
0.0
0.0
-0.0060110319048085285
0.0
0.0
0.0
-7.666480358438535E-4
0.0
0.0
0.0
-0.010377532384029262
0.0
0.0
0.0
0.011767541806296175
0.0
0.0
0.0
-6.688538964381486E-5
0.0
0.0
0.0
0.0
0.0
0.0
0.0
0.0
0.0
0.0
0.0010463517122044626
0.0
0.0
0.0
0.0
0.0
0.0
0.0
0.0
0.0
0.0
0.0
0.0
0.0
0.0
0.0
9.857884506130406E-4
0.0
0.0
0.0
0.0
0.0
0.0
0.0
0.0
0.0
0.0
0.0
0.0
0.0
0.0
0.0
0.01572137837326035
0.0
0.0
0.0
0.0
0.0
0.0
0.0
0.0
0.0
0.0
0.0
0.0
0.0
0.0
0.0
-0.01775351853607783
0.0
0.0
0.0
0.0
0.0
0.0
0.0
0.0
0.0
0.0
0.0
0.0
0.0
0.0
0.0
0.0
0.0
0.0
0.0
0.0
0.0
0.0
0.0
0.0
0.0
0.0
0.0
0.0
0.0
0.0
0.0
0.0
0.0
0.0
0.0
0.0
0.0
0.0
0.0
0.0
0.0
0.0
-0.018503666625296934
0.015097530763201037
0.00338645522750452
1.9680634591384867E-5
0.0
0.0
0.0
0.0
0.0
0.0
0.0
0.0
0.0
0.0
0.0
0.0
0.0
0.0
0.0
0.0
0.0
0.0
0.0
0.0
0.0
0.0
0.0
0.0
0.0
0.0
0.0
0.0
0.0
0.0
0.0
0.0
0.0
0.0
0.0
0.0
0.0
0.0
0.0
0.0
0.0012441309222949106
-0.003305304765132698
-0.010540697672841957
-0.005901795109617197
0.012764568867833464
-7.88144795397874E-4
-0.0020120240790774823
0.005133130769842918
-0.015428748790611943
0.01279965926265978
0.002042197729194018
0.0039733470262626625
-9.70292565163019E-4
0.0029470755319500864
-0.00594295711872713
0.003985854786531448
0.0
0.0
0.0
0.0
0.0
0.0
0.0
0.0
0.0
0.0
0.0
0.0
0.0
0.0
0.0
0.0
0.0
0.0
0.0
0.0
0.0
0.0
0.0
0.0
0.0
0.0
0.0
0.0
0.0
0.0
0.0
0.0
0.0012393426447919274
5.091250906749849E-4
-0.004000533671755298
0.003496196858583297
-6.420501934679714E-4
-0.002287655661639352
-0.0050228538569441
0.004647254946918725
-0.005425324869191669
0.001964656539275212
-0.0023923751837647447
-0.004687654159160757
-0.0015382607020259383
0.0
-0.005580357142857144
0.0012168227352658864
0.01664279807211426
-0.0024718129074529725
-8.844867438847215E-4
-5.21929552943085E-4
0.00862086162613933
-0.008719978532281795
3.9365904374041513E-4
-0.0010826869329958258
0.006315232650473268
0.001666201402110939
-8.313468422853085E-4
-0.009162111289376374
0.003607790520242757
-0.0018007097544511536
-0.005941899507797081
0.009267949511848388
1.0879789605104878E-4
-0.007620480880009566
-0.001310627208414494
-0.006606438598238935
0.004661971387980459
-0.00225029587472733
0.01010261217504977
2.853715743568808E-4
-0.008504461867005379
2.7265854471858887E-4
0.00342543112324286
0.006848569928237948
0.002823941248927502
-0.001232237628749397
4.303110547158144E-4
0.0019513323513687389
-0.0030858859896499965
-8.596652036805717E-4
-6.361614679665469E-4
0.003611420096134097
0.002432260334128965
-2.963335363904704E-4
-3.907907209703388E-4
0.0012019394551819303
-0.00838344734670153
0.004147341863732987
0.0011455765177229632
-0.002852428153481547
-0.0029010949485025733
0.004705653001358657
1.481184299647637E-4
0.0020331783037106045
0.011306467150864813
-0.002307806374508252
0.004502898478643053
0.0014034933683076205
-0.00403216200841915
9.12489468966371E-4
-0.0053175302874496275
-0.0020056310735657185
-0.002080447470771826
8.81930617653107E-4
-0.001380650898114526
-0.004252641340787819
-0.002254566202616299
-4.0703268633324077E-4
-0.0021129976560301843
0.004753845348515097
0.007097103532242679
6.209732354073795E-4
0.0087786297484196
-0.0014236633612888692
-0.010471874250268146
0.0031186109714523716
-0.001283272777481895
-0.0049177275487412835
0.00833566005068577
-0.0037947762063799363
-0.001623392998986629
0.0021651357955565402
-0.0038052483635394128
0.0035961282483365498
-6.469641751698944E-4
0.0059079633338344675
-0.005405957689236587
-0.004428333340318124
-6.762115333130471E-4
-0.005487498869557555
0.00256730933967587
-0.0015605813041082823
0.0035584694871450147
0.0034856608271251295
-0.0021980576397843225
0.0021584943990637854
0.0035408626862811253
-0.002154013830644813
-0.0026018286045884484
-0.002922364889769677
-0.007517007552554065
0.003187577373131463
0.010753190988622763
-0.0025580314547010404
-0.005430778588962458
-7.720048263175161E-4
-0.0024353966379261896
5.73907940359439E-4
0.0019255087587986906
0.0016086855569261704
-0.001065589049125277
-0.001945363065312717
-0.004610670848952619
-0.003322204202583029
0.004359708678488893
0.00521898134008208
-0.0011930614921909673
0.00608365437581361
0.018084151162706265
-0.0021157643994962473
-4.260185126791216E-4
0.008208435731962765
-7.582850249433692E-4
-0.002305287342982132
-0.0026275011125614146
-0.0029821244536331233
2.494410580375628E-4
0.001766845359189423
0.0037759890139651003
0.0013822626735950604
0.002790178571428572
-0.006508416577356446
-0.0026348230645009134
7.3387381572469E-5
0.0015420156712736715
-0.006631867342267165
-0.006180605105814251
-0.0031016667801298686
-0.005328541710995871
0.001964181378691547
0.0038172833834480184
0.00259150402552621
-0.0031052868075738325
0.003998304540959634
0.0014589521628406983
-0.0034687947152143204
-0.0035817189644613973
8.958346374351098E-4
-7.395314745794886E-4
0.0015964035633500712
0.007114758262528904
-0.007229180572081085
-7.40508107804445E-4
0.0038464963083609726
-0.0032768455319051966
-0.0023246388265761265
0.008449863751733325
-0.005548093648227767
1.559915290844623E-4
-2.343472132908959E-4
1.2015536332227449E-4
-0.0041156517388884865
-0.004148184473330116
-0.0022378274633801922
-0.0036731367242381647
0.002495425082489354
-4.353461111660454E-4
0.004015348754307894
-0.007338739389022171
-5.431977463749445E-4
0.0011399304005903113
0.005175801216816677
0.0043965464010794954
-0.005226566006170772
-0.007849697245873638
7.423150036888135E-4
-0.004862182321699846
4.995336879395585E-4
0.003827010218323641
0.004116973733075889
-0.0018466868823317183
0.01383574336222683
0.005784101629108463
0.0063862623602461204
-0.0011850454117829038
0.015320260407771116
-0.0012465357896313744
-0.0024723963808108308
-0.0035820718659208203
-0.004660459523173577
-0.0014478438907108565
-0.006151816179629484
-0.006522402131573269
-5.638089134063777E-4
-0.0016907066393397315
-2.32762460207974E-5
-0.0027707258500677045
0.012894776249247156
-6.688144580895006E-4
-6.081609459903754E-4
5.497273802377916E-4
-0.0074964938434120415
-0.0033605314677760873
8.805847284321156E-4
0.004019524076473956
9.704790888199839E-4
0.0014373475737508865
0.006040096091387295
0.008044805723262514
-0.0014860569647012747
0.0020393640827351305
-0.0028948493818762673
9.135707905406367E-5
-0.01040115186241838
0.001134843433370239
-0.0035136968386514237
-0.0024242626533859946
-0.0057464354076582624
0.0017604801782666857
7.636230563818557E-4
0.00586280020433902
-0.002113785748440587
-3.306961426537173E-4
-0.0014786412116151843
0.003913791807958833
-0.001611540235261704
0.0023652893278737173
-0.0023013132004872506
-4.4367009694619344E-4
-0.005322956123008468
0.0021046045308931397
-0.001651516896850959
-0.004281247423529593
0.0027154451414481123
-9.77654118827234E-4
0.0013133515480529094
-2.3091631931267034E-4
-0.003838216780138643
-0.0034337637842638278
-0.003545995506545473
0.001117629382089284
-0.0030320482369302717
-0.0021878794081443102
0.00716669713967609
-0.007856421723384726
0.020878563381491667
0.008085405262764713
-8.183073164298269E-4
-0.0022288053044272945
0.00331644249337475
-0.0039291497508604405
-0.002277672051353019
9.121321935561281E-5
0.006728496261611209
-0.0037572646020544564
-0.0033633237986276853
0.00190184811663668
-0.0021220878244152396
-0.0024127023169701715
-0.0014972983264832968
0.004413445162408467
0.004289331779193923
-0.004128691940019925
0.00130778792710324
-0.00199001177448217
9.866745894308436E-4
-3.138152670628802E-4
0.004318468830467331
5.783653171537886E-4
-0.004097855928502193
1.7032389123922262E-4
0.0027529942424943817
0.00326288008224367
-1.1686212039779039E-4
-5.256628146781128E-4
-0.004416206585866663
-0.0011442442082684407
-0.0035558693541196036
-0.0014677366436432785
-0.0023648607896795387
0.002926830757151301
-0.002869189567705998
-3.694021610322917E-4
-2.9779307793995763E-4
-0.0012980633674907205
-0.0031710981999398787
0.0025238120973190754
0.0012461908709032101
9.290184269156734E-4
0.0018548033865994028
-6.528760595950651E-4
-0.0037496624372064745
0.001237571815863259
-0.0035284876693613496
-0.002253380848176584
0.0023648906866500625
-0.002726893307551997
0.0031414508322033245
0.004872765786511311
-0.0027140741057763637
-1.3657206296053236E-4
-7.48613064826399E-5
-5.892592669162244E-4
9.391926948362599E-5
-0.008160934739953794
-0.002323185853958169
0.006684638473766346
0.007826761193647528
-0.0010593077877167978
0.0045971397656149
-0.0040969406331612945
0.0017338681816114242
0.0029428066091729734
-3.441383266981755E-4
0.002602863693045399
-0.002775074944681105
0.0010240514814961192
-3.62329722216473E-4
-0.0011370377551986465
-0.0016620598732332514
-0.0023912706408821057
0.0011714886400038438
0.005446963381024715
-4.185189075994267E-5
4.634637032206628E-4
-0.0012931968461825142
-0.0035010097728436496
-0.002185537048234726
9.198737200388139E-4
0.005027071708595262
-0.005927293761477791
0.0013830644070735147
3.6924207774457216E-4
0.0032039168720576854
0.0044700892853901586
-0.0033763936662946055
-2.6117574735343434E-4
-0.0015975767656839686
0.0019647161513308736
0.0013353608812282907
-0.0014521351448432036
-0.002463261061029464
0.0032487858685361602
-0.00149524230529591
-0.0017407548443010587
-0.0016651765993515746
9.474948358163282E-4
0.0017467919983841832
-0.002011656318481856
4.715006853488234E-5
2.4817455014908925E-4
-0.0013543037764623775
0.00473798917042125
-0.0056990480582657325
-7.479302346097732E-4
-0.001745690608666821
-3.617871047514134E-4
1.4807553585621152E-4
0.00315378977490897
-3.227917091158598E-4
-6.528760595950653E-4
9.152752763249509E-4
1.5962410924243338E-4
7.477257183163069E-4
-7.735149304501057E-4
-0.001970241053017544
-0.001276599049291203
0.0020754784935772836
1.5756875215910873E-4
0.0024910167858412983
-0.004391123221641679
0.002484824116233172
-0.0012843481637546876
0.004992761790491064
0.002217056289179588
-0.0032393136217300517
-3.886027313000913E-4
2.1548530129073895E-4
-0.0016533406368035596
-0.0056012476490848034
2.3471375489399074E-4
0.004750171649959303
5.508941143881311E-4
-0.002481448500721727
-8.19189966351227E-4
0.004218793778000486
7.750945281092688E-4
2.874908703604107E-4
0.0032709120810782057
-4.004654206774226E-4
9.171959846471516E-4
-9.209759704164855E-4
-0.0014593504961636075
-7.541806414406908E-4
0.0016919660101254261
0.0026596632663517666
-0.0024034806466193956
-8.456414507648977E-4
-0.005875178424848275
0.006169349854650409
0.0013557664987894416
-0.0030418156182828466
0.004126294498970612
2.6865044611055437E-4
-0.006571814181455068
0.0030953654017324504
0.001067703342250566
-6.934789988802181E-4
9.824633392354581E-4
9.479393484435926E-4
-0.0017301600733130795
-5.632775219469727E-4
0.001174226704164292
-0.0031980679313171907
-0.003218143404675944
-4.4133739315575663E-4
0.0034178003947196423
0.0024847919374568718
9.707725655378445E-4
-0.0018462741129324242
0.0023644597631886054
-0.005123077613898588
0.003151482820632359
8.268400194264957E-4
5.375251481308683E-4
-0.0022432219120855864
-0.0016272778057780752
0.005959808798547456
-0.0010252655351720322
-0.0012746229595626448
-2.97082618269974E-4
6.160322129248308E-4
-0.004495668266573105
0.001541911961789608
0.0016745017477286304
-0.002294976692036429
0.0011282669238746055
8.765874395684931E-4
0.0040168259947238666
4.219284865228691E-4
0.002384824197334038
5.298597581288936E-4
0.0030395616473785176
-0.004932593030794922
-0.0059898993782817045
0.0038560021900978492
1.7425613210741812E-4
0.002122456268984726
-6.874002655473019E-4
-0.001937276875642218
2.2935035226874121E-4
-0.0020696468890637216
-4.810749082631333E-4
4.8739354126616863E-4
-0.0017880785648887022
-3.9478176332720903E-4
-7.235408454529483E-4
-4.1241133210042843E-4
4.7649347745649527E-4
5.936901936537376E-4
0.001287741129911557
9.702209284565325E-5
-0.003602796238163125
0.002534947231977167
1.6318949353836274E-4
-0.0011151462100855497
0.0010225381608399105
0.0010594359422674508
-0.0024707469145364208
-1.793878802563713E-4
-9.671657253732201E-4
-0.001358217512257281
-0.0022390314190122267
-0.004275095676763331
-9.319517141458758E-4
0.003799064622916997
0.0038691197692604464
-0.002873636504333809
7.867358124122692E-4
-0.0026901184728556223
6.940710006156697E-4
6.680203204124375E-4
-4.7428376318454967E-4
-0.004106634781135316
0.003776034772148403
0.006008565831135581
0.004045142720083527
9.101769422039666E-4
0.0028369013517446327
-2.4555767368577143E-4
-0.004316717146592746
-7.175996421123019E-5
-0.003646917177566246
0.004450284799872339
1.107044919779485E-4
6.714482461113876E-4
-4.7909301583200334E-4
-1.1123513557098662E-4
6.831510061030377E-4
7.605585096118394E-4
9.792635312091966E-4
-0.003974563240199141
6.697936195527486E-4
-0.003602870744594738
0.005323860356373171
0.0029159411932142905
-0.002732045677046192
0.0021144108539082585
0.0023042533979488705
-0.002107512421668593
-1.6171268675108357E-5
0.0018477261150767184
5.931212012951755E-4
-1.6552276308328794E-4
4.196103290672775E-4
-7.45217552296973E-4
-0.001827189303644866
-0.002250408397546075
-0.004288240711861095
-0.0010458519896692743
-6.229718153836089E-4
0.004224450781010368
8.129038329942676E-4
0.0010525497273133752
6.343937020819243E-6
-0.00248339567576388
0.0033805018628224677
-0.00467837214142378
7.407646934438502E-4
-0.0039228500715184885
0.003599516189658318
6.474742747153104E-4
-6.365368518291828E-4
0.001919218965937587
0.0012109261404207017
-0.0038153045066947606
-0.0017420773054777992
0.001815355870086376
0.005197152040056878
-0.0022844424975266286
-0.0016822669267118038
0.0014082906583992123
-7.515475464555256E-4
-0.001499967905294779
0.003498453328166807
-0.0015561706636417804
-0.004626239143654353
0.0034601781574941826
-0.002325983528056422
9.96406613330276E-4
0.003480579743894787
-0.002436116736752248
-9.084356924957618E-4
0.001324728441380362
-0.004801350081880713
0.0028766368782870144
-0.002955356887614071
5.237828728880223E-4
5.441103358537942E-4
0.0038939613460830845
-0.005199914546386065
0.0025653193450072363
0.0014810067208380537
4.555266851901927E-4
0.0038908906518155296
-0.0034854158058975396
0.001082225165522502
0.0017659765072153097
8.220244680854151E-4
-0.0025971673488160846
-0.006544001840038955
-0.00318065909177613
-4.700483468708717E-4
-7.054346990250638E-4
-1.5977613411160847E-4
3.2575868950681123E-4
0.0016190905059035817
2.6530248171722864E-4
-9.499122424193366E-4
0.0018527034790820852
9.243717403660405E-4
0.008453313308662606
0.002176734437077674
-6.056028957366085E-4
-0.004798117565681055
0.0017036461384642286
-0.002672824569122595
0.005074893855213326
2.7497109053514334E-4
0.0010821145853561489
0.0013794351099529409
-0.0011073528909744303
-4.223055643348137E-4
-0.0021768031339998847
0.0016262973590862675
-0.002954922586876171
9.741901055375915E-4
-0.0023043994438929237
0.003075162812939315
-0.0023575290919390945
5.942664115726557E-4
0.0018449932509727513
9.502295072236907E-4
-3.0347436682723794E-4
-0.003029047462200323
0.0019456397362451183
-7.036997399130357E-4
-0.003790183750236414
0.005453027775594381
-0.0013267196089251632
0.0023975264541183016
0.0013773479700338077
-0.00359384702259755
-0.0032602515547908804
-0.0014893467315057777
-0.0021314900990425894
0.0012580904864596325
0.00323664043999803
0.0021332640415807186
0.0026530685516922593
0.001614176892004091
-0.0025825479201743544
9.36339863915606E-4
1.7165714191843227E-4
-0.003168190524493646
0.0011613744869446658
-1.2587975565526472E-5
0.001067215367537156
-0.0016632416756999632
-0.002211584340447418
-0.0018608621520721726
-0.0019104779747473543
0.002931919238998046
0.005684196571855192
0.0015977693166312474
0.0025991008942114523
-0.0054226458385940104
-0.0021028699517516712
0.001388324808242883
-9.126193739100617E-4
-0.0013206742594895023
-0.0012787673744066722
-0.0018979071649920737
0.0017153315049081835
-5.840778757531043E-5
0.004429095928278126
-0.0032190642794166758
-0.0020374729815109387
-0.004185946918373405
0.0033091513189438784
0.0030741010782345092
9.84410624329194E-4
-1.1034505855685118E-4
2.9566230429536465E-4
-0.0014505585535035488
0.0012450945344420947
-0.0012201807899282473
-1.8430301754226346E-4
0.0013984568030487219
-0.002825323817088882
-1.7533630236009345E-5
0.0011841723466780216
-0.0021195007250956917
-0.0016957473587606393
0.0024405104706411826
0.002827036713059036
0.001928927692382162
-0.0026102214326440124
-0.0027293453637947176
-9.894817057290364E-4
0.0014656367122721607
0.002826818399668848
6.174525173524611E-4
-0.0014282854366239697
-3.855361508488639E-4
9.854141209568509E-4
-0.00230943621641226
-3.672875279588802E-4
0.0023844312259216783
0.0018498715895169256
1.6774588828483535E-4
-0.0013407251085037332
-0.0021091018581231
0.0017812623053505465
0.0062415380598920675
-0.004571354277342635
-0.0013881698381007766
-0.002534923857634922
0.004189458817286029
-0.003624891973944208
0.0033388784392598776
-0.002391720011837058
3.915316172997847E-4
-6.61612075191215E-4
0.008642461664710853
-0.007126999910694039
-0.007672099282311662
0.0013416415976319927
0.0025027010378960136
-5.562430642468588E-4
-0.005432874159984102
-3.074105391670575E-4
0.005180673550992842
-0.00567118447298501
0.0014120163869327977
4.327232146100309E-4
0.003682637732913395
1.7034706664722024E-4
0.0015972345681595816
0.005029440127634177
9.520977394982867E-4
0.0023320334835563936
1.8326941931561718E-4
0.00102429558675452
8.937143301896901E-4
0.004892701745711662
-3.004691169248249E-4
-0.0027313945677293486
-0.005896088642270033
9.425496545881289E-4
6.927955628980779E-4
0.0022399452237303183
-0.0019792310345214895
5.290440051348448E-4
9.90911133009385E-4
-0.006908767734150721
-0.0024435810853570957
-0.0035036103091482633
0.004067734527355933
0.0018946899960601443
4.2352916841960266E-4
-0.0010086756313056238
0.0037907525947467745
-0.002581236429294794
0.0013447316214765803
2.775770320156104E-4
-1.8978197709358787E-4
8.33529608822143E-4
-0.002790178571428572
-0.006138297605228063
0.0029092013100751046
-4.969729359355843E-4
-0.0025019252651323817
0.0017866967573573656
-3.0483971166579867E-6
0.0031721688313593372
-0.002555234048228104
0.0019344137164866988
-0.0022417509596222578
3.462730883027521E-4
-0.002295334958203745
9.622553974780032E-4
0.001365430812186603
-0.0020261972683846565
4.0805643201851814E-4
0.0056469696941545905
-0.0029325623890378467
0.0014619049346707908
0.0016969356177496892
6.927753517720556E-4
-3.2293393187771916E-4
0.0025822760160756327
-0.002051016068754878
-0.0012688701929759443
0.0013568575989740517
-0.004548851316171772
0.0018167165124184583
-0.004070647496929588
0.001677768057961891
-0.0028479808062075334
-0.0018211603783778126
0.005111933693828405
-0.0018303445562334543
0.005972367252588857
-0.0012339834631088524
0.0018582187423194845
1.1331996372594634E-4
5.271552453406251E-4
0.003388026435126276
5.151173905174173E-4
-2.3699339810329047E-4
0.0015960463391054788
-0.0032229656017447607
0.002625373238999957
-5.966600531385903E-4
-0.002990089225901022
-7.932663048304668E-4
-0.0015101226019522888
-6.444400889070922E-5
-0.0029059355322149823
0.002880467637416534
-8.726038377470423E-4
-0.005242331370997246
0.0015684491433233915
-0.0024555835183767043
0.0015443548024262844
-4.974531957443315E-4
-0.0020801204772085136
-0.0012260075263215665
-0.0017982196880377856
7.706392232908917E-4
0.005534048775992351
6.667548303322004E-4
0.0011356295676961169
0.003899096084837788
-0.004221479704088272
-2.2419136239629754E-4
0.003479501205561152
-9.334527052846128E-4
-0.0030005725788983906
7.951753756864745E-4
-0.0018500101335884444
-0.0011006229530149676
0.002363520871625532
-4.927406336294874E-4
-9.731921054355241E-4
8.968240172057833E-4
0.0031338933440654567
0.003175516398991684
-0.005411607858529838
0.0016713115741603776
-3.496157224035614E-4
