-7.997062844958849E-4
0.002227176775415819
-0.003663554520179401
0.002236084029259376
-4.6824083369990943E-4
0.0016791492465132805
-0.0038298809229817313
0.0026189725101683848
-9.505062708137441E-6
-0.0011180433162806338
-0.002282813726764719
0.0034103621057534755
3.3983455683935166E-4
-1.2013948284269726E-4
-0.0023525980222196753
0.0021329029482230065
5.510700000231678E-4
-5.445947180561743E-4
-0.002532338915152359
0.002525863633185339
8.008213564154832E-5
-8.896188764139831E-4
-0.0024566069363625765
0.003266143677135001
0.002156307255093496
-0.0012766047879423795
-0.002466508601792675
0.0015868061346415757
0.0016132366170890514
-0.0017882182762277714
-0.0024257061489463883
0.0026006878080851135
0.0037898940730590556
-0.00212789063720636
-0.0037809332234868343
0.002118929787634022
0.006090848286567167
-0.005942279926176602
-0.0032888464460434884
0.0031402780856529325
0.00881443499080556
-0.008663854205548062
-0.0074712066785986185
0.007320625893341169
0.006293655017323016
-0.009603716262836876
-0.00513309741149031
0.00844315865700407
0.007050976402363073
-0.010492407985166723
-0.014864212682349666
0.018305644265153305
0.00928208106668006
-0.01759767805182909
0.006820503914659622
0.0014950930704894084
8.416070023856369E-4
0.0013947562763492651
0.015430329771722316
-0.01766669305045726
-0.01871092261498498
0.015157138558099484
0.004006148183618939
-4.523641267334447E-4
-0.0033553239475486198
0.012246318800572848
-0.01590992741849205
0.007018932565467796
0.015767427742712913
-0.013768747282787385
-0.011990237123100085
0.009991556663174481
0.008538331363800479
-0.0033992928419122417
-0.008938436006564963
0.0037993974846767097
0.007145233072138647
-0.006760813294906024
-0.009688032273935603
0.00930361249670301
0.0017853652945756554
-0.0018564258061381502
-0.005521984332371305
0.005593044843933753
0.0018574687782074053
-0.002005644247785809
-0.0026451274147307625
0.0027933028843091564
9.622741383429536E-4
-0.002527989289514457
-0.001559137609898086
0.0031248527610696214
0.0015715469194858545
-0.0012615606471455825
-0.001584087822488919
0.0012741015501486343
0.0018937015796882265
-0.001491590525456924
-0.001316804050889217
9.146929966578917E-4
0.00304591581709053
-0.004699928600219149
-3.9354187991733427E-4
0.002047554663045953
0.002896774295172837
-0.002105267193219029
-0.003588231289948612
0.0027967241879947985
0.0025039057115727736
-0.0023330046775354683
-0.0014488020601682364
0.0012779010261309122
0.0030172250308497517
-0.0030752387115002573
-0.0015192775080595212
0.0015772911887100192
0.0012543083482942528
-0.0013521301936706947
3.171996406275945E-4
-2.193777952511833E-4
-3.6780104669969236E-4
1.0401759551803945E-4
0.003645510605563506
0.0024198291908111074
0.002865364563747218
0.0044406293624258365
-0.003559726957442387
-0.0018375038369530374
0.0017993476385623499
-0.0023505657894774003
-0.001962899058756062
9.870906229864497E-4
0.0
-9.603913449124608E-4
-0.002839170698414892
-0.0031834371314544627
0.0010895451673283867
0.004219060378202039
-0.005402119542710334
-0.0020175833562506573
3.0703572075224954E-4
0.004585717105631582
6.807894887360048E-4
0.0037916659770391168
-2.9296795630811407E-4
-0.00436129609586305
-0.0015116228536999593
9.012836586083102E-4
-0.0010431764251971824
5.889324843312413E-4
3.670070246248649E-4
3.249060001913253E-4
-0.003506990263828065
-0.0024840359071763027
-0.0025023247195102996
0.0030766576003342424
-0.0013333778984944713
-0.0036908700297037886
0.0015871960572740491
-0.00558804012796544
0.001503679599711677
-9.922681823791005E-4
0.004613451337705168
-0.0010709913983839227
0.001236179602302667
8.992726245261908E-4
0.0036051925067000223
9.837146787080389E-4
5.37545835789845E-4
-0.003996345177838814
0.004948783492765986
-2.3199068599890528E-4
-0.0021567329461593667
0.004518082789217982
3.4459300449501897E-4
-0.003275673026087325
-0.0033968368842421702
0.001237213201270371
-0.0016432669130107065
0.0027107681502944285
0.002749680230026528
-0.0028751963300530127
-0.0026542065010847033
0.005419665789874219
-0.0027008267896437795
0.001351171511698237
5.149008669420763E-4
-0.0014129458964060575
0.0034742575517296105
-0.004209715029522093
5.859518733240105E-4
-0.0020077975068265664
-0.0011204450479447331
0.0012628132549075905
-5.170423223563087E-4
0.0010645239515023079
-0.0017679267933516335
0.002441965601064012
-3.4197271751550476E-4
0.002914846658698913
0.004096177468514915
-0.002496610245475358
-0.00176680507234892
-1.5047271084500628E-4
0.004939509270667429
-5.824334061275769E-4
0.003803112582266549
0.001693370780765204
9.345491246076539E-4
9.275526183260326E-4
-0.0030400685245121125
2.3081837464111244E-4
-0.0019677251309661004
-0.002059592706420076
-0.0020849570179631164
-7.972761586173952E-4
-0.0013564419247477481
-1.4938473496367436E-4
1.35853666821413E-4
9.831953906137547E-4
-0.002776394614217301
2.7968289848878756E-4
-0.0031355830175882255
-8.346221331324453E-4
-0.003393159765659115
-0.0029654533577376254
0.005422396500649066
4.3187913498611563E-4
4.907155161171667E-4
0.00127063520977907
-0.0017231646021456694
0.0034899649097546977
0.0036322560658003404
-0.0022159156665693455
0.002736169558841868
-0.0012098265509408505
-0.006141813996410176
0.004494144022654782
-0.003238183816239272
0.002538471223886625
0.0024438559061142314
-1.9061373392728685E-4
-2.6621222686102036E-4
-0.003508207613500633
0.0015532477162285901
0.00272161428098182
5.630062464654874E-4
-0.0012930189063567773
0.0030399644769712334
8.638897398623459E-4
-2.3494419413155648E-4
2.2547972217065466E-6
-4.518463908647532E-4
0.001182168903551199
-0.002519162034496914
-0.0017218996134996732
0.0011337078883975915
4.433843141487194E-4
-7.650402944600982E-4
8.080671121702252E-4
2.531443023149512E-4
0.0011350738836269558
-0.0023723643261938238
-8.059036273262416E-4
-0.002263942072188268
-0.0020008301185607605
-3.563498612747717E-4
0.004116680263793363
4.773368770380177E-4
0.0011970772973656715
9.534803242558522E-4
-0.0026462160131656377
-0.0015224314700095377
-0.0015519651555526964
-0.0014293773638728588
0.002519071611198156
-7.13131140474933E-4
-0.0016757448014156637
0.002915417666696622
8.628806398867897E-4
-0.003723838050974734
-9.898271649287091E-4
0.0021238238632753153
0.0014546415697461665
4.310830923306957E-4
-8.754154883170893E-4
-8.333013728628847E-4
3.1193255041799185E-4
-0.003203254871572659
0.0013340037984745602
0.005338606752793808
-0.0018702822527760857
0.0012686266462025384
-6.362126611394064E-4
8.011438059798938E-5
-0.0024935145180322183
0.001860350238723448
0.0010897786279635614
-0.0028753460428457707
-0.0017664715158132163
-0.0010243753276280943
0.0021376918708590326
0.0024713582002089084
7.899476419649798E-4
0.0012255262141606296
-0.002468666056064597
-0.003951381577115166
0.0016074333278603458
0.003764149587597049
2.709982920707076E-4
-0.0010778730357270069
0.001357241659538688
7.609251123221463E-4
-0.005729540804179169
0.001115263222714836
0.0027658870616738664
-0.0065816665782581895
0.0030170123399402113
7.070232443632664E-4
0.0018206420782911508
-6.9946465467703E-5
0.002098367783788137
-6.496550726469968E-4
-0.0027215824806502247
-0.003869448415568251
0.0017176347006051594
0.0019668958957620194
0.003992022934149094
-0.004480532104188123
0.007110297870722747
-0.003594217278472143
3.966497628133843E-4
0.005496936382210579
0.002320034736685148
-3.702216543403664E-5
-0.0041384263700028805
1.9264123044249485E-4
0.00414291810671611
-0.004054747594985669
-2.0843662506797264E-4
-0.004528941559352651
0.0023699905086621374
-0.001978216611543634
8.709322279518055E-4
1.8351472360889922E-4
-0.0013724155743585912
0.0014046361819478092
-0.0025821875702220828
4.8356028636711195E-4
-0.0019722379480294093
-0.002583737587092184
0.0018291721497604649
-8.278516711169798E-4
-0.003851957447367
0.0037354407690347374
1.37175866794926E-4
0.003888849898129754
-0.0020985387337660896
4.536296657545202E-4
8.203489683344554E-4
0.006573086487621039
-0.0011861702829230707
-8.141268090583629E-4
0.0
0.0016808521319974156
0.002690098617206433
-0.0029482674318229377
-0.0023285686042383196
-1.1312861522933286E-4
-0.0033932642537169667
9.309133919079657E-4
0.0021207741624121143
0.0012912312921233228
-0.00675184849639976
0.003889581243208237
4.917401151352178E-4
-0.002010496564933437
0.002167335283902153
0.0023821291949525526
4.980263054426945E-4
0.0018999149192189414
9.64920955120832E-4
-5.428192334288083E-4
-0.0034998454316490547
0.0027577325270156717
-0.001658662801551356
1.723832932477486E-5
-0.0030047527376569514
0.0014622803196064058
-3.549784655399697E-4
-1.695168164939369E-5
-5.10000918151876E-4
8.822129980737654E-4
0.0066324990460858305
-0.004925456327202883
-0.0015095734946397935
0.0023305378920974147
3.5665115906510824E-4
-0.001021447579318999
0.004389166273958859
-0.001380919324100294
-0.0019478598359979316
-0.0024455619213562944
9.123371414686277E-4
0.004269195433809881
6.01463790846456E-4
-0.0023652745937760163
-0.005322565377069905
-0.0026934134968042314
-0.0050626829156350155
0.004759507820703708
0.0021783030703640197
-5.211111187173021E-4
-0.0017268362685540382
0.001822755795985386
-5.787442192937654E-4
-0.0019204253887585838
7.462068127385641E-5
0.0037064703104379535
-0.0018987141096431875
-0.003499278689864679
7.172770935033124E-4
-0.002148701498257979
0.004258634018108189
0.0017051575869506425
-0.003975980106761391
-1.0178278577996185E-4
-8.457034790771146E-4
-0.0013071164432521803
7.190426591234837E-5
-0.002336414243591733
-0.0011911355999669887
-0.00130800184411176
0.0012501887962634553
-0.0020033196547860803
0.006393022895815528
0.001490038448863236
6.135345341239601E-4
0.002753119465951091
0.0013183517966322844
-0.0029758077191073106
3.1247413467135683E-4
0.001975517868191759
-0.0014287237604690643
0.0016011001543787214
-5.956622592704938E-4
-7.889878908654462E-4
-4.5527869665120367E-4
0.0011031400120670113
-0.0028486200617074495
0.0012417852199045308
0.002618092732409314
4.1537863760953667E-4
-9.050466940011132E-4
0.001812128610318717
-0.0010014081518373347
2.8573853958412153E-4
0.003578400805500791
-0.005891324426606364
0.004429410330868324
-0.00525630210472483
0.006101404729564596
-0.001112047059657798
-6.641545363771399E-5
0.0033559393766606294
-0.0043755357934025544
4.053041258034384E-4
-0.00146363296941568
2.6952391728776856E-4
-7.572602857174953E-4
-8.865711373661003E-4
4.937485288448801E-4
-9.825145970003065E-4
4.1654199423540915E-4
-0.0017560945383926425
4.7045311120257364E-4
0.0012634159074335597
-0.0038545130798254426
-0.0027445841216225415
0.0030539681340024435
0.0018263753417974797
1.5460349438491182E-4
-2.0546894278610384E-4
-0.0025006828297759313
0.0024640223313425183
-0.005085630566049464
0.0010780299852098441
0.003945471439481118
-0.002252586379648678
0.003423431952892373
0.00457134084676665
-0.0020199509075955004
0.0055916259620707905
2.772275872058263E-4
1.926720921880326E-4
-0.004484228688530887
-0.005120620258839028
0.0021357369698561694
9.979184530898818E-4
2.0915652816067985E-4
2.48074961770651E-5
2.3422879543478852E-4
-0.001315325233122245
8.007084610290839E-4
-0.003951354871594296
-0.0010227568293171797
5.222424726800531E-4
-0.0014733009279407523
0.001398121709491037
0.0015250346239566136
0.0032952517188309795
0.0015124408350212994
-2.6949865448237516E-4
6.021534364730032E-4
-6.801913965258409E-4
-7.530236355053855E-4
-4.8652609209185816E-4
0.0017820414275715336
4.0608927758888763E-4
-2.504158390622293E-4
0.0010098481291542815
0.0016172632722797084
-0.0018270581410668638
0.0023997866587911173
-0.005077967030275339
0.0030850810505201162
0.0022735315053917394
0.0016478114520379638
-7.993806434100011E-4
-0.0015877424580555436
-5.377572701896259E-4
-0.0015280666083025835
1.6680313888973116E-4
-0.001754837918486188
0.0012821174714941343
-0.0016460373967150366
0.004321918714672031
-1.8201126551250493E-4
-0.004097807412226134
0.001122734434752701
7.36133462976462E-4
-2.2525708777362406E-4
2.402937218263356E-4
-0.005684985487898093
0.002848331663601155
-0.0049696870787724065
1.1564816972187662E-4
0.004445246101461126
-6.105388404852455E-4
-6.227147592772251E-4
1.6111247128276556E-4
-6.492541014190391E-5
0.0019115472230577064
-7.572805791297155E-4
0.0023543621039470814
-3.348963654581853E-4
4.181518780220807E-4
-0.0036936740002509834
-0.0016426438281618278
-0.001595542799942554
-0.0036521418736944616
0.003985859793289771
-0.002227299358911885
0.0025818436643567913
0.005826446159228248
9.063773527827454E-5
-0.0034188247291685086
0.0017402611121797333
0.0055847222881982
0.0013435368387939033
-8.067654385737768E-4
-0.002829534493128601
-0.002615441632448717
-0.0024531002890216527
7.445415437959521E-5
0.004649302365411083
0.0021095047419863395
-0.005913473641607501
-9.939469670052874E-4
0.0017496548899605846
-4.1676670210916405E-4
-3.6740650021488625E-5
0.003913462323652561
-0.0017456311713770277
-0.004484100595632662
0.005110613967854494
-0.003294612654674528
1.425393026669351E-4
0.001698971829283394
0.0021459085462356923
0.002357968494482405
-0.005511664283549367
0.0035247893357960155
-3.7270519869743804E-4
-0.0018579792068411948
0.002872328187629845
-0.0029209955763086002
6.495733674976309E-4
-0.0017867013619377273
-6.215243003269088E-5
0.0035972067013351205
-0.004720324097471183
8.13249089565292E-4
-0.0015628212014149163
-2.0097267516199033E-5
-0.0015271890605126838
8.681361041385381E-4
-0.0012902660831748294
-0.003711011049928386
-3.213615883195147E-4
0.0029900262052703795
-0.0022872534229279543
0.001678864490255462
-1.0092260860299768E-4
-0.0038756675067139084
0.007043725147071393
1.633819222550269E-4
0.003045359069367902
1.4756741866982746E-4
0.001539875955248118
1.42129037457735E-4
-0.001294054799621244
1.9389448034638117E-6
6.451133024464401E-4
-0.0013446662027421733
5.04181029579576E-4
4.952691241647423E-5
-7.785472480565971E-4
0.0031043569666857423
-0.0020015808116300897
-0.0018895029576756098
5.656092688805232E-4
6.134883433362749E-4
9.310275190730494E-5
0.002447888898393691
0.0017067303225184174
-0.0017939822353393153
0.0022539674303465587
0.0013204451285727353
0.002998755454965139
0.005641584435654415
-0.0057457723760828494
-0.0035386253526406425
5.022517080558921E-4
0.0013299570295025166
-0.003159485156951148
-0.002109972339031378
0.0012295600298515442
0.0037630666427195397
-0.0041804774968175465
-0.0041851070696306385
0.003808079890504858
-0.0025741579551533393
0.0019507339056630101
0.0017861543112247917
-0.004291165864654356
-4.5499908420050745E-4
0.0015165620223925409
0.0022204730522133423
2.0461707398624154E-5
-0.003311384482648172
0.002264255136142203
-6.120054292006181E-4
1.5162007683991268E-4
0.009403098625487185
-0.0018097066522563484
-0.004812098559810336
-0.0022026765883087045
-0.001996498918658187
-1.4440219116420552E-4
4.7376351082735165E-4
-0.004436221800049842
-5.301919565011226E-4
0.0026586058887005035
-0.002988136802553296
0.0010473498141942855
0.0026588132530740386
-0.004344014716962578
9.819281651014377E-4
0.0022594557053929806
-5.590100311932888E-4
-0.0020049282624428504
3.306313416357971E-4
0.0036787661305237814
-5.534174073984412E-6
-8.773086730281931E-4
-0.0018643957516477458
0.0012575678959929764
-0.0036829416647505956
8.426455731088424E-4
3.1982739511478395E-4
-0.0011179408061477126
3.131271635500835E-4
0.002022368611896669
0.0027580228228321108
7.08032216263334E-4
0.016079001647587767
-0.006714135968676359
-0.009401395840835061
0.013257173742273367
-0.0033528281742620683
0.001774862400950622
-0.0019317880514762972
-0.004392255834821695
-0.0014379384268021229
-6.537207928065858E-4
0.0024357199779742778
-0.006562746147777053
4.801350781501398E-4
-0.0015525697067291368
-0.0032767904837550424
0.011340124867572392
-0.0016121433844978469
0.0013721990636113009
-0.0016717629559208514
-0.004458466006417428
-0.0028727067415744868
4.0509419655626513E-4
0.0066016224938477055
-9.510194770123095E-4
-5.123289171349481E-4
0.006096451112860248
0.0015519023186957464
-0.005420057315443913
-0.004266240164384521
-0.002465050877050764
0.0015987010996626506
6.615256280265523E-4
0.007888140716686937
-0.006168978119078877
0.0011401122812697189
-0.0018858231486755849
-3.763396320443154E-4
-8.990550196936912E-4
0.005193801174386796
-0.0046463654145297495
0.001206470973913585
-0.004830797016379122
0.0014043790508350496
-0.0017665147162353287
0.0018220924323875363
-0.00240876085567726
-0.005922558038635278
0.006961348885426096
0.004053329191939417
-0.002042066472612006
-0.0025407810147286413
0.0015200312588796961
-0.0026278083625394227
0.0033274248450850625
-0.002206949751558081
-0.0017095428568624123
-0.005387002648674058
0.004658754648320116
0.0034683017629946063
-0.0017220805429391112
-0.002790178571428572
4.966322984833735E-4
-0.0015756114342475964
0.008217825735540564
0.015890577772490706
0.0010146105038009079
0.004255743290087236
0.005247396605337429
-0.002966728053235902
-0.004580854687431645
-0.005088623675703577
-9.167750803848193E-4
0.001087984503132253
-0.005445318821731555
-0.0014189060617586218
-0.006697587149856911
5.67165299711053E-4
0.005056105505244109
-0.008183067351757566
0.010992712392862453
-0.002375970523026215
0.0010777674019531967
-0.004723837466561476
-0.0032076423227858034
-0.004102528740446674
0.003683534062571118
0.0048909360718455515
1.3638502892826575E-4
0.001817337443007558
0.004188753109221064
0.004890999112956818
-0.003240403799985315
-0.002989738682052612
-0.001376079999203676
-0.002534391069819475
-0.004798973832150406
-9.550612972410496E-4
-0.005178506066718622
0.004069989568685796
-0.004067221223423671
0.0012738043367906786
0.001427287547687642
0.002211232726962776
3.5836334055356245E-4
0.0031229783590661724
-0.0016696932386438268
0.006959676144909655
4.4734184516767757E-4
-0.0026886516105872013
-0.009343247774439295
-0.0019812687092804
-0.0014582306280885114
0.002740105767463143
-0.0034465802288535696
-0.005881458745276276
0.0018337419813912856
-0.0057787835444624135
-0.0014139063812458788
-0.004477453102834795
0.005740393887569296
6.828264420565694E-6
-0.004748054375387971
-0.004650515065012781
2.1548231900492178E-4
0.0024016571073330172
0.010261775458011274
-0.0032032683497925634
0.017720660901013874
0.008982228544814822
-0.0013993281626920265
0.0074720464604429914
2.4470487712079277E-4
-0.005043274832136725
0.002001988407747961
8.350830147172207E-4
-0.00432650498014654
0.004208821932520226
7.476573427989026E-4
-0.006736983525360853
-4.990591030229932E-4
1.1185988144502826E-4
-0.0024292226852049336
0.0014023595519268113
7.212782923523321E-4
-0.004212434551979299
-0.005950881580883921
-6.164341501289922E-4
-7.944857183620988E-4
-0.004608803370687677
0.0027940614292170244
-0.0020755981994226872
0.0030064006824745814
0.00277261746383668
-2.95496965899328E-4
-0.0010599007876703327
-0.0038811276899970632
-0.0021002610015181614
0.0030285343306859017
0.002583598828190115
0.0018064950193084537
0.002683428568496465
4.075923920691107E-4
0.002701410885126406
2.42696723934565E-4
-0.0015103620186963007
0.0016422190551005737
3.3240370825495923E-4
-0.00813857407120152
4.227914007174432E-4
0.0024241657531011342
1.8405055261364045E-5
0.0029158919220151317
-0.0025976393931009525
-0.007626171754658961
-0.0021494542327582834
0.0030980985948485676
0.003619188827260987
-0.008831940781031116
5.617955287949962E-4
0.001941388539379392
0.0015086888753358123
-0.004754325794455472
0.006349239092449204
0.0014949510162828698
-0.0028850980768209376
-0.001360713474844882
-0.005262994615808906
-0.006393189313175281
0.007930328817192633
0.002004184437120935
0.002465527300645623
0.010056128278678215
0.005472621466723464
-0.0016559243650481077
0.010208774807658198
-0.0029530605207405817
-0.007665768405069332
0.0035081409526184037
-0.00603657353722988
-0.005580357142857144
3.014083835752913E-4
0.0
0.0013050502863564844
0.008512360054303614
0.0017944584543512282
-3.446271711893649E-4
-0.003055365701029964
0.0032398388399407507
-0.001647848731468878
0.001514263618056904
-0.006828156409188964
-0.002692009823583954
-0.002374788672848631
0.005509101365598637
0.0024745646331322158
-0.003924934228272139
0.010143715042064214
0.0
0.0030751524626188294
-0.007777739888684347
-0.0019252018918966135
-0.004434878310290523
0.0015003370050639716
-0.003103984155467451
0.003437092635708622
6.788412736848993E-4
-5.452708723491386E-4
9.484696832090302E-4
-0.0012287667336128075
0.002546455070578266
-0.00413543869361857
0.0043333630118089364
-7.161630091025843E-4
0.0
-0.01311437936337264
7.890684988964992E-4
0.0011613399344344425
-0.007494210862301021
-0.005834371805650888
0.004309758549337259
-3.362537716335122E-4
0.007346752971758307
0.0019141462467508943
-0.005580357142857144
-0.002292917515635743
-0.008765737374635003
0.0060359792182136905
0.0
-6.5007417549228E-4
0.0
0.01015345665124051
-0.005201351027743963
-0.002631246007711245
0.0029865791075178684
0.01831242484312759
-0.0029857577577466357
0.0
0.0
0.006925611599329695
0.0
0.0
0.0
0.007883933498452008
0.0
0.0
0.0
0.004749493772870989
0.0
0.0
0.0
-0.010276957803972649
0.0
0.0
0.0
-0.013562241327166519
0.0
0.0
0.0
0.002797960014160308
0.0
0.0
0.0
-0.001661468379502539
0.0
0.0
0.0
-0.005171928359320347
0.0
0.0
0.0
0.009078886241044646
0.0
0.0
0.0
0.0
0.0
0.0
0.0
0.001419280036843194
0.0
0.0
0.0
-0.003677662363228196
0.0
0.0
0.0
-0.0016006495108221894
0.0
0.0
0.0
-0.009287137236263043
0.0
0.0
0.0
0.010923024341510724
0.0
0.0
0.0
0.001459855476063923
0.0
0.0
0.0
0.0
0.0
0.0
0.0
0.0
0.0
0.0
8.416070023856369E-4
0.0
0.0
0.0
0.0
0.0
0.0
0.0
0.0
0.0
0.0
0.0
0.0
0.0
0.0
0.0
0.0013947562763492651
0.0
0.0
0.0
0.0
0.0
0.0
0.0
0.0
0.0
0.0
0.0
0.0
0.0
0.0
0.0
0.015430329771722316
0.0
0.0
0.0
0.0
0.0
0.0
0.0
0.0
0.0
0.0
0.0
0.0
0.0
0.0
0.0
-0.01766669305045726
0.0
0.0
0.0
0.0
0.0
0.0
0.0
0.0
0.0
0.0
0.0
0.0
0.0
0.0
0.0
0.0
0.0
0.0
0.0
0.0
0.0
0.0
0.0
0.0
0.0
0.0
0.0
0.0
0.0
0.0
0.0
0.0
0.0
0.0
0.0
0.0
0.0
0.0
0.0
0.0
0.0
0.0
-0.01871092261498498
0.015157138558099484
0.004006148183618939
-4.523641267334447E-4
0.0
0.0
0.0
0.0
0.0
0.0
0.0
0.0
0.0
0.0
0.0
0.0
0.0
0.0
0.0
0.0
0.0
0.0
0.0
0.0
0.0
0.0
0.0
0.0
0.0
0.0
0.0
0.0
0.0
0.0
0.0
0.0
0.0
0.0
0.0
0.0
0.0
0.0
0.0
0.0
-5.428400023893519E-4
-0.002697851210891266
-0.008454742431837761
-0.007015488969866599
0.012818458437779937
-0.0015953934646925484
-0.0029151716571177108
0.006849245242129795
-0.014297882947018711
0.01279482888965915
3.824043434988E-5
0.005470961806628611
-0.0013330594359204921
0.0037447345864975176
-0.0045782537638864584
0.0017142144865759865
0.0
0.0
0.0
0.0
0.0
0.0
0.0
0.0
0.0
0.0
0.0
0.0
0.0
0.0
0.0
0.0
0.0
0.0
0.0
0.0
0.0
0.0
0.0
0.0
0.0
0.0
0.0
0.0
0.0
0.0
0.0
0.0
0.002034432204597531
-3.442584186685851E-4
-0.005023192359746869
0.002790178571428572
0.0
-0.005678570833420753
-0.00692112791991335
0.009901847542442837
-0.007855881519816012
0.0031135014363398465
0.001867994794495547
-0.005580357142857144
-0.002790178571428572
0.0
-0.004225310398438027
0.0
0.014858364728452403
-0.003472047311226755
0.0012139247546270856
2.1821626592720053E-4
0.00877552348142235
-0.009214328474193591
8.55044114710086E-4
-0.002011632586631395
0.004379599284829174
8.206532881785827E-4
6.67124526257023E-4
-0.008782548756382487
0.005653221965014487
-0.0018273131728217514
-0.007554495170269623
0.01057783162020668
-5.521731256553238E-4
-0.0055579240058307045
-0.001234057202195626
-0.006953728613337057
0.0029327718714990472
0.002610652543687476
0.00901817547134226
-0.0017667709968696267
-0.007267840185796175
1.5162392824994255E-4
0.001470321790987628
0.0056841349009084914
0.0014513515374106516
-5.124704004497369E-4
7.317664115024683E-4
0.0038003142581652318
-0.0018408976569157611
-0.0013368726772828563
-0.0015978108325018637
0.003442521730779989
0.0021908044004203178
1.996750361903856E-4
7.196118438539056E-4
6.346433060329089E-4
-0.004655279338218695
0.002479212312337444
0.001092278476315265
-0.0034944652143204763
-0.0015463913331025068
0.004799719466123719
-0.003070485424125983
0.0015313717776807567
0.011356921848895089
2.1774773549759036E-5
0.004744937041658593
-0.0016239075136245931
-0.004415857084858123
-0.0010474876339605838
-0.0036370223184136402
-0.001610735375776553
-0.0036290159593774466
-9.615305113996569E-4
4.2615571802311677E-4
-0.0024767448870632912
-0.0038073100563444854
0.001943314977381881
-0.0037028829335933842
0.005064065967354694
0.004911661707580132
0.002096747574669892
0.009760914747331113
-0.002870224276239423
-0.011110952724553383
0.0031309236756861206
-7.205364445091718E-4
-0.0033820062343600486
0.007976091673161363
-0.003954063655197012
-0.001306158513871978
9.558340059005251E-4
-0.003664522250995329
0.0030384151945720174
0.0013258335436284554
0.006058360777769581
-0.003189583478236639
-0.003726927953190811
-0.003107675375846329
-0.005375214951727931
0.001969921993677842
-3.3854917441497774E-4
0.0024049743298218537
0.002528643816021096
-0.0018558404541308888
0.0027544801473048264
0.005221658412259812
-0.0010225785173782849
-1.3408508233960973E-4
-0.0027758064128583343
-0.010407122082623671
0.0011437773651699955
0.012168246735802038
-0.004258050588488021
-0.004012303732828549
-0.001129888816591414
-0.0016120660374319656
0.0024364060229838704
1.9564535697341712E-4
0.0014399505503269096
-0.0023295129435046153
-0.0026455819921159477
-0.008603506148439622
-5.399234972709844E-4
0.005904233476456499
8.866427135647225E-4
0.0024786523938650205
0.006639989072166427
0.018934716670467738
3.6422607789731104E-4
0.0015227749156588827
0.0044255291500166945
-7.069019706686139E-4
5.070979739563572E-4
-0.0037306161823532774
-0.0019360360143936446
-2.2246514924364092E-4
-3.480395765889392E-4
0.0010274469769087722
0.00692893042923864
0.003579186891590206
-0.006623770565867807
-0.006003758932414698
-0.0019508929514910638
-0.0015274384430477212
-0.0070659000554513084
-0.005820110420829749
-7.555049338368492E-4
-0.0040270316042653135
0.0032389880270420526
0.00426260318226242
7.067332852552781E-4
-0.005795791968529531
0.0050621506248251695
0.003514796694975616
-0.0045380944273988
-0.0034270284859943033
-0.0030163118844596668
0.0025763216467554087
0.0028428714799099645
0.007706498232498546
-0.007912861752771679
-0.0018040678174443586
0.0021721536538659046
-0.002338231992683808
-0.0037078939802428906
0.0069920497270694664
-0.005752619765550552
-8.066179154450949E-4
0.00248902047643087
-0.0016990950574794763
-0.0042451580355349645
-0.002338535435475979
5.287731402863429E-4
-0.0033897855904071045
0.002116134989784707
0.0012886538999384938
0.0015116165757009426
-0.007516359739129007
0.003014405350266646
-5.092825094958251E-4
0.004190712811067502
0.005290202725228694
-0.005879066554140084
-0.003878567581528197
-2.5402311259376366E-4
-0.0033859000755458416
-0.002787028309055777
0.001214070434021674
0.004275401925863459
-0.0015245343271913436
0.014941255149766908
0.006217995763972008
0.006221527992898605
-5.565655427084738E-4
0.014519472145694913
-0.002397577687998744
-0.0011485070230513265
-0.006071273788407281
-0.0034855606551673795
-2.2354745579035136E-4
-0.005833373446073991
-0.005417799310888923
-0.002143042848990968
3.458880771039562E-4
-0.001979435778573133
-0.0027261527882906054
0.013216283710072184
-4.4706445015297203E-4
3.579264308661745E-4
-0.001359848647980521
-0.006132461409846249
-0.002387639738362382
0.0011735188543049355
0.00489809015839473
5.449355574857393E-4
-0.0012968458775396308
0.0068459143242989694
0.006446437868110267
8.187331373376996E-4
0.0021898667131722317
-0.002218457804859353
-0.0016733530585450566
-0.011159044898596829
5.319543176690936E-4
-0.0051780107759417885
5.70357912819891E-4
-0.006627744069293657
0.004891350669946766
-1.974625982827754E-4
0.005822317250170456
-0.0035670969097611103
0.002641786815004111
-0.0017699030432792588
0.0026090475309070373
-0.0040236827637728165
0.0015828296489684883
-0.0010004545054521988
3.0133182480533444E-4
-0.005525057311072525
9.223783887804462E-4
-0.0011955517093924055
-0.005038409769349833
0.00433927649410339
-0.0030794655766180814
-0.0014973364366483062
0.0013414320287458417
-0.0016005373996571279
-0.005982175048063161
-0.0031397613078853566
0.0027698756199222236
-0.001989696467231441
-0.0017243692655161177
0.008702941020933065
-0.007437471620076394
0.018408268532629963
0.005072583641648543
-2.9682859234730387E-4
-8.482368266462707E-4
0.0032977457976136075
-0.003028739200900648
1.9530461623350464E-5
-0.003824814899610116
0.007039915577318
-0.004882159720671509
-0.002256223974502609
-8.522857868919714E-4
0.001606203434847155
-0.002790178571428572
-0.0016513715414842062
0.004585027121382465
0.0059550661521887115
-2.107126651505046E-4
8.809033521976778E-5
-0.003955138633917061
0.0011044286308153537
-0.0014244162923590722
0.001059039939404761
0.0012174723944051386
-0.002521883245128304
-0.0023493486954519333
9.480165032924059E-4
0.00604189328877832
0.0013500045522849527
-0.0014815420121593722
-0.003078062213003708
-1.8209182070841497E-4
-0.00336656336122838
-0.0020425986914861132
2.065412545507895E-4
0.0035268046039390174
-0.006551528733392728
0.0017771717776785048
-0.0024867026040115915
5.48904941905418E-4
-0.0037364975885119697
0.002672961443731954
0.002553047251752186
0.0010185688152510755
1.6298419731539332E-4
7.398479500981553E-4
-0.0017493254786499473
-0.003079885816927481
-0.0032483255971782524
0.0018747873772891736
5.546218183283336E-4
-0.0023917960525448962
0.002356602030655948
0.00487043913969785
-0.003306675436630967
0.0027698544075963117
-8.290251786148162E-4
1.9728305863245862E-4
4.629935291116543E-5
-0.007036643894350544
-0.004742584159299803
0.002862090239038485
0.00734435867576177
-1.8275925639175006E-4
0.00491676037462428
6.639875386555403E-4
0.003906014252377234
-2.612037119707146E-4
3.852615832390378E-4
0.005097675440274768
7.15537976756725E-4
-0.0017352459058605828
-0.003525542695419324
0.001063448866514965
-0.003485661582341904
-0.0024939600000571495
0.0012478058067148781
0.001074267210267068
0.001322737078169692
-0.002878416840238182
6.886602774936028E-4
-0.0043008552508168015
-0.0013955568283567346
0.001713646341601485
0.006177221161688687
-0.010050719752249396
5.426688915940725E-4
0.002368644970660805
0.0024245982503800765
-4.419901008161811E-4
0.0013754501875125286
-8.05678848990977E-4
5.836356065913829E-4
9.10232914039623E-4
0.001705780201063992
-7.090212201271346E-4
-0.00195448232991357
9.78939359359719E-4
-0.004068692800012557
0.0013962749939231169
-0.0026677854670293065
0.0017360066118569857
-0.0014987861875487489
0.0011639645041320139
-1.1004579498710351E-4
0.0014675064156705116
-0.003339363272669851
0.005574744328933015
-0.0045313550491467925
5.8030415420853246E-5
-0.004962881867998878
0.00414486742671558
-8.634079489898557E-4
0.0018034293315355048
-1.2483741488572407E-4
-0.0033889436907984494
0.0010405693796973656
0.002585738873150724
0.0017561504021756165
-0.0031177614537957698
-3.585283789066633E-4
-9.429437114714803E-4
0.0020440535801765493
-8.198463121204372E-4
8.590266707701861E-4
-7.40480023049456E-4
0.002979398094473525
-0.0017112021919046833
0.0037292216888869575
0.002982002687157264
-0.004526976932357213
-6.504720619626941E-4
0.0013409472858966055
-0.00234039797402299
-0.003077232957155066
3.622341160360073E-4
0.0033723240242642645
-0.0017432668087999856
-6.263341392462197E-4
2.285477713855717E-5
0.001806520103663084
-2.2547227375753E-4
-0.0012280700917329489
0.005289108934640093
0.0010997000884461704
2.5909731189834983E-4
0.0017767987160665767
2.627534649879658E-4
-0.002929948319919812
0.0014222303216569342
0.0019668420289022264
-5.272986042589344E-4
-0.0013462026633225628
-0.004510514203468975
0.00523413591389031
4.0485808519592423E-4
-0.0024488776804807936
0.004309289197613268
-0.0011245596067130698
-0.007843904932603306
0.0030896567227700804
-0.002283392079787392
0.0020225230290617227
-8.601762731700446E-4
0.0022670667937935277
-7.701326312689184E-4
-0.001365929932221336
8.871802337658923E-4
-0.0021566387575983146
-0.0020828867372125574
-0.0014550565095751895
0.0036098833829160985
0.0013833190316361013
-7.030134813666824E-4
-0.001227432902816863
0.003603420309321697
-0.0035138608902084965
0.0028656958321955335
-5.118303115877777E-4
-1.0786482710597454E-4
-9.439501768236927E-4
0.001198665242549783
0.004123364112444512
-0.0016663306668285847
-0.002610665182457379
3.7957307115825227E-4
-0.0011774457341310312
-0.00512348233748903
0.004767582174907389
0.002814069444941497
-6.435532997423814E-5
7.53148576927402E-4
-0.0019028710044175258
0.0019737876962144965
-8.497989527254687E-4
-3.432846528033263E-5
0.0027337434732550613
0.004452107573738468
-6.316026563198077E-4
-0.007600210267375469
0.0025402198511401183
-0.0022219253134391275
0.0014426129939208712
0.0012591662539775507
-0.001835613631710044
-6.83079284069096E-5
-8.225571821892019E-4
-0.0017544733395350924
0.002379454033077833
-3.7809635519140935E-4
2.0959995266620936E-4
-0.00102143284026467
7.002942017046759E-4
-4.449046321046574E-4
0.003635668063700413
-0.0010360539343358816
-5.076662452895361E-4
-0.0024245412218170384
0.0019953267369733295
0.0011334244062190222
-0.0016484248426609348
0.0016042079321013075
-0.0012564780711863833
-3.9151932660087656E-4
-0.002697393113428037
-3.1618803684254335E-4
-0.0030171206242705396
-0.002601420974428727
-0.0020223650427814537
4.8436794599265924E-4
0.0016286111925518775
0.0050020224160842956
-0.005139702023690961
0.0019637897673843107
-0.003391555408440808
0.001345674538036364
-0.001003794989218318
0.0018939592436144144
-0.0024832002360820984
0.0022107001673148437
0.003887084454878618
0.0013938512746866985
0.0018709926215135257
0.004015640924418886
-0.0010856119331885583
-0.005964707019714218
-0.0038616802279474315
8.044792508260109E-4
0.00537749006559853
0.0022705396502129375
4.498502388414461E-4
-0.0015120388487584813
5.934218479899942E-4
-0.002324238996741147
0.0035897410335371267
-0.0011364340111866564
-0.0013564431090190951
-0.0032698716603978286
-7.686118496681724E-4
0.003994570152946481
0.002717267935986761
-0.002871333116004043
8.226519211142797E-4
0.003210988291258229
-0.002948634099184739
0.0028077631022808396
0.0011344912914201368
-0.001677895404579171
-0.0019059003446766517
0.001824104576632333
-0.002787411855059453
0.002664022326397842
-0.001374654348980996
-0.0051325346813845445
0.0017948665467551676
-8.905812164150674E-4
0.0027551132189566913
0.0012026585936294842
0.003104984566975271
-3.983560179573293E-4
-0.003138290770662377
0.003398477253513272
-0.006161454710864545
0.0019842319685717136
-0.0020510170460214805
-0.0010107472232169274
0.0023969374414314617
-7.834290790183674E-4
0.0016675805085619774
0.0033677590684654045
-0.004694656724235089
-2.4059505752633322E-4
0.0011553555956371065
0.005957801485113535
-0.002507767751226138
-0.004104231843698377
0.001150432671105821
-0.0035452238532000385
2.450505349711351E-4
0.0018744183522217805
0.0036519813154815765
-0.004482279623479069
0.0019699836491281425
-0.004200410753446151
0.0028182951121977756
0.004831717438027496
-0.0025157747523450267
-0.0030290273788103114
0.001818704943695509
-0.003149514533951344
0.0035836242646821283
-2.1827746687896267E-5
-0.0013847764399634445
5.524644984292609E-4
-9.494737272165623E-4
-0.001570624758537257
8.95907477316774E-4
0.002564674492632708
6.326325539180899E-4
0.002795206285362879
-0.0037798110664043574
6.001231574025266E-4
0.004554295000544913
4.426328218713613E-5
-0.0054016112754240505
-0.003980126538835969
-0.0033387185893733245
-0.002037272569956461
0.003171940918672635
8.539227065597534E-4
-8.721603117575474E-4
0.0018658688339763501
-0.002013264728583802
-0.0013369851528170632
8.124536450533869E-4
-1.412901245278291E-4
0.009112263326567572
0.002476618652494208
-0.0012951100722455905
-0.004106399608742006
0.004064503457281021
3.264601441952375E-4
0.004817439565398784
-0.003312128141373108
0.0031717214333246285
0.0015506432455681491
7.789097400090613E-4
0.001269307166341129
-0.004912287469003714
-0.0014627193247387258
-0.0015475216423125647
-0.001133764043337834
-0.0021772636283156127
0.002057773813805541
-8.51416425868923E-4
0.003839515448236379
-0.0018323918351496632
-0.001141956557845409
-0.0027434911979900573
0.0014744619145203972
-0.0033204007703747642
-0.0016259526032465644
-0.00489273004438788
0.005059271098070679
0.0020695417072408373
0.003415069363923032
4.302819249934753E-4
-0.0033068403665034137
5.246047968712319E-5
-0.0038955955774361254
-0.003617890093749487
2.600921848910356E-4
0.00614914570886362
0.001109282782949054
0.00243151354946128
0.001638560062147475
-0.0029672146051395627
0.0016653171746149242
0.0010346281833993067
-0.0019794601084585726
-2.450964702594557E-4
0.002284899008580222
0.002194249575606157
-0.0030224163174199666
-0.002125322061392013
-3.965247759273674E-4
-0.005429459677469352
0.0018824554529742936
0.005182449046688574
0.0031941624614658225
0.003195376089179882
-0.006811031364963324
-7.886287770014666E-4
0.0015056717726149456
5.631405300587956E-4
2.861448247110012E-4
-0.0023174858208121975
3.0255005589689427E-4
-0.0019446985325131455
6.873145881867286E-4
0.00393447994400045
-0.004191514849267268
0.0026767460124797965
-0.00373322255325776
0.0015616512205081446
-1.1400767028103853E-4
-8.726919155592893E-4
0.0014697183750055944
6.837245383314171E-4
4.5330038922914264E-5
0.001182662447977509
-8.929246744461627E-4
-0.0025714465471159582
0.0024825990011958336
3.1290272367531617E-4
-8.381196596130131E-4
-0.0019013350887752
5.306130673064357E-4
-0.002513615553329112
0.0020741568488365607
0.002352776160682386
0.001206908084155047
-0.0016610053698053742
-0.001903193505586678
-0.0015940616415000561
-0.0029289415873155417
0.0034347952889145043
0.001982148552412904
0.003726984735917723
3.1332288932740164E-4
0.0013848494353998553
-0.005252205441530037
-0.0015470738438033566
0.0036330076002801083
0.0023466105331169944
-0.0015283911508319752
-0.001550963087617663
-0.0016746057913473518
0.0012972320718738647
0.005112198122529907
-0.0028453608997159657
-0.0017510489947237088
-0.004161029175554389
0.0033726512486380944
-0.005064883930149038
3.4638440926964675E-4
-0.002144819585981332
0.002643498276765641
0.004017075016493116
0.009371169975445159
-0.004144395605420486
-0.005145913764784414
-5.052795628483499E-4
0.0017340316768070143
-2.9082365045808925E-4
-0.003090306215489111
-0.001272620496061487
0.0021817118116262955
-0.00490471944719248
0.0012843092797279088
1.3369695355939723E-4
0.004436710317783441
0.0020311513274824896
-0.0016718122700994668
0.0027498639650949787
-0.002518507522907449
-1.355690567575547E-4
0.001643612825743875
0.0036229208379136065
0.0015210670354999557
0.003694323859826299
2.854947475191671E-4
-0.0035419747671563357
-0.006062655393146014
2.678640199643763E-4
0.0029682239711092727
6.94259029057862E-4
-0.002270521629568041
0.0010874590409162832
0.001188696255359911
-0.004549960446594224
-0.0033039482803688507
-0.003296506589834149
0.0013862964156607606
0.002085169684040844
-9.628394840492445E-4
-0.0016337647813254078
0.0032835124230272844
3.3266093374379E-4
0.0015320301705324777
0.0017105205069598923
-8.646755809139295E-4
0.002370144854737395
0.00133216700764463
-0.005118600720591771
0.0015705355309038956
-0.004010933380116225
-0.0012961187992007164
0.0029572036716210837
-0.0016065837001924647
0.0033903551834618736
-0.00211139085627687
7.623479194462188E-4
-0.003354066928177729
0.002311343905589072
-0.0012692902169351861
0.001122212916167595
0.0011415757275122797
-0.003754010662935368
7.036092179631441E-4
0.002816057877695437
-5.381762249667611E-4
0.0015216551572231891
6.444820908972763E-4
-0.0016633005131783205
-6.022663561467377E-4
0.003873680151395913
-0.0027465312893663308
-4.490483973285629E-5
0.0012939205847171962
-0.0031217520360091134
5.65162791590957E-4
-0.004676757478528848
0.004149681605208566
-0.003760675141842915
-3.574149120491563E-4
0.0031824558499426586
7.108674347985539E-4
0.005057257769875919
-0.0026020406750497816
0.004526560530827558
-0.0026935213888078795
9.498699050109604E-4
0.004098371911068691
0.0018088018670422276
-0.0019232806926461298
-0.0014518097379757685
-0.0030438127010919275
4.93342602792006E-5
5.64772293928883E-4
-4.456598262365442E-4
0.0011091327074027497
0.0011252429687348148
-0.0023762636684316186
-0.0020287024315909057
0.0021606970989315366
-9.267357369799811E-5
-0.0027174497735345045
-0.002968777379621462
0.0010188543610425756
5.825840428083115E-4
-0.0026223946590756345
-7.831657488758673E-4
3.8146740766095135E-4
-0.0013177673933541644
0.0019365895440797412
0.0035291438390490037
-0.002222548660927832
-3.984866147460869E-4
0.0027689781750227585
-7.038527249295522E-4
3.2769272051402353E-4
0.001084971671468018
0.0035451472449383476
-7.558467230972142E-4
0.0017374847449190653
-0.0020382752896355672
-9.221781597527621E-4
0.0020390362299717024
-0.0015918175423039246
8.57328528948929E-4
3.0857123487315825E-4
9.751610696794146E-4
0.0017751282950553711
-0.004337244210848536
-0.0011039737785443564
-6.232850100547597E-4
