-0.0013084719532055716
0.0020183252633096177
-0.003449581991120331
0.0027397286810162554
0.0017391170639894484
2.0525206121008556E-4
-0.00447051676641165
0.0025261476412121223
-3.6126028792926286E-4
-0.0017970206275473453
-0.0017356811649933447
0.003893962080469915
1.622579301287407E-4
-9.1204529023889E-4
-0.0017158971654679307
0.0024656845255780343
0.0022957627934136766
-0.0014405006145118146
-0.0029465795235288765
0.0020913173446269547
-3.8616521645864696E-4
-0.001075429215660118
-0.0028601226542255944
0.00432171708634436
0.0016119401067656502
-7.201006791963236E-4
-0.0029863615529958022
0.002094522125426504
0.0013694089212943753
-0.002530841333291384
-0.0029412292273466385
0.004102661639343637
0.00265031847175307
-0.0025349256993025576
-0.003838569220265267
0.0037231764478147357
0.006295648943281604
-0.0063846804952872125
-0.0029048270715803784
0.002993858623585992
0.00879144282021782
-0.008319279515786097
-0.007637941703307993
0.007165778398876288
0.005942195086006498
-0.008968865237192057
-0.005906036214080366
0.008932706365265858
0.005498592757716955
-0.009126354962420737
-0.014454226473768046
0.018081988678471796
0.008871912110136783
-0.01535178948560536
0.00653810544402486
-5.8228068556243296E-5
6.408105044782077E-4
0.0010697811715534326
0.015562538649441068
-0.017273130325472702
-0.019199194944120167
0.015200636201695913
0.004015645450464938
-1.7086708040700213E-5
-0.0020451505166380144
0.011406876137144573
-0.01617750308078626
0.006815777460279691
0.01623196246632417
-0.014865124921812706
-0.011376902009412266
0.010010064464900818
0.008815887826596529
-0.0031096779598085225
-0.008955908435076348
0.003249698568288318
0.005743315800231902
-0.005596486210230777
-0.009733000089260799
0.009586170499259646
8.022345397022672E-4
-0.0026911446439972972
-0.0040365360710794915
0.005925446175374539
0.001697263338225381
-0.001001568061892221
-0.00371198281710999
0.003016287540776798
0.0017170255467411455
-0.0036386746349503485
-7.034834665013959E-4
0.0026251325547106026
0.0020309813059986746
-0.00100494160140473
-0.0019169261894874893
8.908864848935289E-4
0.003000571480529953
-0.0030397025716293476
-0.0014051465011730652
0.0014442775922724515
0.0024554754532288493
-0.004177833649987185
-6.53730049266282E-4
0.0023760882460245967
0.0025756338805895673
-0.003046367538127081
-0.0027467874654965255
0.003217521123034048
0.00315069423568191
-0.0027012044638500352
-0.0014087332794335851
9.592435076016636E-4
0.003917884771407132
-0.0037447715023770007
-0.0025869372881991504
0.0024138240191689643
0.0011773555574973362
-9.824888241996917E-4
-9.761193209827882E-5
-9.725480119939715E-5
-0.002189232392718019
1.877037822172827E-4
0.002027393474755621
0.0024200258124968043
0.002434595208364333
8.800837532547378E-4
-0.0024938163636404444
8.2593961338731E-5
9.853289778514124E-4
-0.001599269533862871
-0.0016227112178487297
-0.002910543107844263
0.0
-0.0034852103795570194
0.005119943296435177
-0.001145357224448327
0.001428775964607626
0.004695380712203578
-0.0042157221468922985
-0.003946620665757874
0.001990361231306052
0.0030667008273413555
-0.0018220374021012424
0.005535631525012533
4.416870079434202E-4
-1.7544215842266089E-4
-6.962537985563588E-4
-6.860615431890666E-4
3.9824569200118463E-4
-3.598612083543446E-4
-0.005028256942598845
0.0013917981687665538
-0.0021182516608171643
1.8983358040455117E-5
-0.004849303722379528
0.0022123487894838735
-0.001527450693072295
-0.0027085455628172526
6.070508088448505E-4
-0.00485379792030193
-5.409392989651381E-4
-9.645484617376691E-4
0.007653852961435033
2.0408602037821466E-4
-3.742974007485836E-4
0.003280243063168709
0.002264553931092473
-0.0017535662027243532
0.0020378219440475446
-0.0030680838831844562
0.003953386738341654
0.003144510959544361
-0.003685354333895069
0.0017473723734898186
0.003378983078505489
-0.0024271184304195904
-0.004631560618026567
-2.806139644052092E-4
-0.002314873013805784
0.0026673449826445594
0.004989010084191997
-0.0030319133449217984
-0.0036978708465803924
0.003958686955489698
-0.00333136461746507
9.639390485209273E-5
0.002451455326806843
-5.737075907387892E-5
0.005835183218992379
-0.005876037988407242
5.725328303605075E-4
0.0013023059083312148
-0.002266425223011427
-4.773886859011818E-4
-5.885782832855025E-4
2.481465360235618E-4
-0.002790178571428572
0.0023064037818350926
-5.948570614224846E-4
0.0049088967467831295
0.0025242331310274244
3.921777791049124E-4
-0.002677493607081319
-0.001026765890347997
-0.0015868721086955153
0.0012775060990050978
0.004330942808664688
-0.0010359654077056126
-9.866390714096708E-5
0.0015687497246677329
-0.0017775445120770182
-2.236118384109538E-5
-0.0013405706250137143
-6.49583245688526E-4
-3.990152953151898E-4
7.264783016471699E-4
-0.0012241405999641338
-0.003002034501233081
-3.2952082313518634E-4
8.10211993135526E-4
-1.1951499632457843E-4
0.0018486586627377817
-0.003059512511910359
-0.0016895052729312531
0.0015209313545025607
-0.004504532599605773
0.005692717711006758
3.1089846532062035E-4
-8.380675385964835E-4
0.0012131667103237858
-5.92116016496053E-4
-5.081568032418067E-4
0.004218255067771379
9.894246093422377E-4
-7.333307375697582E-4
5.386094359007389E-4
-0.005546524444308722
0.004850715771217317
-0.0014334497685804673
-0.00146748342799258
0.0019087202251449034
-8.715736146926141E-4
-0.001575197563205218
-8.035796088986581E-4
0.003297257564639268
-7.409169779646913E-5
-0.0010029296622281578
2.3132549246893108E-4
0.004815149802356931
-0.0015370314892965069
-0.0014024227504730756
3.1128741878225295E-4
-3.2365013458237756E-4
7.334891167287282E-4
-3.1236650742196047E-4
-0.001621510682658229
0.0017431661417509727
-6.303755838787164E-4
-3.2319010428722653E-4
-0.0020784902945644532
0.002621024156391555
7.990654171391655E-4
-0.002136712650956389
-0.001018692142959944
-0.003384154687448562
-0.00418639118098553
0.0011449047973395242
0.0050079127407581326
6.779612645246239E-4
0.003109286867763709
-2.455850741415759E-4
-0.0014408205135938061
2.093259883009671E-4
0.001734281856844818
4.50136771495364E-4
-0.0019832312581067775
-0.002055546592294162
-0.0021316826357929315
0.0018731696610381008
-5.765886332492354E-4
-0.0022069698453898003
0.0018433016881336224
0.001894038199631686
-4.658075928804365E-4
-0.001188578373022091
0.0013640441281903173
-2.2827015108919674E-4
-0.004231940779610867
-0.0034126760634537413
-0.00132050652079669
0.00437528346451943
0.002109296472170021
0.0027515975420517287
5.454996679816854E-4
-7.738144300004149E-4
-0.002790178571428572
7.707042112589362E-4
0.0022400546962972603
-0.003036925046337239
-0.001645393031618458
-1.3566186715389754E-4
-0.0019662044939812995
0.0016060136687272852
0.0032917482410817966
-0.002080916081063936
-0.001098395434465819
-0.004860298678561062
0.0054506921586289295
0.0034949873311865523
-9.389367143935733E-4
-9.705406930121448E-4
0.0037730338138765897
1.9019690803623697E-5
-0.0042982303225983275
0.0018225645097222198
0.00245137560284999
-0.004262815160428549
0.0035430704809770765
-0.0025991305324306407
0.0016788089260309554
-0.001565544133594182
2.5527900145321815E-4
3.286615970149059E-4
-4.188012647130465E-4
-0.005374532547916082
8.482726260630472E-4
0.00452616091750538
0.003208098539389143
-0.003708135242933985
0.005150115894964525
-0.0011112885915713243
-0.0013006211706929572
0.006112512669373245
0.0020268233653857035
-5.337196934193434E-4
-0.004365000722638152
0.0010807285320964795
0.0017760757108258233
-0.0012271026770410082
-8.099096298067442E-4
-0.0029485452469315554
0.0035004172225910936
-0.0030642089112939957
-0.001490186799146647
-0.001845458819692231
6.5232420889873E-5
-0.0023831020333884606
6.222284177250864E-4
-6.203410660606586E-5
-0.0029126749271777812
-2.6982541996529725E-4
0.0019295387714527374
-0.001510885159810223
-0.002794714219033099
0.0022553709860624613
0.0016921598459473716
0.003851593249374928
-0.0018362020024316065
-8.930959930089381E-4
0.0023759718241933353
0.008543975811512266
-0.0023112521400385434
5.793387658619528E-4
0.0
-0.0027853782493547927
0.003666797754661331
-0.002451628269679174
-1.5584550069301596E-4
1.455367066489372E-4
-0.004595143033229424
0.0013566827385542368
0.0010850254750954008
0.003923796790999531
-0.0031592970489630195
8.041999528514317E-4
-0.0021811252286491048
5.000486509999853E-4
0.002006468903994095
2.2477200418586914E-4
2.7811188050972215E-4
4.2666824754341193E-4
0.002130821636967971
-4.5253662779326867E-4
-0.003499087403500599
0.0014677372542740898
-4.070643376028675E-4
-8.025534033379972E-4
-0.001350606862708836
3.871695187659343E-4
0.0017389159832488577
-0.0011687166443908395
8.156139922581664E-4
-0.0012177105462072746
0.005210142570513563
-0.004459874384767019
-5.302724865554344E-4
3.312109039127582E-4
2.0257247316104706E-4
0.0012136377400589174
0.004576595556713608
-0.0011923124054443067
-0.0029689729577278274
-0.002680125501617624
9.871069492953049E-4
0.0027161520960594875
6.654647658758903E-4
-0.0038795429258332162
-4.145724619496389E-4
-0.004209015477408009
-0.00367776321075002
0.00413465883644456
0.0019019557970544792
-8.365300503363274E-6
-0.0031143524510262146
-0.002677815125157753
4.4203033670385137E-4
-6.55982827859601E-4
-0.002446417111604455
0.004990948064920358
8.250645191342954E-4
0.0014176778207901026
0.0019335151704583417
-2.383907451804377E-4
-0.001564327819545023
0.001027150554345577
-0.0016726380392547296
-3.2046041876814717E-4
4.1826014920412155E-4
-8.423478040449844E-4
3.766270591236383E-4
3.4537787729793787E-4
-5.264663351170817E-4
-0.0022582121647594508
0.003440819665262358
-0.0021580740870614634
0.002348522552612435
0.003722071586301296
-0.0041382407998359835
0.004942333788004283
-0.0026134062386828673
-0.003324662947249213
1.311997535601351E-4
0.0010091091992211806
-0.0017151728238018241
0.004001767191643216
6.654448733358124E-5
5.476422265213343E-4
-0.002749743680995226
1.4000396730824921E-4
-0.001510481269148155
9.744074966098128E-4
-2.4834157674639024E-5
-3.7837659222306327E-4
-8.278947342652172E-5
0.002225161816140845
3.040595897216288E-4
-0.0014248572074430912
0.004943495586728504
-0.0039132713965119035
3.0179906413431044E-4
-0.0033754645385109267
0.004109503355174805
2.8946621811627325E-4
-0.0014278363165537086
0.0034348072813158055
-0.004670103644886136
-5.352169295740501E-4
1.9917715755021726E-4
1.2754176690706596E-4
0.0012240042869539592
-6.619545025959503E-4
3.034806035347032E-4
-0.001898009052897203
-0.004288977731288423
0.0012287898455994048
0.0023194267947969534
-0.0021447459381760793
-0.0016877724439018646
-0.002836480717137877
0.004287364357543031
8.588626131523305E-4
-2.96902334282291E-4
-1.605264477989388E-4
-0.0010512387581678257
0.0014388758412268634
-0.0034709994351363443
-3.2759584720357766E-4
0.0051698065994462555
0.003727699919986129
0.004450560645654271
8.623827598610741E-4
-7.975723035846533E-4
0.007404512684310033
-0.0026711073200769665
-0.001026419648074546
-0.0035073305964114145
-0.0040810549488530246
0.0032966984636793994
-4.991378467745903E-5
4.899537424508703E-4
-0.003137491119202723
-0.002073714260229353
-5.668095158422508E-4
0.0020013223673549622
-0.0015964918600647408
-0.005145390543652397
0.0034609215863797447
3.611315297340136E-4
0.0023639374512060478
0.0016978439076520864
0.003490967716721821
-0.002316470820925466
3.805921825317147E-4
0.0015362968128575182
-0.002626536400324334
-1.0334218689515072E-4
6.596974263848367E-4
-0.001272617241218353
-3.1347015913206917E-4
0.0010348707055103713
0.0021419366221960934
0.0025061872467943723
-0.0024251888269084688
0.003663134357184247
-0.0046880935579574805
0.0020104992366352086
-5.24047084484659E-4
0.003018809484336485
-2.9702050022629642E-5
-0.00396629539211146
4.5765807350635216E-4
5.125474480529241E-4
-8.774059544743868E-4
-1.767911704314805E-4
6.034279696754147E-4
-0.0029467770811868648
7.676187631782583E-4
0.0015421966868332838
-0.005042272228191523
0.0030850756911033434
9.830243211526985E-4
9.39865027052898E-4
-0.0013482967557729099
-0.003755381377069871
0.002819807012115429
-0.003133767922001382
-2.1580530604292528E-4
7.585165504882441E-4
0.0012168153034029273
-0.001027120877557082
5.8017038552876654E-5
-6.346534802401053E-4
-0.0031180320800549615
5.44434561511114E-5
0.0027358641671072713
-0.001621725646495277
-0.0012299711241949857
-7.641338224215069E-4
0.001533947724279955
-0.003943341659501721
-0.004093535153550525
0.0013113969177877879
-0.001286444608443947
0.004737384794705749
0.006950121169904765
0.0013524619783268164
-0.002397312127187844
0.0018733981390138131
0.003279488600169547
3.8337128791006425E-4
-1.9043128462643662E-4
-0.005277397158198527
-7.650586964352548E-4
2.870258908708014E-4
-0.001622151780347989
0.0010576214320388159
0.0013910721525177223
-0.003957263062024652
-0.0017974176658041437
0.003092933273698098
8.64287569129604E-4
0.0017530700132630333
0.002420975980694277
4.492823684394121E-4
-0.006562259771064017
0.005489184754124659
-0.0014740316956979298
-2.3996197156431025E-5
0.003525311932443327
0.001970316676192962
0.003122161473812381
-0.004733715733529982
0.003250586709080097
-3.13151840328037E-4
-4.936252758890693E-4
7.087620078812164E-4
-0.007677404918126688
8.575855213274366E-4
-7.63103869968961E-4
5.865388936076457E-4
0.006556602741048806
-0.0021106485230678335
-0.0018961479738297021
-0.0034726442530772805
5.503929770983955E-4
-0.0017113996092322382
-0.0013835827560015267
-0.0017077801953321666
-0.0032828093527071042
-3.665408078825814E-5
0.002016364011235063
-0.00236802881904455
0.007338853863588277
-3.4086578635058847E-4
-0.0031407416121236762
0.0020478601412377536
-0.0011412618371821038
0.001846626603756633
0.0017549466989148386
0.005488916479728781
-5.842686721948057E-4
-0.001118240891470293
-8.689157777949054E-4
0.0014473580305799062
-0.001873569789589264
-0.0031903456184553917
2.1217770932036788E-4
0.002802400420632665
0.0014256854355050672
-0.0061932918310155325
0.0011986967465270441
0.0028957479320806338
0.002366178128869314
4.816858753613727E-5
2.2878578395790078E-4
-5.105627673911219E-4
6.676630897149496E-4
3.5087147628589353E-4
0.0017086959406663273
0.002881303616056351
0.0032787994800168576
-0.0052213966571725235
-0.003285559961244182
0.0034224928831606168
0.0
-0.002537574890365916
-0.0038703077477803913
0.0031227615094428507
0.00496854618256045
-0.0038573963687338376
-0.0015864417956595964
0.003201669522744645
-0.003444136664172262
0.001287764887576739
0.0037628955864595784
-0.00217882174350282
9.586105216092837E-4
-1.6154882416306241E-4
-6.767441718743285E-4
-8.728063659039344E-4
-0.0024888426965843508
3.4535624307038067E-4
-0.0024629419203824393
6.699119076529854E-4
0.006592148858891336
-0.0024871524552518114
-0.0023673737231255927
-0.002252342961212479
-0.001518907599456881
8.239312334579962E-4
-0.0010336649232819016
-0.005768773312315546
-0.002579288943790661
0.001221521941296939
7.16132563773481E-4
5.791332175824568E-4
0.0011157546017282593
3.961811028335223E-4
0.0035999853886847467
-8.758542100790988E-4
-0.0012720052417740442
8.490721687487261E-5
-0.0013461387734520504
0.004484658748447482
-0.004147834842689791
0.002532055681423287
-0.0020241175417232806
-2.8360537978586826E-4
0.0012047235227324415
4.892303035359078E-4
-0.0014309356599510761
-5.471909211885897E-4
0.003090034422562886
-0.0016341989939906067
0.0024297892516248103
0.002093804655168353
0.01948600144842717
-0.005510397697355854
-0.01040999251921569
0.00908925669669143
-0.0016775691141288167
3.5735854144747226E-4
-0.0013949457499061527
-0.003496316696987139
-0.00430040923124203
-0.0016197606143991167
0.004273059479355445
-0.0034240581419936393
5.850649893654296E-5
-7.84030672197315E-4
-0.00796897952897112
0.013617926244820418
-0.003296487904297969
0.003090463546016632
-0.002619302659333851
-0.0056178889989887985
-0.004711508349737152
8.665229112001247E-4
0.009531899471512593
-6.922907542316542E-4
-0.0010109889793249102
0.0048724182802313675
0.0026534422827175015
-0.004101062521503237
-0.005005358147957117
1.8592518722236942E-4
-8.262457002450492E-4
2.9578184143191216E-4
0.008471945249550156
-0.007628142986839561
-4.475458697666022E-4
0.0024665881876239307
-0.0018121711904569764
-0.0029428747943097576
0.005005518176808406
-0.003922665428544404
3.0504935645789353E-5
-0.0049082013066549185
0.0033231388148062153
-0.00312254967309319
0.003446134390374377
-0.0028619558565204073
-0.006179581929628492
0.008177032209425068
0.0035242800344042306
-0.0028500396354320962
-1.8149237918477093E-4
0.001224198307919431
-9.748708340014676E-4
0.004307145581683436
-0.0015264502587625482
-0.005236061027372039
-0.004250925868249022
0.0072861509682005925
-0.0021880953291705425
-0.0011506047986343014
-0.002034887851936295
-8.29446689484965E-4
0.0030495374849042875
0.0048254209187020645
0.01737119991349071
0.003555530238769359
0.0012321488504708758
0.006026859825352639
-0.004726089894643912
-0.004022644072144293
-0.0031632561466395665
-9.861266601831021E-4
1.0593491077657947E-4
-0.005485531379677966
-4.650637711294211E-4
-0.007813673187470102
-0.003300782521763572
0.004249299766882919
-0.005736388027545811
0.011950024975672458
-0.0029449845715943503
0.0020541344074637325
-0.0030993427947287626
-0.0051859265294650365
-0.001997751793284793
2.820492265775419E-4
0.0015447370795918104
0.0027591177271367147
0.005087757938943713
0.002236332403140381
0.0039518375838560795
3.400937137121255E-4
-0.006189941789752844
-0.0040131734839899316
-0.0029696390179970323
-1.7457961539543254E-4
1.4366954293372936E-4
-0.008728595340199702
0.004844273517787293
-0.005791166863691493
0.003320195847273436
0.0014875487788595177
0.0026464068309347494
-0.001823544129689781
0.0026071634067225398
2.646585411269153E-4
0.0062599437395879694
-0.0010702204397288052
-0.0016802784896048097
-0.008457388383326837
0.0013779373779328659
-0.0030385456402255862
-6.554949984522319E-5
2.9881567452262527E-4
-0.0059560819643004245
0.0021872106790405323
-0.004448202857649472
1.3581435389409778E-4
-0.005311749106605785
0.005334629579380842
-0.002668623295828834
-0.005189612616418949
-0.004265311032354607
1.982772706620138E-4
0.004884875911544057
0.01220640692209988
-0.005344679592628292
0.015169557973363806
0.010685675706607174
-0.002261955534304769
0.006667366565393086
-5.867513527106189E-4
-0.004071728114985194
6.270146295809975E-4
0.0025470194035445296
-0.001922420937584319
0.0016807911971821422
-0.0014717055945762288
-0.005603612699824268
0.0024155247064473356
-2.7402713324780996E-4
-0.005023368176997138
-1.5112385973453137E-4
0.0026854962812161236
-0.004452621871246454
-0.0021008692079535775
-0.0012725061439698175
-2.5851475134891846E-5
-0.004509152431978879
0.0013577560845171271
-0.0030282712239079607
0.004062435858556571
0.002569079525937797
0.001453867736917177
-0.0013412814036968357
-0.0069655272018769275
-9.654407267169218E-4
0.0019098644287869485
0.0026057950351636087
0.0017338577794110384
2.4116753437072392E-4
-2.226364601833888E-4
0.0036009606821594585
0.0015127412042672055
-0.0011980464650307083
0.0027517513843811885
-0.0014218755500223878
-0.008305982421157718
4.225671474805243E-4
0.0038792969515449587
0.0010879040585342042
9.163836240033306E-5
-0.0057785707345437715
-0.0060141579055140336
6.485282999242688E-4
0.002798677697308769
0.004519841514461197
-0.007611456746933275
2.447941859998232E-4
-0.0034393058431049133
0.0015535855105953261
-0.004197232292187714
0.005849324835838402
7.794667674200142E-4
-0.001098445929883429
-0.0014188751295085168
-0.006413817845611798
-0.003741630355234524
0.009547237381135042
0.002990916346824863
0.0025189011042350733
0.00884940286122027
0.0065420418941258916
0.0013815778052150166
0.007728532145185629
-0.004658088960333897
-0.0072130225922373645
0.0069588123488149144
-0.00636235056309542
-0.005580357142857144
6.57048074175798E-4
0.0
0.001969294341337657
0.006614272874069092
-4.539305655177602E-4
-0.0020403772043118113
-0.0017584973652848574
0.0017136376684312095
0.0020051493810065786
-0.00195459219002941
-0.004706811094035229
-0.0035690875983413932
-0.003390748624194137
0.0034302958052404692
0.0025071058890590724
-0.002007363263813802
0.010661764475120485
0.0
0.0025322977752857967
-0.0092478647849537
-4.580223275452085E-4
-0.005570402176533828
0.0020573749238784918
-0.0014154511525649011
-4.451139693397604E-5
0.0020591699339185194
-0.0015066149629163292
0.003065948366648824
-4.296988720984343E-4
-3.132806174344783E-4
-0.004229547752456682
0.007415111206366985
-6.993231698239713E-4
0.0
-0.01255188394476905
9.803992239943264E-4
6.347372679166192E-4
-0.006010263322678707
-0.0049476679442879605
0.0021231995107862623
-0.0027488942967468276
0.007227301588860183
0.003631148637370329
-0.005580357142857144
-0.002516287661530731
-0.008570936163997345
0.0045255708345938155
4.2490768403490096E-4
-5.624309912283963E-4
0.0
0.00952769962134877
-0.003343168050531948
-0.0013430600900103595
0.004472475364489894
0.017146888108227027
-0.00420886876355037
0.0
0.0
0.0057537855814516654
0.0
0.0
0.0
0.008713457137964297
0.0
0.0
0.0
0.005146254725604402
0.0
0.0
0.0
-0.01074158533488361
0.0
0.0
0.0
-0.013549757750060672
0.0
0.0
0.0
0.0015048913726235628
0.0
0.0
0.0
-0.0035592215918991994
0.0
0.0
0.0
2.5229848373094183E-4
0.0
0.0
0.0
0.010057058388243929
0.0
0.0
0.0
0.0
0.0
0.0
0.0
0.001477407793203176
0.0
0.0
0.0
-0.004996360737422229
0.0
0.0
0.0
-0.001620275715156709
0.0
0.0
0.0
-0.00914856733903445
0.0
0.0
0.0
0.012498097722532703
0.0
0.0
0.0
-0.0017874827368977984
0.0
0.0
0.0
0.0
0.0
0.0
0.0
0.0
0.0
0.0
6.408105044782077E-4
0.0
0.0
0.0
0.0
0.0
0.0
0.0
0.0
0.0
0.0
0.0
0.0
0.0
0.0
0.0
0.0010697811715534326
0.0
0.0
0.0
0.0
0.0
0.0
0.0
0.0
0.0
0.0
0.0
0.0
0.0
0.0
0.0
0.015562538649441068
0.0
0.0
0.0
0.0
0.0
0.0
0.0
0.0
0.0
0.0
0.0
0.0
0.0
0.0
0.0
-0.017273130325472702
0.0
0.0
0.0
0.0
0.0
0.0
0.0
0.0
0.0
0.0
0.0
0.0
0.0
0.0
0.0
0.0
0.0
0.0
0.0
0.0
0.0
0.0
0.0
0.0
0.0
0.0
0.0
0.0
0.0
0.0
0.0
0.0
0.0
0.0
0.0
0.0
0.0
0.0
0.0
0.0
0.0
0.0
-0.019199194944120167
0.015200636201695913
0.004015645450464938
-1.7086708040700213E-5
0.0
0.0
0.0
0.0
0.0
0.0
0.0
0.0
0.0
0.0
0.0
0.0
0.0
0.0
0.0
0.0
0.0
0.0
0.0
0.0
0.0
0.0
0.0
0.0
0.0
0.0
0.0
0.0
0.0
0.0
0.0
0.0
0.0
0.0
0.0
0.0
0.0
0.0
0.0
0.0
0.0016892699997252244
-0.003525601392830897
-0.01038281277874911
-0.006980050772265383
0.01227140207055192
-0.0013461959974357782
-0.001609758336067317
0.0058851884646470565
-0.012496270092355965
0.012983156316441775
-3.6542392169646717E-4
0.0038941831480756063
-0.003509552494559195
0.003295517210969475
-0.0038195080442733863
0.0040164566198224155
0.0
0.0
0.0
0.0
0.0
0.0
0.0
0.0
0.0
0.0
0.0
0.0
0.0
0.0
0.0
0.0
0.0
0.0
0.0
0.0
0.0
0.0
0.0
0.0
0.0
0.0
0.0
0.0
0.0
0.0
0.0
0.0
0.002677981035297516
0.0018014675358562803
-0.002790178571428572
0.0
-0.0027593930685152817
-0.0031697668936895465
-0.005320043121890019
0.007723601691263949
-0.007119657957642326
0.001875049928462733
5.139591605632528E-4
-0.0056521639101327695
-0.002790178571428572
-3.9261240983731E-4
-0.004993805190499226
0.0011965453994997237
0.013281381852773215
-0.003029469177242384
0.0024464219533783227
-4.2693255835723424E-4
0.009502988084959066
-0.009353094271373043
3.8792354840718737E-4
-0.001884013359428992
0.006652916855221156
0.0017625983445835524
-0.0033004960834012408
-0.006724777452470777
0.005065628207019154
-0.0019633161223432394
-0.006762453012876823
0.009545329392847971
-9.743997620023264E-4
-0.006805987743698859
-0.0013751313428955786
-0.003340751243759201
0.0028624429230420037
0.001842884329226299
0.00973571492537341
-0.0014578858611999383
-0.00840266375684625
9.01523204529834E-4
9.283588255746145E-5
0.007042880748062485
0.0014158993459236996
1.1827348507619439E-4
-0.00206908048965637
0.004429090806732084
-6.667520674275007E-5
-5.197138547140363E-4
-0.005485361638501764
0.0025621982053993524
0.004202730945570521
-0.0012287411499179272
0.0025910654299816423
-0.002269538014664756
-0.005662869123972585
-1.0199283260185473E-4
0.005182046240873784
-0.0032366923285727326
-0.0016541693363320842
0.003397772705870616
-2.3031969939772993E-4
0.0025031729496816117
0.011671237532047548
1.8504485871854819E-4
0.0022181365557898056
8.43868972769756E-4
-0.0053368702300270205
0.0012145281128423944
-0.003555549211976077
-8.758119106382889E-4
-0.006192979082075037
-0.0017247056509881382
-0.0015603609179122362
0.002273796051527819
-0.004946486779321477
0.0020070089189697764
-0.002931476069639641
0.004665468333274259
0.006053703656167309
3.564210578223541E-4
0.008296686356867923
-8.980421858012771E-4
-0.009737461813156096
0.004227574575272201
-0.00386473671123559
-0.002534094036634727
0.009536751330107389
-0.0019422273620997668
-5.635615043781599E-4
3.63698318242759E-4
-0.004799947818462391
0.0029396117720449752
-0.0024516665540143382
0.006424167056402018
-0.005178287529524466
-0.0033232955862269806
-6.491037281473456E-4
-0.005381587139341212
0.0024543390851594167
-0.0018053199528202091
0.0038612250907990122
-7.306557816395658E-5
-0.0023824222020091194
9.733382439736588E-4
0.0029035357104061615
9.93893448222556E-4
7.136531360988014E-4
-0.003282531900113744
-0.005810274402524061
-1.9159977657478644E-4
0.009557384590636493
-0.005720570180419361
9.76165540829221E-4
-0.002775800305864159
-0.004465434098720189
0.0017628954811380925
0.0013256152935435554
0.0025370409828048045
0.002223582882454416
-0.001360471185537249
-0.008965776284822645
-0.005952993804524674
0.009645125167220953
0.0023830208376149457
0.0018152324013380697
0.0038307601425874166
0.01675760734464942
-0.0015813174716332388
0.002611445413312024
0.00431630296299868
9.234736193210376E-4
-0.005068314534438763
-0.0021080240961712303
-0.002249534838816488
0.0029708900184644495
7.676661275565419E-5
0.0019767950064603695
0.0058174330876591285
0.00179625454409319
-0.007903225231602275
-0.00444734274515809
0.0023427527744302856
4.1306438286989496E-4
-0.00858251652150525
-0.007215430995606363
-0.0017005439225021726
-0.0017048390992773002
0.0038096272426095114
0.003493051470835347
-1.9816139773508497E-4
-0.006736920823510026
0.004683850344969672
0.0036892702539257326
-0.003869645314254482
-0.004894514192557036
-0.0010692387921488905
0.0021918198774274252
0.0028260025646463316
0.00677324951556664
-0.00422699880459164
-0.0019220696466266812
0.002560751864129328
-0.0013025681639414904
-0.0016861525650488218
0.006225793085264841
-0.007291138310926022
-0.0021051721092010672
0.002785055089082424
-0.0018244482777696252
-0.0070415976988186055
-0.0033194430198393056
0.003718771463282509
-0.004758410862700447
0.002037476432725703
0.0015567168180207198
0.002021313107338405
-0.005534929002383131
0.002569242782559893
-0.0023274754460876597
0.00314537282211794
0.005686114862087123
-0.0024569026096014487
-0.006033890187197374
0.0027513698456643992
-0.006079021504836251
-1.6642778470745204E-5
0.002976882598857814
0.0015291511829175995
-0.0017176129273218435
0.01194037490123534
0.005395765187754667
0.003821703448369719
-0.0010783613059464655
0.01736153073092875
-0.004253481418924706
-5.852200405803434E-4
-0.004353739235867064
-0.00317707899501961
-3.68627083582797E-4
-0.005589432665748812
-0.00442961220316105
-0.0016733122788114884
-4.1202764715329116E-4
-8.531170844154352E-4
-0.003305490024130388
0.012316388442884843
9.414879679052628E-4
-4.449526616171158E-4
0.0020216566869284743
-0.0069296010832020334
-0.002713098077040637
0.0013846329669031042
0.003584069456908666
-0.002055071381531269
0.0031082642666197683
0.007015104164505496
0.005726099306438311
-0.0025525324155474967
0.0011200270985487959
-0.0024227063513323063
-6.406076521608267E-5
-0.010828997139079453
-2.8904621271899373E-4
-0.003409458231346325
-0.0031288915500010317
-0.00507769710737767
0.006931513858270559
-0.002351682563523682
0.007175815831585853
-0.0014586052338605793
-0.002446150945331663
-1.508280881666105E-4
0.0031941238908857385
-0.002834549379607242
0.0028756799245261856
-0.0025168078444480027
4.910280172695522E-4
-0.005960352801232438
-2.6503597382902594E-4
5.7067569223463776E-5
-0.003660039370277197
4.2718770543742277E-4
-0.002598041665784224
3.700063430342115E-4
-8.07677003031707E-4
-6.888290517693386E-4
-0.003123665585159874
-0.0036243288473813877
4.5655644320296207E-4
-0.002440108668414657
-0.003101329154397767
0.0066088752425266795
-0.005858014246668047
0.0214970748315768
0.005270200135827656
-5.732319978481813E-4
-0.0014998635360582865
0.0025860663671907202
-8.98772031760727E-4
-7.51787242339555E-4
-0.001672509601058901
0.003347428999788925
-0.002138300276402037
-0.003325410788167174
-0.0015536923344793467
0.001171767859752342
-0.0016455953706228737
-2.4107370623707318E-4
0.0018232487318419158
0.0058448405908044995
-8.378733325832952E-4
-0.002220837326281822
-0.0013315193121090588
0.00175712266749517
-4.803160760157534E-4
5.529192299644915E-4
5.013471531745002E-4
-0.0017562136012899535
-0.003071292427899613
0.0020492473432566533
0.005394599561253146
0.0012259145729855573
-0.0020487358331766122
-0.003477849771866502
0.001281097441734501
-0.003134096498872183
-9.721013309582551E-5
2.3276481683694172E-4
0.0019431405236955421
-0.004908874554891223
-8.187768214941795E-4
1.2518336072103232E-4
0.0023737950062634877
-0.004029686982281651
0.001777694246651397
7.441300698362674E-4
0.0035717685379671057
-0.0011464254170888083
0.0014490076835805992
-0.0038106290750934764
-0.0018441099633220146
-0.005294771387545994
-0.001183288094121389
-1.7915447886464417E-4
-0.002990445114233628
0.004835237908743584
0.003562059766053221
-7.682163753753453E-4
-0.0017683349130506896
-2.09264515296251E-4
3.500220944256745E-4
0.0019872520121042374
-0.007066483104799853
-0.004007328020475025
0.002508439808859141
0.008655125867461954
-8.740218939284198E-4
0.006734569551757077
-0.0034502436749451245
0.0040889411351420005
0.0024846300541567575
2.8501061673514173E-5
0.004654778841207164
-0.0027479968498356475
-0.0010660545958273914
-0.0035811863817018282
-0.0014998190894193577
-0.0015414276656119722
-0.0018075548205773015
9.701141369032038E-4
0.0046790288242320515
0.0016436387770840351
-0.0011916132228293767
-8.615019899484585E-4
-0.003051280969794833
-0.0014716481523779894
0.0020873350524215194
0.0037997889065338637
-0.004390817028505734
-5.754302126050569E-4
5.677455826631548E-4
0.003556600631418268
0.00212001717978928
-0.0026579805510076023
-0.001889510948358708
0.001861771964905427
4.8023119940131655E-4
0.001426161792406923
-0.0012866550069418061
-0.0032674740839453618
0.003280655822740854
-0.0036029612415316705
-0.0010474874819850744
-0.0017120834624486905
-7.966331473866399E-4
0.0012679914571291852
0.0013797001303606422
-3.958398030731976E-4
0.0015187286382737884
-0.0010629847508058922
0.0034010088960244465
-0.0035105601235512866
4.01251343737669E-4
-0.0027155370505894906
-0.0010894454680278162
6.47660170053704E-4
0.0014645030173098652
-0.001922343858518371
-0.0027688293224569296
0.0034897864523056894
-3.0049796393459907E-4
0.004150313701608085
5.867520754341577E-4
-0.00331099449884274
-0.0012064133087982462
0.0015368364877475615
-1.1757207691547164E-4
1.7336321429213972E-4
-0.0021864641371663156
5.457523468155683E-4
0.0010540676863578027
0.004737186360136342
0.00372875791069293
-0.002342532051269702
2.8372022887664106E-4
-0.0034263118929891085
-0.003135578950800132
-0.004299750716348333
0.0024323812465406915
0.0020949363033217435
-5.753177476680552E-4
-0.00446369654090702
0.0012397071393483654
0.004554955451362983
-2.6066195060086834E-4
-9.196360507148587E-4
0.004248386541742772
0.0025379044176373315
3.252607788789862E-4
0.0025348052024553288
-0.0016867055483982523
-0.0020065297315558705
9.3941659710886E-4
0.003851342609409922
-5.090795538862424E-4
-0.002186801556335976
-0.0048993054358616875
0.0070015450404203915
5.498642620095687E-4
-0.0011839606739377116
0.003162150544720875
-0.0013254218620867043
-0.00821430369548589
0.0026461549606522144
8.424416171248539E-5
-6.53301447899054E-4
0.001062031356036372
4.395393499956625E-4
0.002877877244206822
-0.0032451470084536574
-0.001954535919602604
-0.0014037507958284657
-0.005843516606254295
0.0020354188518764164
0.0032710873834424802
1.23381421108359E-4
9.32841310527036E-4
0.001149421741585296
0.0010532951769817668
-0.0036408690365446117
0.004079689653576741
-0.0023894118536827084
0.0013405923306341273
3.431770996765622E-4
-0.001870528282778568
0.005093394252284814
-0.002161764483729035
-1.610856200601721E-4
0.0011726599188743897
-0.0024900184601494074
-0.003258907225090816
0.0020626197549246383
0.0013129921596631542
-5.419533079254255E-4
3.873045710925476E-4
9.752703346595421E-5
0.005687087299008884
9.147658108205639E-5
-1.5549797844575334E-4
0.0025948866032159553
0.004820454567571252
-0.0025430063854110247
-0.006894132631839083
0.001766244299282719
0.0033828371811752563
0.002906639822832147
-0.0012391522522399064
-0.00405068638461861
9.799178514167217E-4
-0.005479986277029343
-0.0032742036233124484
0.0031241468740523166
-0.001762418870843413
1.5368271692221542E-5
8.837168382937839E-6
5.49400038505234E-4
-4.3691525730950916E-4
0.002481765371368228
9.613753920574629E-4
-0.001606386369223437
-0.002380569217124363
8.717074552712758E-5
0.003715202018976615
-0.0036148022580565673
-8.326912693174533E-4
0.0014648372753805075
-5.837753040115118E-4
-0.0017050723709544147
-0.002257748984909479
-0.0028466260549579476
2.1566671085741437E-4
-0.0052567715418996375
0.003205533830002382
0.00286180355449381
2.4237639339183895E-7
-0.003984330869649201
-0.0011471393605212623
-0.0015201374180669296
0.0026241407831192115
0.0018448875551785818
-0.001971337171131975
-0.0036784442120387107
0.0031482334151547633
0.00805854392147419
0.0020922624286290915
5.701820151487606E-4
8.34369268376085E-4
0.001650508352156259
-0.005857894302798396
-2.9543779481060357E-5
9.314722604781981E-5
0.004156701377089945
0.0010696732477999751
-7.883741892713925E-4
-0.002774832629302778
-3.1783834894600886E-5
-0.0015904804911177465
0.003367172107102195
0.0019152335586127345
-0.002051207799386296
-0.0020267260002960934
-8.364353273633768E-5
0.0032796544475403237
0.0025898969573771927
-0.0021413704674492855
9.044224215900292E-4
0.00355727430890082
-0.004489925450076472
0.0018856447579100964
-3.3461824234601594E-4
-9.86574029126911E-4
3.3892268273351357E-4
-2.81800350358688E-4
-0.004343201578264764
0.002306545293723668
0.0018564800868775939
-0.0069439416614712176
0.003144986545221904
4.752207959009447E-4
0.005054913157814097
2.228825421330769E-4
0.0015405147214293195
0.0021031620215299987
-0.0010955405241224404
0.0032682148109751145
-0.004294043285074156
-5.053683228327288E-4
-0.004308170840408639
0.002679170366935933
-6.582541990857479E-4
-0.00253858743070374
8.498997003535788E-4
0.0034864401179810984
-0.0020201162945655817
-0.002105357228088457
0.0015638352560025325
0.0030773390311909198
-0.0011116680761615746
-0.0024591427315478255
0.0011787707375394267
-0.0020289986187734255
0.001927935172095774
0.0014144124772904523
0.0010120088899403436
-0.0023235040828168602
0.0012449319881132836
-0.0036256143246512842
-0.0011481985030363353
0.0030796076940210813
-0.004043875409730661
-0.0027611558949801147
3.1083253053924126E-4
-0.0032276910573519006
0.0012546965285623107
-0.001359440351397849
-9.939862263979107E-4
9.746855900317677E-4
0.001130881085667369
-0.0022346260361368587
0.0013345474068812613
0.0027555227805672296
0.0015632185052976606
0.00478586695531329
-0.0016781976159923858
0.0010202308234982297
0.0018335992175047965
-0.0014495612006737227
-0.0038088886900944333
-0.0013521970396262273
-0.0013832888847552902
-0.0021207459153677133
0.0018535831479385536
3.2883012474451507E-4
-0.004279913603405261
0.0016293385802781616
0.0012101070187552842
3.9505038074413845E-4
0.0010299341552780527
-0.0010150204814436225
0.009109513847154495
-0.0013956447434255214
-0.0010643573675527406
-0.0010439064116073322
0.0014350685711083996
0.0016548708285431864
0.00339238303142108
-0.0021351692740610518
-3.2411899048313033E-4
0.001986309011850943
8.449439865701096E-4
0.0010045771862769283
-0.001993976937212833
-5.73117230297907E-4
-0.0014305239610195586
6.34341777385605E-4
-0.004031382049125534
0.004726508174147785
-0.0019870865385538173
0.0016045449786482808
-2.4442007409869503E-4
-0.0015251336366099068
-5.007816767917314E-4
1.3042375524197763E-4
3.256462885026246E-4
5.636055882687415E-4
-0.004976915152153337
0.002602319135888183
-5.011654828096326E-4
0.0014151621903819016
0.0023027171242984697
-0.0045009910691130054
-8.395801064208846E-4
-0.0014018240460450214
-0.0019157384296584162
-7.469638106777842E-4
0.006893915000708838
-0.002013109793244568
0.003684093674424695
3.623369429212076E-5
-0.003900522859411818
-0.0014351007048608627
8.675852057296457E-4
0.0013487781740554295
1.4694781875772256E-4
1.8119395252013575E-4
5.369816805362024E-4
0.0012750134153810284
-0.0021132053802349164
-3.1677664796301045E-4
-0.0034731043439478653
0.003889386540957931
0.0028497646591284158
0.0038084003925391427
9.439804334286117E-4
-0.0054754005026552595
-0.00241056344157267
4.975776549170727E-4
-0.0019556684963887043
-5.453321767114415E-4
3.6753657387251587E-4
8.934123916594545E-4
-0.0017925261427496893
0.00100117201574133
0.004173616542973014
-0.003270423278027841
4.1489961424931703E-4
-0.004171390143559809
0.003791344166400817
0.0026809727786747334
0.0015629182938333658
-4.661554823352494E-5
9.951306200241773E-4
-0.00141913276911289
2.0273629670345414E-4
-0.0014042759098684635
-0.0014685853576167681
0.0020560103137159096
-0.002331946188031424
-0.0022993373078222016
5.298607686839499E-4
-0.0020345493797111727
-0.0011416072213833398
0.002266993363704593
0.002352807257393252
-0.0037865982167137086
8.457001432130265E-5
-0.001377192469530996
-0.0024650788913354407
0.0018533039637389313
2.0451697402605303E-4
0.0034623586999856333
0.0010648334387480846
-7.864705786370108E-6
0.0030684252908689323
-0.0033123834554583454
-8.862647121336746E-4
0.0025537796348362157
0.0013203934876019408
-0.0018935107178998478
-5.623731111900399E-4
3.6264410488852914E-5
3.497032701273257E-4
0.003948475477255793
-0.001895334158778808
-2.1714619425705498E-4
-2.923735253692302E-4
0.0034200030678330096
-0.006517139705996719
-1.7653611331633953E-4
1.33877778859917E-4
0.0011283157868280285
0.0010396888590015548
0.005203326535025157
-0.0036290310450541995
-0.004961906371123131
3.196412102863715E-4
4.1153829713836635E-4
-3.221886129083193E-4
-0.0036510745166642364
6.823063689542431E-4
0.001058842632479354
-0.0030286848121224676
0.0020799063014020737
-1.8585078556091535E-5
0.004566941041831368
-0.001405091375899106
-5.581905028827256E-4
0.005827883808682908
-0.0021384346455058695
7.086904994386481E-4
0.0035428098728735088
6.259736381827374E-4
0.0010141162114347339
0.0032193849762114164
0.0011540156832390612
-0.002446344859174598
-0.004479734486226501
9.335808182419259E-4
0.0021430496673917653
-0.0015476290425711775
-0.001921157304910473
-0.0016241702392838613
0.001050504463452983
-0.003281022790921393
4.3980044055537534E-4
-0.0037393681993388803
7.19164830473031E-5
0.003942253931022261
0.0010886686938594392
8.151301206400872E-5
6.893557727922946E-4
-0.0037003262297441736
0.002259103091495205
0.0010388423743535025
2.1920111344615528E-4
0.001415607101943865
-8.155488522976267E-4
-0.003129752136324139
0.0011269595713552876
-0.0037350136337264105
-3.1091526249499486E-4
0.004097028561777728
-0.004687916450906804
0.0036668250378967242
-0.0037437062461804995
-0.0011340295423426976
-1.982606912602731E-4
0.004153827218731207
-0.0012279498465695344
3.448091094450702E-4
6.871771104466661E-4
-0.003286269334033394
0.002512994471773646
0.0038436951093644097
-0.0012944847948090875
-2.0530332780412542E-4
7.66060050435672E-4
-1.1051723213526161E-4
-0.0022133210764511573
0.004751555325730416
0.001808369211784645
2.9492192931509457E-4
-0.0019548763930734136
-0.002711094931203031
-5.441418792600551E-6
-0.002039251450896179
0.0013649924843861631
-0.005355396080806506
0.0028943896386159013
0.002343044493614685
-5.764606000457071E-4
0.003893720285203215
0.001397736727320012
-0.0027528045311634585
-0.001193431162441894
0.0013191159225373816
0.0049882426169201065
-7.068222527272286E-4
-0.0025967909110492238
1.600503798807511E-4
-0.0021492565096589275
7.756078270870549E-4
0.0023494400677676196
-0.002981755137088902
-0.0034623768334763353
4.152199673205387E-4
-6.869990793568525E-4
0.002423618444279324
-5.450912018645981E-4
-0.001040438490385822
4.1955770336707236E-4
-0.0012237666199381308
-0.0012026802063762547
0.0035737455123508693
6.303658098047423E-4
-0.0037128836258613226
-0.003621172858897274
-5.469513469074688E-4
0.0031397945324727772
0.006157663866018629
-0.0019582355626228277
-0.0012091627657263289
0.002015970081612687
-0.0022854481064803304
2.650266282743228E-4
0.0035809687311817015
3.0660143706331446E-4
1.9063255987757577E-4
0.001105105938346253
-0.001442020686985165
-0.0035413926076656335
0.0015629887141618518
-7.298241433562639E-4
-0.0013384895816323625
0.001649315002706461
7.437874593986234E-4
0.001626503480845502
-7.795389465103403E-4
7.896227788047631E-4
-0.0030300432569089434
