0.00598331417606222
0.014843953252902352
-0.023728865014958432
0.0029015975859939085
-0.011546822480854172
-0.005434090511078522
-0.010038082578422395
0.02701899557035508
-0.0028923910556495937
-0.010568416839049043
-0.01299624411042636
0.026457052005125083
0.0376265214828274
-0.029737441475994414
-0.043160544826186004
0.03527146481935309
0.003056177865492709
-0.03884767180579511
-0.012722729839029341
0.04851422377933183
0.01890292729122997
7.72716467265528E-4
-0.014864351211049077
-0.004811292547446389
-0.005569571669967962
-0.0020663570067204
-0.018981555885139674
0.026617484561828303
0.010672172397767576
-0.008565434566791966
-0.019765543378347385
0.01765880554737173
0.027936695574331136
-0.03490755836582541
-0.0046365322763387215
0.011607395067832819
0.06802667290926218
-0.06844040198318803
0.005509541579485702
-0.005095812505559771
0.11181353999149338
-0.12177950527468241
-0.0648290562518197
0.07479502153500861
0.07705532522256436
-0.11120644004047875
-0.07392607526166019
0.10807719007957466
0.08125377936925468
-0.1119132209170692
-0.10064005640285285
0.13129949795066737
-9.86461119589577E-4
-0.1291488178791504
0.08185131869739182
0.048283960301348114
-0.015929151014219135
0.010367506772560634
0.05871724808789925
-0.053155603846240816
-0.20561649132470355
0.020422014025001753
0.11422678291930649
0.07096769438039521
0.007356862137826745
0.0017753486586240992
-0.13208410142773447
0.12295189063128367
0.14062669375898054
-0.10068568708437192
-0.10177406300794059
0.06183305633333216
0.07124298205791804
-0.0740906212540327
-0.08751986490727444
0.09036750410338906
0.043934781510384505
-0.07627723681251586
-0.06829679634720526
0.1006392516493366
0.0031069525220233027
-0.05026413042253061
-0.019880813394915015
0.06703799129542229
0.03494217282962961
-0.052594572019853035
-0.010286588689491201
0.027938987879714727
0.031700581082543
-0.02679324895537835
-0.01822748678661093
0.013320154659446385
0.03584571724176923
-0.02864583189887953
6.255496338936819E-4
-0.007825434976783356
0.014407821984642695
-0.033144718427262194
0.0017775006076324274
0.01695939583498715
0.03910390736607491
-0.019677785989280834
-0.03230831782482679
0.01288219644803272
0.061023829663634885
-0.05631312067579549
-0.016726745414812803
0.012016036426973405
0.02883475503824416
-0.04441574139101428
-0.02143545722547969
0.03701644357824975
0.057448890102890574
-0.06300665705751457
0.011224423090544534
-0.0056666561359205135
0.07416987792664402
-0.058255506687921156
0.003517672061940272
-0.019432043300662998
0.011694620745770122
-0.040077733156086946
0.01656002517814032
-0.02455357142857143
8.759104507092413E-4
0.04673688985773561
0.05016318459538459
-0.02652716517177943
0.01265534757288534
0.010758267315566955
-0.0014708750689670733
-0.011637639446687548
-0.0026359806376790094
0.018389055982796665
-0.0282466391082954
-0.026700383504859766
-0.037008281083382305
0.023990244216446077
-0.015275033988660813
0.060273388949127635
0.027003190643053378
-0.01336779291271066
0.008076931695846666
-0.0020355750591522087
-1.6261243537633863E-4
-0.02232000558367456
-0.005465164630401538
-0.02436404131731635
-0.031557178189520016
0.02412865506046273
0.007461525242266492
0.015465702645894246
-0.0032633302959822544
-0.0023786248926333502
-0.0035431134387617844
0.0032850698151657594
-0.015499781828510919
-0.052515547773769676
-0.02562528326331883
-0.009804725795217958
0.011224591695823675
-0.020499119456172533
0.025316776391872152
0.08144320086313454
-0.008537303432957296
-0.001161242305388819
0.00954934357099653
-0.011719774869237694
-0.012280150725252582
0.02455357142857143
-0.003447976561033444
-0.010075927243710668
0.03569998677301468
-1.9510632181817325E-4
-0.031347515930421
0.0029283095298762336
-0.007326497068712938
-0.02494872130682997
-0.02297528354952171
-0.01026630655404451
0.016225076760467617
0.018338793008456214
0.007272854754448478
0.020746490592504253
-0.010115047347274357
-0.050068859635591934
-0.01672421677335417
0.03605098239737344
0.010265758896825732
0.03742089468420626
-0.020864259644303752
-0.020734936340431012
-0.05135889638371762
0.02083469128583328
0.03842047723487633
-0.013602370947307721
-0.0014542781400404168
-0.00961061427124419
-0.01104922980117309
0.051043082304468995
0.012592299538022031
0.03156720209498201
0.007524587364233679
-0.0036047829589713302
0.00344483684225078
-6.143267046421035E-4
-0.02291076231588647
7.386950277148696E-4
0.005246959336447442
-0.032073399155031046
0.009811873310675817
0.01828188360539921
-0.02455357142857143
-0.0028783471910301082
-0.0013855289162647208
-0.0066217089604071085
0.06385703331604456
-5.612047200675169E-4
-0.045367887988410564
-0.0015371108429466998
-0.017666506269821573
-0.015691054655296088
-0.019891623791759853
-0.0037603943142326055
-0.03333191396361467
-0.023493841633470167
0.06329847588467065
-0.01106726714460398
0.017534278340045707
0.012039466238601821
0.015488195571870507
-0.009886726605431898
0.0013088964149383445
0.02455357142857143
-0.0461675766841258
-0.006200276659072675
0.038098065127884446
0.006310943950575215
0.017737754582756483
-0.0024515019148893466
0.028275683954826113
-1.294404020005576E-4
-0.016791745610730723
-0.015317413482678729
-0.0045170767514176886
-0.02734312279039067
0.00571092275073966
0.023941311655369647
0.03849896222831421
-0.00986790319365342
0.04466502153160517
-0.005652898644535382
0.0016732855653489326
-0.012663205480184809
-0.0014705909800905165
0.017951220062820378
-0.0522801658391158
-0.0454128341304819
-0.009278588247427303
0.006236494135368161
6.103861423723198E-4
-0.014996537630526998
0.0044831355558877664
0.03461182786864965
-0.0015737951559032202
0.006504244983644645
-0.023727118636480218
0.05293882340587818
-0.023030270833829462
-0.003192958465829317
0.017128717014583447
0.036520969559918605
-0.023643937868262032
0.03579501108659581
-0.04188380067439362
-0.016196163713133732
0.024118248975096145
-0.01187357089694359
-0.021889530723351636
-0.016563284896638997
-0.007751642791137804
-0.003632109064923594
-0.02636002786699211
-0.013424387333005237
0.01157090530889297
-0.012189545275336016
-0.003748500473263359
-0.03049484946496208
-0.01074953559316806
0.04981692914082562
0.042837747405297714
0.012833939866536817
0.017374945945500028
0.005573291176920105
-0.003922035373684053
-0.0407313697179273
0.004705623734257622
-0.026007849568611848
0.008311577854370394
0.0
-6.38678819758088E-5
0.022438363593633676
-0.012593247922847956
-0.037573865802873044
0.010226013891243054
-0.024910030646411348
-0.004056787329519864
0.02750516368986051
0.013371022037859656
0.00577103256548793
0.018781299027276804
0.020552604763375296
-0.0290897007210028
0.06243153286455423
-0.0021013723477814536
0.0026386882197608364
0.008351053449015936
-0.03233493885742107
-4.99299792690389E-4
-0.00852043164244869
0.013808888481193996
-0.01968319762902799
-0.019662193277709954
0.02842595530804716
-0.005652898644535382
0.035198179962587846
-2.5576628764344134E-4
0.004572022397928534
0.03353919102923703
0.006247666752441271
-0.04357417141228037
-0.00606263421096131
0.027591924670335062
-0.0035985961552629786
-0.007201085679075299
-0.02239958846371326
-0.011300714246900363
0.037330479604333264
0.00682080646834014
-0.03353419418739141
0.005730500579879587
0.012979146043845053
-0.04237415150729792
0.010067979238477123
-0.035753308944147646
-0.02833422824393977
-0.015469730941324054
0.0031096427201086066
-0.018833139310129667
-0.050809685192761314
0.04320299354951322
0.04172890640390592
0.017510254901152038
-0.03199285140598612
0.018398108774571792
-0.01629694111578077
-0.003355377293227487
0.014372225457134334
-0.02082837937927084
0.04019096519399574
-0.006564453280802884
0.013146957172052134
0.031377491257374907
0.01751460795220399
-0.011338149745125058
0.030612570368219835
-0.02624787769749526
-0.00855232771066206
0.022890320758622927
-0.017493436038094876
0.01319140748821571
-0.02113542372261489
0.011368535607664699
-0.02729910823540837
0.05035886957350408
-0.03655851892830177
0.015750901416723355
-0.01034964735071503
-0.04709682438970735
0.0038272984069827373
0.04884081148080595
0.0020713757077168264
0.01412986129712455
-0.011550119940539462
-0.033496650081337724
0.00806038688809875
0.002153366810613809
-0.0064848870613857836
0.0026386882197608364
0.001548045896782842
-0.006412229489048687
0.01942580005361713
0.002507402463320752
0.007846043225813386
0.002335357642863736
-0.006917114267901629
-0.011632889424114438
-0.024545644275875196
-0.01295285100991303
-0.006999265127322848
0.01688508723820361
-0.007316125010733982
0.009356305703188128
-0.009670537550405483
0.003952191861732655
0.034824293497684705
-0.018230922729402875
-0.01828900404293264
-0.009511497544043623
0.01812400759933126
0.018597596467608966
0.015698643371171994
-0.038520066783999884
-0.021213584400355735
-0.004319618221704964
0.03221426393728486
0.011297197662229468
0.0028586613521549634
-0.008900043516593197
0.013492313955626414
-0.04961240652565933
-0.014840559638863254
-4.2975040776983744E-4
0.022342112854552506
0.03203627091989767
0.0012025231923600182
-0.007744971027884353
-0.017403062834591917
0.036122296434983506
0.02127669388210279
-0.0018005933819154971
-0.020347953707011927
-0.02728828911219216
-9.59188979374366E-6
0.014603032514530826
-4.0457911325305317E-4
-0.005538619896278618
-0.021603235682429053
0.02773072785286993
0.01768357562793737
0.05591677538492619
-0.010842048240260839
-0.01786530550209526
0.013573655613328059
-0.007129813990973626
-0.0026521263037674932
0.03989029725908565
-0.013285430297554891
-0.029380018353820408
-0.012220997391690228
-0.026102189162445635
0.03379436360083728
-0.023975912402038987
0.01885957196591181
0.004370566100886315
-0.004048460989097955
-8.68499958609617E-4
0.024564943776163518
0.008405184786867246
0.0027085231032539844
-0.009403201276480255
-0.022716930483876744
0.024328272644189564
-0.014619299970243875
-0.009252308630826996
0.04892094477120886
-0.022987719714875406
-0.021624117741915416
-0.0012536169060712787
-0.010615954954038852
-4.12587335603478E-4
0.005599084358124229
-0.010588934811536726
-4.040473936487918E-5
0.015508698568197424
-0.037482013310392616
0.01987616498258183
-0.025994384474694696
-0.007992086560028968
0.017703637391867814
0.02956176346359661
-0.027230798456035654
0.018757775732090098
-0.0038760792279114824
0.03512005096279764
-0.012114535472477735
-0.0474165657878198
0.021343360528081997
-0.028640984022902563
-0.022107719382070287
4.71539616747914E-4
0.0017170174477804823
0.0010014996632041265
0.022999610171866885
-0.004107779017169383
-0.01996478674472639
0.015627493156108115
0.005996447353952751
-0.026213157853541072
0.007247042570128764
-0.025938284862186488
0.016628947292381638
0.021599512847167445
0.028872309215811773
0.012608419466355773
0.008395148186618701
0.001971656443710463
-0.007156867504807641
-0.002408957104911366
-0.006998197783480259
-0.006068589071432387
0.007050515374291525
0.005333454342794216
-0.015527280817710121
0.020096905499193275
-0.0033829615545600353
0.0
-0.009544889904024597
-0.009937927242005491
0.0
-0.0076973545419976586
0.010477561138110067
-0.02530698427910729
0.026871427061327
0.008075481552083158
-0.015016401444124954
0.01022434940727902
-0.03164726060570927
-0.004987086735041495
0.01997921646091947
0.028992113983512
0.00813446061668688
-0.01328646824026202
0.020047028786467892
-0.015183377150568812
-0.021743063016294396
-0.038771540254592396
-0.004016322348062136
0.02771104450105162
0.02163374773666024
-0.011481071249136325
0.03392302986156178
0.0299429377128655
-0.03691930004785522
-0.01640815107955243
-0.024721224603340943
0.006472683006208858
-0.02188859832208751
0.025969751429473546
-0.02711746630668198
0.017614517774947422
-9.255936965998496E-4
-0.010263135231384453
0.013608240389901454
-0.01939286836601612
0.0
0.04276239708590168
0.010463619147628883
-0.03055403956027343
-0.009913947841480279
0.013937384706029699
-0.009243652568316697
-0.02821911733226557
0.001666311019183032
0.02455357142857143
-0.03961596656129193
-0.01299983760343781
0.07982852584907837
-0.050975970408671196
0.008432272125758613
-0.0015799122787061824
0.0
0.03851542823114281
-0.013922650226283874
-0.008840664283185883
0.012712513644895035
0.01595889684391771
-0.024164564541513896
-0.007610772683448286
7.992886806831656E-4
0.0022975492918918287
-6.008244760522603E-4
0.019981672494794052
0.019669909982545978
0.030258804901775876
0.0032244515576772045
-0.0013515405185734134
0.004816134343057495
0.0072561468616096966
0.00463492110032423
0.024072999112193207
-0.01359201729254169
0.017187671377390627
0.03439188794653054
-0.03673899272162884
-0.011295908113853614
0.019135070778930494
-0.04036122220181844
-0.03728430078144749
-0.012919540916417805
0.05598268431308054
-0.04427623297225985
-0.0021877280142007724
-0.01164312209238992
-0.010799135045154264
-0.014567174839355785
0.010955082737848383
-0.01510171438178662
-0.015417555112248621
0.030489780751125094
-0.01640534257792979
0.028675702095701906
-0.0023341307080586675
-0.030991561263761618
-0.0031098636679847535
0.02096476739902741
0.02455357142857143
-0.016927772245051757
0.019181724177288854
0.010429331256974433
-0.02339648557506339
0.01816684424901953
0.008830401040374414
-0.059832053699861165
-0.03776061628139583
-2.7411837562276234E-5
0.0444248363405464
-0.027143432442652982
-0.0024352579884567554
0.018058854890036394
-0.006828056796454157
0.048364329031058625
0.11167731144893525
-0.027747171507769272
-0.0595967024788531
0.03548565277244374
0.015927540844264856
-0.023578570035076428
-0.02996481425573141
-0.011931438087332808
0.04764431397134197
-0.00796940941551079
0.009714922504881134
-0.03532728369490382
-0.0088608132225021
0.009399461126166249
-0.010874173348568847
0.01393786895254671
0.02206653831892028
0.004431867265514551
-0.00164449066508463
-0.013277960446815359
-0.07594203095830572
0.03057977369524561
0.07568313219839241
-0.036008934651628174
-0.012496194897506929
0.014378997541189428
-0.003951153201557994
0.03708616916510561
-0.005808758168647682
-0.012276314690182642
-0.008968448869484856
-0.04875975000097928
0.031169261457268397
-0.05179746211770293
-0.038323654481166515
0.03892025196926495
0.023137945890779603
-0.02390162519592609
0.04246463513412003
-0.001011263510394076
-0.013736381764653523
-0.01467206028982073
-0.009063766960719453
0.02114193737273317
-0.038242304804920454
-0.015126201032938293
0.018439904120918914
0.02596425193681829
0.03703300666485285
0.0034534621655740476
-0.023823237456119993
0.0
-0.001884253521188141
-0.014911342658556983
-0.007749801842804462
-0.029349355029046342
-0.026512458876250714
9.504411419554923E-4
-0.01735235411792465
0.01567382310112752
0.006640817609105491
0.007006648733156415
1.8094746788379842E-4
0.06225105168606849
0.26335170971871696
-0.00951172542681181
-0.10327529165768551
0.051381425255757056
-0.01497270287431362
-0.02605044936062876
-0.0023078473724664813
-0.02832830458697474
-0.027221304728201532
-0.03402574525374347
-0.027840525313189958
-0.03430050978608926
0.0
-0.03664186771135553
-0.021093245428845248
0.11886305743509415
-0.022442626447056774
-0.017744361382691552
0.026331193564729627
-0.02490500347943072
-0.055439234687831906
0.02925311319951062
0.004833890595525747
-0.010459533301518345
-0.009287095827305285
0.0555521271233429
0.03535256932293908
-0.0011844493850001483
-0.026218649479781073
0.025770563192322463
-0.047369621465013355
-0.030483283525929435
0.09653677083663575
-0.04240071078289482
-0.0517642822748923
-0.0074724993459178
-0.0023976435588973673
-0.02399402732066106
0.051338445973366266
-0.03225880611599446
-0.03117179707969979
0.023680630202093163
-7.679443259316346E-4
-0.012393240571782704
-0.024119469889209898
-0.04591939098103836
-0.02198218187363867
0.1305956886879494
-0.018193941614054663
-0.021415574685769684
0.009161786999305378
-0.015823329286445774
-0.0063274093898295245
-0.007144834196355726
0.018031599325232222
-0.015555761602845244
-0.017835403265886268
-0.011093607640906876
0.0418120306671396
-0.014104790389597445
-0.02720587649072071
0.030479420985109754
0.015613348001764988
0.03450653007830018
0.24866148148594164
0.020634066451281265
-0.014384956472600222
0.06434132102961868
-0.004472421476703736
-0.012632815972137832
-0.011691371702441066
-0.06227576312688523
-0.017905037307619706
-0.02267690238384317
-0.06245006548073838
-0.016514588196341544
-0.002314240406868352
0.032244004074609575
-0.034437194337080104
0.007688023813301652
-0.04967588497470944
0.0034072888150479853
0.006881390879576328
-0.039749785230787274
-0.0584953684966909
-0.004853566551256898
0.037540914722923015
-0.0021281773531101385
0.008089719314294398
0.037586652996810264
0.012646619037363874
0.013573097173189205
-0.018047712041514244
-6.548290548108737E-4
-0.029830618078745253
-0.03806924643226243
-0.026284941908494598
-0.016935142103243706
0.005738082747512925
-0.04803359963686747
-0.017349698052597787
0.04158936587555147
-0.0076956180659354095
0.017569354673767468
0.04942288863821828
-0.05169544988437443
0.015485531018958295
0.03534316057815495
-0.0038627514812090754
-0.030490461988777754
-0.010763191015771492
-0.01686658564671124
-0.010875529205265536
-0.0237848258080229
-0.005816146113702412
-0.03706749473272083
-5.587682594086225E-4
-0.04447850652298611
-0.01885953676395202
0.037585537031385084
-0.015077956458117617
-0.04900399455404054
0.014654311387886053
-0.025404061141460176
0.0
0.00983189569312451
0.002341791833893045
0.2413083051483967
0.0025904976641268375
0.0
0.06467348995617311
0.09456113777717207
-0.008186950700243133
-0.011873656175115137
-0.029128804311900684
0.03251079854232159
-0.0053142592789531574
-0.007632665668326217
0.03159107272989435
-0.02622577674182836
0.0
-0.036673694597826434
-0.01898248915686111
-0.004853374816069372
0.011165360174056182
0.008385335407149341
-0.02849369207609766
-0.07193325979050888
-0.020811124131521114
0.004776994140682521
0.05061328369134126
-0.05495467687133208
-0.007021311642566578
0.0
0.015261577705914874
-0.008945877872753775
0.02441119418328562
-0.011738308059727011
-0.03282970060290897
0.010907765704507522
0.013873653071537059
-0.029789700030547952
0.04719529814489576
-0.006749636999109514
-0.024301186061062845
0.009615035768441662
0.0
-0.07110354353282669
0.03762790927776766
0.0017042938669130248
-0.0536856474370616
-0.00531015974414922
-0.0029850022736767476
-0.040878971228288465
0.02090453321162275
0.029957048703884895
0.0
0.008377963432035321
-0.024038658456451492
-0.008564008905175502
-0.007743668107043952
-0.020727557465307106
0.04526233849674824
-0.005860504200251727
-0.044424637979677856
0.0
-0.014370576611663223
-0.013893997006362733
0.030133064684382385
-0.002693887269233912
0.007879293413746248
0.15874202605383
0.0
-0.02485469240824925
0.052484203317969325
0.0
0.0
-0.011090710293412524
-0.0019356908979507662
0.0
0.0
0.028756152555429338
0.03058028501309039
0.0
0.0
-0.02455357142857143
0.031867803510949574
0.0
0.0
0.010295058712940832
-0.07133798771281184
0.0
0.0
0.00852173446816689
-0.022682457210366998
-0.004048460989097955
0.0
0.13834871573844817
-0.07160189786225937
0.0
0.0
-0.022804739907792387
-0.07660318615429651
0.0
0.0
-0.008085968376458398
-0.01104633124697154
0.0
0.0
-0.00592837180141319
0.0
0.0
-0.0045170767514176886
0.04070213523540595
-0.03283506066833245
-0.02455357142857143
0.0
-0.0620973559846244
0.032275116048101724
-0.02455357142857143
-0.011412074262801448
0.03856013667350712
0.02441119418328562
0.0
0.0
-0.05352283778521453
-0.03846202336986129
0.0
0.0
-0.041783403397452554
0.018755040263051474
0.0
0.0
-9.477522814892343E-5
0.19484824087430197
0.0
0.0
0.0
-0.011412074262801448
0.0
0.0
0.0
0.015914534601740297
0.0
0.0
0.0
-0.005488921458528466
0.0
0.0
0.0
0.0
0.0
0.0
0.0
0.0
0.0
0.0
0.0
-0.06202018541187335
0.0
0.0
0.0
-0.06308017147817904
0.0
0.0
0.0
-0.004048460989097955
0.0
0.0
0.0
-0.0045170767514176886
0.0
0.0
0.0
0.1660236001318309
0.0
0.0
0.0
-0.05510163325444983
0.0
0.0
0.0
-0.02455357142857143
0.0
0.0
0.0
0.0
0.0
0.0
0.0
-0.10955044254913715
0.0
0.0
0.0
0.18238797427905665
0.0
0.0
0.0
-0.02455357142857143
0.0
0.0
0.0
0.0
0.0
0.0
0.0
0.0
0.0
0.0
-0.015929151014219135
0.0
0.0
0.0
0.0
0.0
0.0
0.0
0.0
0.0
0.0
0.0
0.0
0.0
0.0
0.0
0.010367506772560634
0.0
0.0
0.0
0.0
0.0
0.0
0.0
0.0
0.0
0.0
0.0
0.0
0.0
0.0
0.0
0.05871724808789925
0.0
0.0
0.0
0.0
0.0
0.0
0.0
0.0
0.0
0.0
0.0
0.0
0.0
0.0
0.0
-0.053155603846240816
0.0
0.0
0.0
0.0
0.0
0.0
0.0
0.0
0.0
0.0
0.0
0.0
0.0
0.0
0.0
0.0
0.0
0.0
0.0
0.0
0.0
0.0
0.0
0.0
0.0
0.0
0.0
0.0
0.0
0.0
0.0
0.0
0.0
0.0
0.0
0.0
0.0
0.0
0.0
0.0
0.0
0.0
0.0
0.0
0.0
0.0
-0.20561649132470355
0.020422014025001753
0.11422678291930649
0.07096769438039521
0.0
0.0
0.0
0.0
0.0
0.0
0.0
0.0
0.0
0.0
0.0
0.0
0.0
0.0
0.0
0.0
0.0
0.0
0.0
0.0
0.0
0.0
0.0
0.0
0.0
0.0
0.0
0.0
0.0
0.0
0.0
0.0
0.0
0.0
0.0
0.0
0.0
0.0
0.0
0.0
0.0
0.0
0.0
0.0
0.0
0.0
0.0
0.0
0.0
0.0
0.0
0.0
-0.07769204984310102
-0.02455357142857143
-0.06330552734442069
-0.04006534270861044
0.10566931258444345
-0.1215564054597647
0.05875606393753108
-0.022446957037208067
-0.07598019941264988
0.13668139346145072
-0.003015138806288299
0.05654072767679398
0.05535979880913406
0.011203932085509426
-0.1245194992145564
0.12892346270030813
0.0
0.0
0.0
0.0
0.0
0.0
0.0
0.0
0.0
0.0
0.0
0.0
0.0
0.0
0.0
0.0
-0.02455357142857143
-0.003548805139538226
-0.03269715264772172
-0.016892520627269633
0.0
-0.02455357142857143
0.0
0.0
-0.00985063851512158
-0.015248698773573419
0.002170710659291508
-0.040376900715017205
-0.02455357142857143
0.0
0.0
-0.015511771280039003
0.08806248165597985
-0.003056026598445753
-0.012177953115794697
0.032840810642704076
-0.013027256735451473
-0.03915538869014493
-0.05118769701748876
-0.01818606301667956
-0.0098117625489188
0.08670269670013873
0.02736138228780511
-0.045496252501493986
-0.011336013557786774
-0.031558918078888346
-0.02248073704565883
0.04292871164512589
0.0750446307663849
-0.0873025056788928
-0.004873493057141232
-0.058848831443000654
-0.015598626281071748
-0.06382878102604325
0.05458957856750529
0.16151922220106055
-0.03683307498075373
0.05750352865434127
-0.02074832098789612
-0.002937271491979726
0.03709122436432281
0.02397491712222712
-0.008806545622303995
0.004281131812548085
0.04202148640886628
2.981538581367562E-4
-0.011513412886440403
0.02455357142857143
0.0037900059679035346
0.013782927919405288
-0.007391557491531952
0.0010225556897325557
-0.04137771111214221
-0.03480045634726079
-0.010299755279343539
-0.038041576475809885
0.08155909118391233
0.020105240422737924
-0.0037191093712213297
0.030978240464879202
0.13040265458893568
0.01205536067093483
-0.009960881682489653
0.0480778938252787
-0.03018144248319555
-0.05398895660081126
0.014596398357252387
-0.024035182831985625
0.01854789612894287
-0.015634250308167397
-0.046179322449232764
-0.01799633507864077
-0.006059075744836011
-0.04498698615933607
0.011767634037257535
0.02093145786791976
0.04538044620736889
-0.0335665012680053
-0.022101654789206573
-0.01454816719877669
-0.034385831170337014
-0.0019364734011874003
-0.038944686329795586
-0.038487822324034325
-0.0033454892846732504
0.006357634105409196
0.004071822117884493
-0.011073642880135858
-0.0028964046918729886
0.057814245787449016
-0.030548523869206284
0.11998639764774377
0.014168444713951761
-0.0575119961083723
-0.057171408465607934
0.0026417727030921857
-0.04532145691067883
0.008289979786048944
0.12617313039489989
0.005015416963375759
-0.053952651869436936
0.05702722493670623
-0.01679307986095382
0.012202523473541482
-0.07225377892486456
-0.04310719054151744
0.0043322975685269605
-0.015823329286445774
0.09161209271106485
0.011974904046043022
-0.020826266195230952
0.0
-5.066988663160361E-4
0.0015897698781661244
-0.024565513411425093
0.0360036818656517
-0.025779348003704204
-0.02935147721256976
0.018896643349289165
0.0012277898278006444
0.045813625657569364
0.0508840911351769
-2.6645367923623306E-4
-0.03375495047099585
0.2123427391416795
0.03907326753722719
-0.04185200510521079
0.0719996366476253
0.012710556984316205
-0.03389475053486985
-0.03320138859748168
-0.012662650511364441
-0.042954569924815604
-0.01691257532235358
-0.016059776038855028
-0.034133289846510914
0.0012025231923600182
-0.04646180922944125
-0.015090345689390966
0.09652113105606641
-0.011876246472416072
-0.016985488818161202
-0.030511687284038747
-0.05102200685591142
-0.03341572736343911
0.024063972394416815
0.02640580706408554
-0.06309973243284685
-0.0010104320262028614
0.016021085948099704
0.0622486750890348
0.0
-0.029983825539568895
-0.004449640957140195
-0.005678604451744781
0.01860816462146136
0.013575488986578545
-0.028367866922708308
-0.056077967757627904
0.006340752664886148
-0.031342584847763234
-0.008370956777909158
0.08740995430485557
-0.029297281157804896
-0.03599872825816192
-0.006695848637603242
0.014225585755486488
-0.01153494570273424
-0.03573304390751785
0.011851955883986014
-0.01833965881413005
0.026581082180227388
-0.01313242103598316
-0.013209584338815526
-0.009053628329205508
0.0
-0.003796179934072736
0.005408205634321089
-0.0035706552086381994
0.02256278973016227
0.004318185986724013
-0.0038576669852457774
9.032741171055743E-5
-0.015265892355846807
0.039029046528667705
0.006510464313681438
-0.02924142869605454
0.0750414936119273
0.06060554761740993
0.0786369670404756
0.019997358796048494
0.04166968716592481
-0.003160829297317323
0.022888802110495633
-0.025596675847867605
-0.01362096950776855
-0.05979298261907314
-0.031113139776615846
-0.02010555523191794
-0.026483610848476037
0.01374006231069444
-0.008862884914351258
-0.030394488145513036
0.05283569320576987
0.02488233900269715
-0.047152664711843276
0.011641108487418509
-0.04521471793923127
-0.028797573429421398
0.00451075295862738
0.01152335372418492
-3.0062537432016395E-5
0.0030575165174076477
0.027070298201921632
0.040239419572846366
0.0066764832706456
-0.01840946007570337
-0.017469928554291105
-0.008599810608065252
-0.03801767513379419
0.003985494999743676
-0.05603379964373674
-0.002006703849699573
-0.02159053572876375
0.029773869741417908
-0.06155597719597743
0.08394330213225558
-0.06360619967479894
0.049472957443793354
0.036989606748370145
-0.006646761404801091
-0.019310990569985635
-0.05672194820680769
-0.0075612106454201085
0.018471775097230865
-0.015122744150095022
0.0014227579308090693
0.003626895026817293
-0.0550885241122568
0.02455357142857143
-0.014779185398865406
-0.03566717519249928
0.0032430888435628497
0.014654241758887835
-0.02465810416403218
-0.030135088137735355
-0.005600060622611886
-0.007956784726940933
0.022486490149270694
0.07156441626323207
-0.054901640225729395
0.17760260528290908
0.002869886212768513
0.010374624448439576
0.0014855352787020316
0.0761660936107497
0.0044426365889224245
0.009019596631692287
0.007742958166373902
-0.0421277936752757
-0.021078989568943374
0.027073961059086684
-0.020266955501951782
-0.0111847766666809
-0.0032440965218104964
0.0012644734248052425
-0.006027844238858257
0.007425472262364728
-0.011963432595479946
0.032917952398903515
-0.0028471755819194262
-0.03507106260569036
-0.025638463733081658
-0.019538097455945203
-0.00867016165846856
-0.015976874471858277
-0.03073439339452119
0.02899001077307024
0.06300314177905189
0.01185430969453476
-0.001186966221483756
-0.025586889078575606
-0.03820138149033735
0.0023722468292850327
-0.003169522450322565
-0.03739552601086863
0.004853355237623137
0.003791080401663731
0.01908403109977007
0.008430776085662532
0.00479842811455981
-0.02950155826405181
0.034362237808263627
-0.014720174853130742
0.02755580677123752
-0.03931082741285495
0.016185446112889107
-0.04057365482636001
-0.023607128260694575
9.204340994084757E-4
0.0
0.005623991592235221
-0.03416337699328688
-0.010365470421494272
-0.014648797485492764
0.009925619428831802
0.03886653119627572
0.0035270390095548387
0.007759962852562368
-0.05337931641759065
-0.046395120576155545
0.016590310259107
0.06190263412558918
0.0049780807798906895
0.02158679906835718
0.0888303652309527
-0.002708996045161824
-5.811330792054679E-4
-0.013555690181975506
0.004582750473308795
0.002144714026751777
0.011093323497788077
0.006272185597244493
-0.007989180693074655
0.004747543994322194
0.029887598381138615
-0.03740356310478603
-0.02790324132955592
0.02940440663903613
0.0042330510766318274
0.005173117523575153
-0.0042899342540143005
-0.01429229412728951
-0.005131967605726007
-0.0031461805954854693
0.005809848798619054
0.01603800387297247
0.028522982593174918
1.511514017522031E-4
-0.03687424317765817
0.008078682998272435
0.02118244204313541
0.011616484895226487
0.0018601458821065446
0.010095053570774969
-0.05176841968274356
-0.01759824199552045
-0.02480757929414191
0.01041813276024728
5.701660813851161E-4
-0.0015251468180094109
-0.01915433432626153
7.548244325488139E-4
-0.04084236771532814
-0.006763973268242303
0.03481599711245716
0.016905472037399838
-0.021175065089426882
0.0262825459607284
0.0018839195634807503
-0.008572887971348222
-0.00431727588670454
-0.008991787554961288
-1.6903271288003924E-4
0.024245201091606952
0.006054294282467492
-0.0018408933244519095
0.045198415445561496
-0.029456679668120447
-0.01526695730214716
0.01642522225406521
-0.03161957498403727
-0.038213323239668744
-0.04075808936213761
0.012360448080438222
0.020361409599835126
0.0021127267101989297
0.051504168812319465
-0.005683165656208713
0.05161478855570125
0.010400386758444652
-0.014344493980388876
0.019771122044743794
0.001835028856603329
0.009088053228633968
0.00439601184423854
-0.010535587175370835
-0.0020371182185805383
-0.005706906343661407
0.0024146277736631317
0.004874380961597088
-0.0216500133115211
-0.01139575912707447
0.03163213669655768
0.030145107794610673
-0.013944804972866053
-4.0786439905301716E-4
-0.007384028888365433
-0.008350921959894168
0.005623677911465237
-0.025879942725652902
-0.022752888290481478
0.029163133341504933
0.0029766787481171515
0.010768572797469421
-0.009854252936889046
0.018795646670048634
-0.003625380545809416
0.019219813124171682
-0.011314263211030275
-0.022768026509564818
-0.02680452514588951
0.034299006582201266
-0.03664690589311098
-0.018381857491400703
0.012248132592636123
-0.0036477147262595697
-0.01707066519838529
0.012815890420157568
-0.0029606245228031604
-0.003298604920979189
-0.04261234060349818
0.017516143917345108
0.041250717438739336
0.021665279324601924
-0.005066612493676856
-0.007766308675211919
-0.012630124439846645
0.016580583074520396
-0.008258968764177733
-0.006283915165231501
0.031001599803550644
-0.03577606839284679
0.030470328322219655
0.01724833762090714
-0.012291073230776817
0.005138440211198395
0.03972832620297055
-0.062363788490509456
-0.009603055606774788
-0.00520155722394511
0.038018157521475054
-0.013253807669837806
0.0027854496669728786
0.050967922886650446
0.0020682009922935746
0.020880380195914483
-0.013044392058745215
0.006269233818975431
-0.03403720021751329
-0.007888871918172752
-0.030977559209332397
-0.019123410102993503
0.03068266173207721
-0.013023083421013654
-0.011781740779852612
-0.0051864755832077905
0.009026725552596551
0.03720846258065567
0.009659726614210901
-0.01871706000675722
-0.03186046210781373
-0.005638150501554359
0.0
-0.013201415393132208
0.019790991652896755
0.021805255541102374
-0.033352045123275505
-0.0038045536730447853
0.05284612077512901
0.006458259480616877
-0.006808052375502304
0.024642931679866337
-0.007601623422692903
-0.024651910493810804
-0.0067015349874059976
0.026061041208194944
-0.01465270488122976
-0.015280058447998755
0.010773223865060784
-0.026180640205731413
0.0037322156067596084
0.03198657046835419
-0.019861785433135923
0.04431851463685295
-0.039831547222919025
-0.05559113390355339
0.029926549548100874
-0.012361453713743243
0.013565983743775545
0.014159520562441717
-0.008991782617839974
-0.0063274093898295245
0.02093937017584358
0.02263638545172987
-0.012960570139989901
-0.013634923054702281
-0.0046492451250139885
-0.002116006379499538
0.07366959307254141
-0.019314481122755477
-0.017987282792951528
-0.019339092181707603
0.042997821037410726
0.0
-0.03517692288849977
-0.00982902642587187
-0.005588055577257705
0.059260686971649525
0.006178204842702428
-0.029832502375182215
0.016378105259088914
0.0017147483263532538
-0.006405491308034604
-0.03179999687126575
0.012985144032040784
0.0367085303291177
0.005159708568113161
0.004033592117044623
-0.023303274316184244
0.02616461319935837
0.0038272984069827373
-0.015945572413666648
-0.02927807752634879
-0.03288868692214379
0.02181787666439592
-0.007486514873082946
-0.02819041970375965
0.010048178805338034
-0.0016810198054593058
-0.010393459558346325
-0.013136937524403314
-0.01960124369209429
0.024495468877275828
0.03216773296355671
0.006724989563046034
-0.01423728418435349
-0.022341799740029318
0.011574278181709032
0.014483009049471356
-0.027170655582935882
-0.019741618642014996
0.01631951000777848
0.03266883395523159
-0.023653477493238463
0.0038146717707960203
0.01757592947182621
0.027972828741951894
-0.03168418578577381
-0.029374535242398553
-0.012096951773404356
-0.008339377224081068
0.004730775542567425
0.0025404969796553496
0.015258463969903619
0.03180484093803031
0.010022156563310576
-1.644469932282375E-5
-0.013273481821025734
0.010362772339953284
0.001574411219288082
0.0076003126357763635
0.02578483213685325
-0.05514539300673827
0.03089012333744007
-0.017343821179321605
-0.027332594377302625
0.03067333844259884
0.007225216732191526
0.0017929058816026303
-0.006861582610221968
-0.013778186571864965
0.015006074402040166
-5.080926277307267E-4
0.013415931932120082
-0.018690412676549115
-0.015318071622106386
0.024415901098691104
0.006099470265958352
-0.006959281576782543
-0.03644588561451603
0.013168591158143879
-0.01525068680230706
0.004254992197166799
0.03920863091089532
0.0016859421911404587
-0.01643318025500462
0.006757899003482982
-0.005791126449427185
-0.010518191930475072
0.004852217018819778
0.0011409622188233819
-0.00651303859894137
-0.04483691162090133
0.04548573194499311
0.009192691567928058
-0.016912255686596857
-0.008446522143406281
0.02555901182134002
9.670711877304795E-4
0.009118101692436209
-0.03179866265025687
-0.03553277417991085
0.03088897738058262
0.02282671605948869
-0.032094625256550505
0.006449164469778244
0.01913196891597326
4.894437580857738E-4
-0.006067496707532889
0.010835347358015111
-0.02232047338489916
-0.023354874317748513
0.04846093038281503
-0.03305169407579938
0.004717416940627226
-0.009770807791818263
0.024552317481380495
8.919248140066144E-4
-0.00991775803818936
0.009496517169131483
0.02085650815250579
-0.006469704031873441
0.0
0.0172375100886004
0.016545479753585758
-0.04422743525316445
-0.0037366530608103077
0.043474058153072107
-0.03496372045948819
0.018638426751473335
-0.02312317731733323
0.018272837511039322
-0.03676456749771619
0.0020115028067424117
0.019711813069222366
0.03515896091435143
0.0197066487639313
-0.024098821880249553
0.010771393383199972
-0.005901376378236901
-0.010776228309906476
0.0021093155638779986
-0.007696112537985137
0.03653968910830798
-0.026181348897321648
-0.03370307164295778
0.041592340820816094
0.02455357142857143
0.02705147898319967
-0.03255820085996102
-0.01746433109356255
-0.0019506393908805333
0.017785631367495395
-0.007418781519397831
-0.012520366831578611
-0.02500173564810454
0.015365296010320635
0.01081715536282785
-0.011123743201201316
-0.0031370015382206247
0.015365327821555762
0.009335867423494161
-0.0033710793910271524
-0.004347670776039981
-0.0610350427466031
0.0451726924723103
-0.00361369540423118
-0.021847466186161374
0.025152772213198657
-0.02504968736490784
-0.01149457612791871
0.026179813049093913
-0.003266137557048767
-0.013368761098276154
0.00867436454429546
-0.01834345103219058
-0.035273998622880325
0.04199292033803164
0.007519587011746192
0.007750059034365885
2.9038484797572813E-4
0.020863622832771045
-0.04208776370692138
0.02455357142857143
-0.006999604806376672
0.006122397985817658
0.03315239771454016
-0.03524311407892598
-0.008562623414604537
-0.024777399986926896
0.026258167005005332
0.0032521878620858707
-0.0143262483293955
0.013909688318917385
-0.05189815466577421
-0.013380642758343235
0.0012879512854456418
-0.010784393170850594
0.0703180160588468
0.04938379235487375
0.04006394067845656
-0.03879006403981074
-0.014743242227638616
0.03338939391211588
0.06488884538604595
-0.0036410179124697407
-0.03899177384744341
-0.002801981422411764
-0.02160146238733776
0.023823525041528407
-0.04986497401051646
0.015054492786925451
-0.014500311098355709
0.03507868606508662
-0.01572401961541355
-0.02672677619174087
-0.040545874246953086
0.038619618661857806
-0.011313381279337321
-0.044715168274599884
-0.003561744232048386
0.006158809088204001
0.034878410147205136
-8.868905935542609E-4
0.019607823698756063
-0.028967909020566528
-0.014972714243132478
-0.012168069281177238
0.022787006213670538
-0.04423804040459407
0.04973177928221512
0.024235558104844623
-0.02026995767619693
0.012034507949895088
0.002311316021439854
0.013846934156912297
-0.05363328145072733
-6.426402784890373E-4
-0.01998728045573766
-0.04462458045143789
-0.0113299076884997
0.04344762183123984
0.04404227074618314
-0.005741789549196744
0.022681769949175673
-0.015609619737942686
-0.007487666886275293
0.0
-0.016803512394205546
0.0021345959100967545
0.02924423341266289
0.01715482115789948
-0.02788593391253609
0.014692370637122212
-0.036366485512467656
0.027675902361639006
0.012279798881726676
-0.017701225250501808
4.392452814058496E-4
0.01437325103179874
-0.035183856778485484
-0.015174795450111543
0.04313762705092996
0.031950567568679616
-0.005861946090022082
0.010247982666513852
0.01055597012280611
-0.006377630599738317
-0.004950731397631826
-0.013451875821096616
-0.012775165820432258
0.009153459128739615
-1.250675353366218E-4
-0.007858752851229526
0.012829019739865433
-0.003294449911557534
0.0166704005103068
-0.0028343378001912892
-0.005042686871431175
0.045295120286576056
-0.004194883122744444
-0.0031856724292675725
-0.01823858378223627
-0.013087996852159611
-0.008055431940677336
0.003109887894701618
-0.002158573311130527
0.022124024133921324
0.0022431674436092994
0.004079246573125441
-0.011878916616288631
-0.03235757631299275
-0.02291829869500521
0.008752206651029975
-0.013943461311475612
0.0025946036441687834
-0.02155397566494672
0.00483074068130139
-0.006508918766288365
0.03194210906941532
-0.00645679604448157
0.02038830972307963
-0.04691737024336808
0.002514350886113877
-0.016936021812119326
0.01877443325649667
0.016249250271208715
0.0
-0.01608445168970028
0.005754256224304259
-0.010025976760663944
0.0
0.007998272761497695
-0.0010864939435245632
0.004606106170377079
-0.03160647547931439
0.017540922381578544
-0.01175803028544136
0.02160819166918221
-0.02091748518084087
0.016584344347537736
-0.0317775006720475
-0.003833128022211047
0.03623725754563287
-0.012155010139785852
-4.667278058141317E-4
0.04604220023142335
