0.01306054730220637
1.581922602738369E-4
-0.005004881498261379
-0.008213858064218864
-0.006177035855322362
-0.005205314753154329
-0.013053475674879036
0.024435826283355784
-0.010530321349725556
-0.01347483183278166
-0.01793474928190731
0.041939902464414654
0.028261933119089522
-0.029707025588203206
-0.035775322579291606
0.037220415048405134
4.2486555019428246E-4
-0.026348301864040254
-0.021534419031899996
0.04745785534574589
0.01533298931020479
-0.015573632795442032
-0.023387611762051688
0.023628255247288718
-0.019393722730890406
-0.012772860057099957
-0.007504851684749597
0.03967143447273986
-0.006511230258900366
-0.012307757474936482
-0.0168269372814035
0.035645925015240366
0.0393657372941049
-0.04014348647166813
-0.01115010559039216
0.011927854767955458
0.061483360520167125
-0.0588923442191841
-0.004790440941009978
0.0021994246400269995
0.10701876513557747
-0.11291738267306395
-0.07134390499982743
0.07724252253731402
0.08430744922925885
-0.11965066660459153
-0.08258959001204254
0.11793280738737524
0.09845124194842256
-0.12099206921416357
-0.11229437508461548
0.1348352023503565
0.003917073070371108
-0.13947617601061527
0.07872978669402511
0.05682931624621944
-0.024385297869235725
0.00765078535009573
0.061247413818116214
-0.044512901298976074
-0.20910582169424452
0.014122757659154606
0.11822328457889933
0.07675977945619042
0.014548589687749917
0.019156490085670413
-0.1309603352728063
0.09725525549938592
0.12892833048455984
-0.0966903935561824
-0.10021301509165463
0.06797507816327733
0.07866273617978739
-0.06986522384407941
-0.08392502768110677
0.07512751534539878
0.032417527791436
-0.0755811883730519
-0.0642227893140984
0.10738644989571432
0.010501474926327675
-0.041850265916904474
-0.031099352762357403
0.06244814375293438
0.03748659779698307
-0.052570954129399675
-0.007891024977353896
0.022975381309770587
0.02933262686751153
-0.04095070930900277
-0.013536032836882924
0.025154115278374183
0.04120966609955025
-0.023805751402514067
-0.01882727867624452
0.0014233639792084005
0.02090943557207311
-0.025640230153181627
0.003175233209287358
0.0015555613718210032
0.04512311562711248
-0.03325083849963373
-0.026275236061323405
0.014402958933844752
0.051128138353216376
-0.052297685673142205
-0.006257617476216587
0.007427164796142112
0.046309268930444375
-0.055532687358843244
-0.02638431744607566
0.0356077358744746
0.0583186961207319
-0.05711524027053334
0.02402751126542281
-0.02523096711562136
0.057236174163961345
-0.06998835462731504
0.018511324671564564
-0.00575914420821088
0.03296313829748797
-0.06734774127234372
0.030396886565140925
-0.0072946006506998985
-0.016856815513022913
0.0022373491193201315
0.029778283168839573
-0.004872640786851517
0.028991764425664646
0.04038961691051769
-0.02156958380866307
-0.0029169256100659876
0.0035242986193189524
0.006220387469253229
-0.05342555883498322
0.012842689203293612
-0.009341460836036649
0.016287722415117542
-0.013872492005545398
0.03125
0.012083680858138532
0.026164796337884565
0.0031457746701365665
-0.007063093294129404
-0.023255633171958834
-0.05880873501545168
0.031713152305208825
-0.029336759704370944
-0.005237583976309579
0.007598813390647845
0.005681007033135045
0.013149003253807426
0.009684561052816579
-0.027495292563500612
-0.01742182139940518
0.04948923111843468
-0.020071933556220327
-0.020163629788598814
-0.008830652347107146
-0.0065625128815552675
-0.03710496628039865
0.0034469990076228876
0.020560942118766287
0.04762571255086294
-1.1348403283498176E-5
0.009448416462059711
0.031048047196598115
-0.03864663378535302
-0.010831606676080833
0.02203754745651898
-0.006500346229200401
-0.03818076112802639
0.04477141566834259
0.0063222481765766066
-0.05461910176355189
0.009331517178644451
-0.02029762511503952
0.0011830071101755265
-0.008226347549725867
0.014551906151976685
4.59793256855866E-4
0.019003662951418476
0.014207061598449467
-0.0014262291515526621
-0.0016320839253191194
-0.011866330625542276
0.019394860917121833
0.016578185471926635
-0.004819505486751475
0.015862300345474513
-0.03985434167089221
-0.027706217152038637
-3.8002359688243253E-4
-0.018875404552226246
0.02001736815621729
-0.008159713076118635
-0.016727968101698278
0.02056417086749531
-0.006700129567634898
0.03812779614154625
0.008831155903320492
0.019138602397145987
-0.013548392689515189
0.0055049818462865885
0.015374511729751454
-0.02451087506913877
-4.960493167593186E-4
0.02419317650132912
0.01790102566704116
-0.01349300271955416
-0.017707624370443705
-0.017226094848726205
-0.016654530807666445
-0.022320826034773478
0.02972683310451351
8.179395403469904E-5
0.014056800710495069
-0.013192343296643788
-0.04786890375502231
-0.004662013800561327
-0.01672623186139184
0.017280803049565592
0.007601099475734098
-0.02194478265104341
-5.055336142142652E-4
0.006973926300593701
0.016773590811548694
-7.638204323419384E-4
0.023808849247209933
0.002031854398733857
-0.010687406045347611
0.014770635787806512
0.006053978034593968
0.016623539629613306
-0.04178306208965949
0.017840703922033956
0.010102717758841612
-0.024027771092899726
0.047584348199317374
0.008611985408119992
0.001323581647214831
-0.006909800274711485
-5.398432373318472E-4
0.0036366188580279
-0.01174481018545512
0.007014131088664513
0.002312329498862363
-0.011662820881876397
0.030080860347725946
0.012821159539519605
0.024727540135860277
-0.04031970930001541
-0.012272493927884426
0.006786187164416257
-0.017262507996259002
0.03345228286430041
-0.07587265837874665
0.01460081253595515
-0.004414981592955378
-0.018118670181328282
-0.006920061834814683
0.004819639448543834
0.01110069498924619
0.02626158483671051
-0.015229539768449964
0.021439178625272434
-0.03143356650797487
0.029155419791602136
-0.008495294746168721
-0.03111683947946444
0.01582515527766538
0.008391436180969394
3.0087931617077054E-4
0.03250962532118488
0.0015323397486785295
-0.019507787698634226
0.02181635015204037
0.0014873103908675002
-0.03402146533016657
-0.00612803310637426
-0.0030020608035608853
-0.0020597205022019893
-0.022703126546738756
0.04610395795566091
0.014706088559868463
-0.03027660913320951
0.020867697059528442
-0.037601457732085584
0.0067979511778462065
-0.036410641767376184
0.02585600801474469
0.02230017393477567
0.009303303375605892
-3.945224565897985E-6
0.006169601766870194
-0.03798196941706904
-0.00890739340533507
-0.02357846267558409
0.014039357523547541
-0.002871961290238291
0.014283883636489407
-7.353964358716037E-4
-0.025494146339361826
0.019234989458864232
0.02016098094417938
-3.9243811418851124E-4
-0.017806744992156728
0.0126898291525592
0.013674070905228257
0.003761838442662268
0.011483725757572002
0.012397769896048528
-0.033948730417809825
0.030381382921611976
-0.016196331439964212
0.022705545306542084
0.01680822212087451
-0.023484828760698337
7.800633490672674E-4
0.014518698277762525
-0.02055187338254368
-0.02716951714150831
0.0022261044997633293
0.030125490628982836
-0.012396205972663638
0.05397482405505358
-0.0016537517603642127
-0.007857159165016385
0.04209852292839922
0.03575518844737205
-0.033197258057449844
-0.036434269796016695
-0.004690948965536337
-0.013815208788731697
-0.025736381795167695
-0.011100118334693583
-0.011654040889472125
0.024721449828501742
-0.006942689225938601
-0.012188521711518012
-0.013883281642095978
0.020284569110482445
-0.008838471472553025
0.025914434776214995
-0.03818346241333736
-0.015455688692238777
0.007991086191471031
-0.002964782026445213
-0.027634277290726234
0.0036228822255064755
0.020749060847540458
0.01356969219325465
0.03861507092792504
-0.028808899850500332
0.008320976811632984
-0.01296052671074661
0.03339564484101669
0.0011925613726094433
-0.026797221576233068
-0.010427439430020698
0.01186273375639921
-0.0039875104720571534
0.006807102310431665
0.023191337003286117
-0.006259803082677347
-0.012754011705243797
-0.002046874087852305
0.031125531933281186
0.025206494693207487
0.01760158312613156
0.00616463879763194
-0.05424015943344916
0.016548924099245174
-0.0776324084717328
0.04498233484593267
0.010650501735870708
0.007136798372345213
-0.021083879856221302
-0.055763597214305065
0.05153974255183241
0.005424871746947243
0.04187226288556545
0.010040354431191667
-0.010644116859016249
-0.01640425510782885
-0.0034742019816693843
-0.015208722978064332
4.917790720512134E-4
0.0
0.016907100871968173
-0.003552515620234948
-0.0068567547643669235
-0.035369623357399
0.026353286150847928
-0.01266727266407932
-9.319734743504747E-5
-0.04807435609658875
0.005316901327138093
-0.013750284200147487
0.010076571940430788
0.035341496488794255
-0.03507585999141597
-0.005963535038764247
-5.562331450263027E-4
0.011473914262631273
0.05342456233430208
-0.01243410303174412
-0.00435056949558447
-0.006600553361514792
-0.007832853773795629
0.04228673573013485
0.003762322754292299
-0.03071957663378611
-0.021397017291979018
0.02614851970835691
0.012312690180032893
0.012831615629425202
-0.012965988896978496
0.03195750970964928
-0.022054105559006318
-0.020355285971989087
-0.04323722445870931
0.018384484955098618
-0.004055691751131161
0.04653957460692789
0.01293241941378846
-0.020181912695214105
-0.015625
0.0077484090767488255
0.02160185077017147
-0.015232892596777545
-0.01629782118373009
-0.013922821267392717
-0.00384345080744875
0.00734555852240646
0.018113603589217372
0.025556068881788994
-0.042270766752663745
0.011086821297743849
0.023908214490179512
0.026115689495794302
-0.012304759618661542
-0.01813102342427427
0.01602628980750081
-0.0010317656504178468
-0.01460037176258831
0.04371005171335259
-0.017708942365726975
-0.017855259540395386
-0.004747305154559629
-0.01842609395832599
-0.0052973881901826145
-0.019577114484445685
0.025274155550678766
0.02134613229004486
0.012540694602411728
-0.004885047900072941
-0.03669721157618714
-0.012739025021349458
-0.011299367409069254
-0.011596589683384225
0.00832564688009078
0.05510728875884353
-0.004442348264654106
-0.0065276499882280965
0.03521271251562527
-0.03282621584693633
0.011346850662162681
0.019187160930680652
-0.03946558727001361
-0.007678458609166425
0.02340420902621673
-0.020716153437492096
0.045525714570223016
1.0039811155811845E-4
-0.007063923501291151
0.006841145815042499
-0.03767256985074094
-0.004933869182263077
-0.01959420845955108
0.016312194262897272
-0.013782824177322017
0.009583499890804363
0.006017940238847512
0.027439587057183086
-0.03881913916953228
-0.024002849856257412
0.03137744592584257
0.004683196529184572
5.445109292063618E-4
0.01892264500030339
-0.0074756552862631515
7.348921949282827E-4
0.048092848020664145
-0.03636178615669974
-0.027642282063995473
5.715153152275557E-4
0.020072355587526795
-0.021282118111576705
0.014122934809685734
-0.02620703117540235
0.0027340670506538454
0.010784487120539032
0.021333675483306433
0.032808972918237714
0.023099270777419065
-0.019000537578707115
-0.03171002142953583
0.010298898689178437
0.014214587816118566
-0.01734138948681342
-0.010103842713902886
-0.004546010784648608
-0.0286754773031236
0.0024533107714504922
0.01892117198255951
0.017267481053838327
-0.018373732887831597
0.009926311802918086
-0.018632716358047568
-0.008031581916649988
0.006926319748717508
-0.0059619619624297834
0.0020149068065309535
0.012208491060635162
-0.01920914534404726
0.03593998653235392
-0.02479377896151614
-0.010164646270590966
0.02506049762020965
0.0054474366922774384
0.037178397091337204
-0.032623694379416535
0.022084318608910615
-0.010889604169493913
-0.04795880121392784
-0.03255129081599526
-0.01752204062942438
7.546647252754807E-4
0.04181946676964553
0.004311076044899137
0.00709227692534506
0.039390463571069616
-0.014038877770043371
-0.013659931738508083
-0.03698788749502065
0.030468623579077418
-0.042771732371583326
0.045005364466729994
-0.023737643798304356
0.004729688561737458
1.9292829035021108E-4
-0.0010171161780173719
0.01159964252032495
-0.0035533559324566182
-0.006186568081835254
-0.006472278841107241
0.014583992500294624
-0.057601321309609654
-7.868961877910072E-4
0.0020946823298862126
-0.01065273375021559
-0.021481023630846703
0.030488385996336135
0.02443732165563397
-0.009645731781040756
-0.00443139775619493
0.07829583291937918
-0.02404529000526544
0.014798879401769608
-0.0034741303859972643
0.003929524997068197
0.02937435310177626
-0.014573559727811398
-0.012756850581673987
0.022059249624746275
0.0039973140283662036
-0.00531768528639661
0.002002819087458335
-0.02844363857774595
0.009438431918164746
0.020082838782070542
-0.010418306932909448
-0.01316517970252044
0.032506566640373345
-3.0792470157716984E-4
0.0013248296626259988
-0.013177284647816687
0.0047125300834820315
-0.007445364477410156
0.03367983027841992
-0.014265283986780827
0.008505679766874864
0.0065844619022785746
-0.018842386854193628
0.004139984492040668
0.04004803271335746
-0.04738904751756195
-0.029683117170014893
-0.012699263659034017
0.009500395007250861
-0.01917663982452501
-0.0074881117649298655
-0.00911154988165742
0.0035586323806954083
-0.01695023699073373
-0.018340432166512967
-0.019523564151598893
-0.014038728963396835
0.008384278926950903
-0.0011731678541046177
0.023715965302509197
0.006636188163224057
-0.017704260364199656
7.810800954344852E-4
0.05410321480419063
0.03561855429529187
-0.010572074127505193
0.013414992628999079
0.015625
-0.021445052680118117
0.02053283212254802
0.006322161832819378
-0.03508273113351537
-0.037344151194401626
0.006381196207053325
0.020650365110918965
0.00964758831539608
-0.025540094735507904
0.0037799614558657636
0.019209984072650545
0.014447392844745551
0.10562034549675886
-0.035323774805650646
-0.062138026390694726
0.04542168163723713
0.03556102880911066
-0.005911153151508731
-0.031693143388607695
-0.013214491520832
0.03734683342414111
-0.010854073011889754
-0.015818452846725027
-0.006896727424828394
-0.004527247272086026
-0.016016229080292176
5.497211456319366E-4
0.01725944567434035
0.03726390446271645
-5.254735000495454E-4
-0.010727091689159784
-0.00981087638767152
-0.047486284741338425
0.028097682353303437
0.035950606471528014
-0.03499833315690029
-0.008088003254312122
-0.010286133299217168
0.011329625551251013
0.015949220365330627
-0.04038897395589024
-0.007764104112997744
0.01308824637905274
-0.011747497957313602
0.012432060595384566
-0.05532641506811452
-0.03495642217474462
0.038970890284917174
0.012272688457500076
-0.021913913436458474
0.028766867129742947
-0.0030933904008983684
0.029538824411960027
-0.05494433856470357
0.022211085249221406
0.0058320583936011736
-0.009171362124851794
-0.01029204041469013
-0.0024685909523688015
0.030991893024110723
0.011727033113773303
0.01624406031394285
-0.006336364981144871
0.008947829612667078
-0.03333481471100296
0.0017685053106823532
0.014697470728126435
-0.024361668971631147
-0.035479358846983486
0.04914108286457924
-0.030473979136827374
-0.003298104815607706
0.0037320912706974275
0.020988934930000636
-0.0033254560941091624
0.021290594180792814
0.290115486867868
-0.029732405467857367
-0.10423702051006517
0.010897282778687735
-0.023760765582119665
0.015996878814921758
0.0010067422220253266
-0.06817445851469928
-0.019757478211530198
-0.03171602289786542
-0.030187733872289325
-0.032496670254059064
0.008947829612667078
-0.03228862698423335
0.014546711861393814
0.09232361065732234
-0.05167509268017074
0.01487447427715314
-0.0146544547898529
0.01846769100713986
-0.044241222310111225
0.007652468839753002
0.04956169899759699
-0.010931824451220163
-0.03213266573422609
0.044090398894850724
0.02233465895868777
0.013429408821477319
-0.043992506769448145
-0.01206982777137737
-0.04038189912132907
0.020776349611892793
0.1014028373948446
-0.06360246420358183
-0.05567692444278891
0.041194846986331614
-0.008572512442999038
-0.04816878398196443
0.07277810654852838
-0.04298027213479618
-0.01357746152465526
0.022126892314592358
0.02390147220492895
-0.04520262417794602
-0.01877559861114147
-0.03196337383686088
-0.026356021771271058
0.08868144073776912
-0.034300787900626906
-0.00642245803344464
-0.00963224614805908
0.0
-0.0026327530601792347
-0.03577142685060983
0.013562281867606335
0.011758459365203335
-0.027754604667520236
0.026317528277545826
0.033593702362497195
-0.02431270549431609
0.005014744848607408
0.04102608200438671
-0.032748664379651835
0.04450227244858798
0.2783431378239076
0.0051259485663401536
-0.03362025704721904
0.0556936143388862
-0.016656696433897666
-0.025704820080742537
-0.009977685221087036
-0.03254365169200346
-0.05448466858694663
-0.026667660356251722
-0.08845266238728014
-0.014595654560287556
-0.029962945876847308
0.011773627414573473
0.010771449398265654
0.0779776898361674
-0.0316152689967599
0.018591906106444372
-0.015256196093700214
-0.05092769441139344
-0.06688409376740324
-0.007376403006094065
0.04109672282524427
-0.02712708922964647
0.06137295496119602
0.03583852835111151
0.04085729287796761
-0.0011599465545181194
0.012202916960404634
-0.037530753940191924
-0.02599635207712442
-0.05900390667860057
0.014750464973013355
-0.05282155999335313
1.0512952939420277E-4
-0.05525624464698621
-0.0110915667026898
0.05250281577667496
-0.017559585969075354
0.03696713348421371
0.022504054972759313
-0.001652911563672959
0.02178846800751931
0.007002488237218933
-0.0013918858411441169
-0.05858837428023572
-0.010131240278413577
-0.018471090705050416
-0.022302170387332922
-0.02335276192084074
-0.00315059861114147
0.0
-0.02815816586123017
-0.028881347268722712
-0.02031320042023111
0.042056966962099096
-0.02345708258291891
-0.03843002026130578
-0.00646628532750272
-0.016586485239130727
-0.0047177427056877275
0.05618171724210326
0.004010625709768595
0.1908090732093881
0.0058515162144698735
0.0
0.0703694923283714
0.16295515486998685
-0.007572789133649808
-0.0198788970635022
-0.011383527048039313
-0.01362125399621802
-0.017544606238666084
-0.012575146087962112
0.009324173947251116
-0.031126343843289453
0.0
-0.015625
-0.033075660056497855
-0.0017896646629955854
0.010417058506279567
-0.011322763664675528
-0.031540030629498984
-0.0903447869773259
-0.01161321349833332
-0.024938021400017295
0.053671818021702754
-0.026580337702236487
0.014678143000212656
-0.015625
-0.003472245757331748
-0.0023346460280301426
-0.010325117624763586
0.0084812140962232
-0.016081592346190943
0.037278855399394226
0.05355663333089012
-0.00941389941467451
0.041956155141457965
-0.08016363029358381
-0.02251021502453925
0.05722602679212332
-7.857980477530041E-4
-0.06484207754995001
0.025428505109781396
-0.016858570222439098
-0.036376559560389696
-0.004466562156248554
-0.015625
-0.04123364557246887
0.034138276112086884
-0.00261922865633546
0.0
0.01095744683644377
-0.04661350326842989
0.011786398968711606
-0.0414190592022921
-0.025773430098125962
0.012580046884932368
0.026448658851734762
-0.03426520477330303
-0.011231480728108615
0.030821309180224844
-0.006670140926316938
0.05486042240428474
-0.011665009483431382
0.005197431792129108
0.14291892094892208
0.0
2.6298911575511896E-4
0.06956221893588445
0.0
0.0
-0.007931501385550174
-0.0018477148573560961
0.0
0.012594443798354185
0.016587078970263874
0.004990590803282459
0.0
0.0
-0.03125
0.03548313656778873
0.0
0.0
0.01414515022789346
-0.09726042708670793
0.0
0.0
-8.814820370773649E-4
7.800615665313031E-4
-0.013262901298976077
-7.857980477530041E-4
0.15468431115487713
-0.09981597329628131
0.0
0.0
0.007242531586946368
-0.0858375419836161
0.0
0.0
-0.012765025562769155
0.0010618626607940846
0.0
-0.015625
-0.04066519703850982
0.0
0.0
-0.011977465466565567
0.015625
0.012274143276320086
-0.015625
0.0
-0.07796566461132948
0.04899297165744442
-0.015625
-0.00859147815327134
0.00801988374320785
0.02948189918958462
0.0
0.0
0.005629085026239102
-0.06567152598591616
0.0
0.0
-0.03744266466099281
0.02762112016251997
0.0
0.0
-0.0056437091788583554
0.18143259220784355
0.0
0.0
0.0
-0.00859147815327134
0.0
0.0
0.0
0.00966299752408728
0.0
0.0
0.0
0.0028455536995552234
0.0
0.0
0.0
0.0
0.0
0.0
0.0
-0.015625
0.0
0.0
0.0
-0.043849095434898275
0.0
0.0
0.0
-0.06673917927674096
0.0
0.0
0.0
-0.013262901298976077
0.0
0.0
0.0
-1.688197159643869E-4
0.0
0.0
0.0
0.14945372546414826
0.0
0.0
0.0
-0.05493011905415888
0.0
0.0
0.0
-0.015625
0.0
0.0
0.0
0.0
0.0
0.0
0.0
-0.10761684220324147
0.0
0.0
0.0
0.18007115844946084
0.0
0.0
0.0
-0.015625
0.0
0.0
0.0
0.0
0.0
0.0
0.0
0.0
0.0
0.0
-0.024385297869235725
0.0
0.0
0.0
0.0
0.0
0.0
0.0
0.0
0.0
0.0
0.0
0.0
0.0
0.0
0.0
0.00765078535009573
0.0
0.0
0.0
0.0
0.0
0.0
0.0
0.0
0.0
0.0
0.0
0.0
0.0
0.0
0.0
0.061247413818116214
0.0
0.0
0.0
0.0
0.0
0.0
0.0
0.0
0.0
0.0
0.0
0.0
0.0
0.0
0.0
-0.044512901298976074
0.0
0.0
0.0
0.0
0.0
0.0
0.0
0.0
0.0
0.0
0.0
0.0
0.0
0.0
0.0
0.0
0.0
0.0
0.0
0.0
0.0
0.0
0.0
0.0
0.0
0.0
0.0
0.0
0.0
0.0
0.0
0.0
0.0
0.0
0.0
0.0
0.0
0.0
0.0
0.0
0.0
0.0
0.0
0.0
0.0
0.0
-0.20910582169424452
0.014122757659154606
0.11822328457889933
0.07675977945619042
0.0
0.0
0.0
0.0
0.0
0.0
0.0
0.0
0.0
0.0
0.0
0.0
0.0
0.0
0.0
0.0
0.0
0.0
0.0
0.0
0.0
0.0
0.0
0.0
0.0
0.0
0.0
0.0
0.0
0.0
0.0
0.0
0.0
0.0
0.0
0.0
0.0
0.0
0.0
0.0
0.0
0.0
0.0
0.0
0.0
0.0
0.0
0.0
0.0
0.0
0.0
0.0
-0.0625
-0.03204764857719352
-0.083308173117051
-0.03125
0.11071204517984129
-0.15695359027984906
0.07695237793269237
-0.016588075173529997
-0.07546612668147494
0.14192066332692038
-0.017352756711816117
0.06912150464526998
0.04180267118938353
0.06623706561579246
-0.1072517833766315
0.07597182602764593
0.0
0.0
0.0
0.0
0.0
0.0
0.0
0.0
0.0
0.0
0.0
0.0
0.0
0.0
0.0
0.0
-0.015625
-0.015625
-0.03125
0.0
0.0
-0.014837065513865001
0.0
-0.017210583063328514
-0.04793693867684548
0.0
-0.004121234440205509
-0.03125
0.0
0.0
0.0
-0.03125
0.09987296261944353
0.022846029194555945
-0.04309329971483737
0.0310863530806792
-0.03004876866459824
-0.03417966881401726
-0.047029563497222746
-0.04569558930401083
-0.01534049593694362
0.09374300540249396
0.024920801753304845
-0.026370933286162815
-0.0068022321150668745
-0.026614410215689548
-0.014421432842773564
0.03125
0.08168775151001581
-0.1274785453515584
0.02538284113580867
-0.05505817397574096
-0.010808738317945897
-0.0613342348420617
0.036993762431378904
0.17706987405554922
-0.030227974374903786
0.027205177629368426
-0.014530803801784982
2.0084383550420318E-4
0.029167310494644518
0.02712268794874656
0.007548819828535504
0.0052826863733434065
0.014977033524090076
0.015625
-0.02004936233470655
0.03125
0.04944282763787921
0.004563236193046353
0.0
0.012231001784866892
-0.0629934047463208
-0.016477253570391946
-0.012156125059918742
-0.015625
0.07356399753111145
0.00875064838319015
-0.008407418549233167
0.0020645986625774937
0.1563535679418444
-0.008415309559701906
-0.034625577027459706
0.06760006629886658
-0.012238997443568576
-0.07037523270574746
-0.03955988782175834
0.01754160181407191
0.0460509946654198
-0.05244893089517756
-0.05686639875143321
-0.005745485932544272
-0.005973141636438653
-0.06998645199700668
0.029770394993733195
0.053467377744650386
0.04687491766545705
-0.0018194967055948051
-0.007072475750047047
-0.02939762455448012
-0.05683996707207638
0.025497300735102778
-0.03504004764388271
-0.0394050189960413
-0.01084385631249514
-0.0071726355725367265
0.02469011990925904
-0.01670942909007101
0.030407066465684196
0.057636157264935796
-0.0519618736956437
0.09031335343810046
-0.010995377515810395
-0.06755783117722636
-0.03377823085345519
-0.04416737418852176
-0.012066726498635612
0.016204517692812503
0.1262652967960982
-0.025932158528804695
-0.07468538589217606
0.02769133255411292
0.01881864326533685
0.022288048524121917
-0.0625
-0.02050526177606123
0.013193379780574277
-0.0032332074551716643
0.08272314904887633
0.022990903617235263
-0.011771379544032816
0.001986402788610308
-0.013047411226809632
0.015301974620598055
-0.041367261755210535
0.04837162447766928
-0.029130932905293186
0.007566252981497915
0.022260485205859874
-0.01597583684553583
0.004574836895809264
0.05552748707867804
-0.006880214789044936
-0.045874824149521445
0.1732025829408996
0.032162798636433114
-0.03860732048217234
0.10819819604520704
-0.005413660333461889
-0.03371850598483442
-0.02505878304184579
0.009389215534854337
0.010791834435640461
-0.014973084037796076
-0.030590031897910146
-0.05247638167492895
0.011765575128792777
-0.06890453760802967
-0.02840775261696886
0.08156818544068076
4.805191587688171E-4
-0.02033042619546824
-0.04312092297636484
-0.03122227222802592
-0.004716293035664593
0.0409561281748384
0.03748181230304369
-0.08709308709945161
-0.002760824536215279
-0.0035189079729046075
0.03405461759649234
-0.017476785512125847
-0.0420727930205452
-0.004608355016365056
0.011672278832939226
0.035584917970866235
0.04366102179956141
-0.02933114459666698
-0.0647922361300553
-0.018146821517383727
-0.05443188062446857
0.006590826925269062
0.1122674635848365
-0.08879039081774041
-0.014806783283655575
0.0011171205431016844
0.035215051829156685
-0.012622539459580235
-0.06187643170384119
0.012278785571725761
0.004938278169203973
0.02851666461888225
-0.019499248597185184
-0.015625
-0.0128053829578251
0.01443839328006509
0.0037132720408276964
-0.0025005850835456526
-0.004997772442479509
0.026457016055743382
-0.04558337569374252
0.022682028905161154
-0.01833333414433718
0.02535636722253739
0.03996401311572531
0.0021416693660296212
-0.03313875493981174
0.08570577203611453
0.06376196770710982
0.06100982816232692
0.013536917794192084
0.059536161638415845
0.01492950167922195
0.021611297855294025
-0.04093659754820132
-0.02872797414201676
-0.0788634630074237
-0.04026793467338221
-0.042055865724438445
0.0018614008588267858
0.0
-0.0256306407976839
-0.01075546448223369
0.10965360085978008
0.036422897139095696
-0.054992057004496935
0.023044254363800247
-0.06532365645116636
-0.013472923630748632
0.02378405468131584
0.024040775227922487
-0.023024042246762327
0.016479225904997733
0.05437796232654145
0.04141702170037966
0.007418510471635963
-0.028073484556717536
-0.04582237465607726
-0.00858109520827409
-0.05756029190552543
0.013664788336422228
-0.011080905599188874
-0.02058752274052493
-0.034355509074681344
0.01728423208816155
-0.07646391420300376
0.10970812380349254
-0.045221284251088185
0.011908824153170397
0.004442985324172456
-0.0018269397830950745
0.0058214336891539015
-0.020658045362245303
0.017051166455728572
-0.004642645570023536
-0.04896981494755739
0.015318989595221339
0.0040839872372338765
-0.09418819827361474
0.02256558496129122
-0.02155855274650577
-0.027209313882855884
-0.020676414891154876
0.010351843833877182
-0.022834324498581526
-0.010897575524361968
0.028478837712422732
-0.03968288824411663
0.006191842125149402
0.06415316838153318
-0.027074539143006452
0.18810506870286767
0.04814662225286602
0.011203630571344065
0.011575217158536141
0.05824317279510286
0.001732286923211434
0.008514069927785153
0.02694363008658647
-0.03816913414170807
-0.04596119931506446
0.04419219204580542
-0.03282606628204543
-0.04359947530484286
-0.010917380729295805
-0.0415115219827182
0.00660637593995427
0.028245107845919108
0.0032957682499167654
0.028337574471937337
0.0048008883185338466
-0.039251973650258856
-0.036039206221812364
-0.017346351750615187
0.012634895136943474
-0.0175272127137657
-0.029087849620475163
0.03173046326533494
0.06960779305001748
-1.1452010281843075E-4
0.018157671434806476
-0.0567186020505398
-0.05598090843372395
0.007920382243467187
-0.02747985295914479
-0.03392554740849158
-0.022500706863268147
0.01059636978306743
2.804967759606307E-4
0.030954150642623877
-0.008605451347053827
-0.014973758618560928
0.006779180129524758
-0.022424462350168047
0.03798177098024681
0.0036765651456653406
0.02929390992536613
-0.03963427873074865
-0.01298797189504811
-0.0012532025240693271
-0.016069461691654525
-0.004830666694495747
-0.02163955940766316
0.0
0.0021819157575696645
0.01204103472552526
3.454297823936429E-4
-0.004817060881987967
0.034166334792397515
-0.05446815702150992
-0.04007675723300652
0.00932483505858116
0.05900736209281073
0.05131551820953152
0.016230396031243082
0.06467528637597961
-5.858540411425653E-4
-0.0153746197872821
0.01596089019061095
0.007892659489797189
-0.020005597088963992
0.026593390435047534
0.031890731172395735
-0.037693533578185195
-0.007731680857936574
0.01218963175651693
-0.041897355861174115
0.009675244168732444
0.030553516800421572
0.007207274485058063
-2.1393230081457118E-4
-0.007959290056753623
-0.005585495372665746
-0.009544315329793822
-0.01450570941004477
-0.0022089866525662957
0.01995540067821624
-0.005404782562453199
0.03491975244707115
-0.015307467017515116
-0.015445784364534738
0.049973144866937186
0.017328827870441404
-0.02053768471397411
0.012225920416334399
-0.04549629650006687
-0.0413645492718687
-8.522410004215136E-4
-0.005149109681384661
0.018935944891616506
-0.035824854017730834
-0.012065515206118354
-0.002213131508749232
-0.004850012429439502
-0.01054132620661685
0.016634506084267975
0.029888044900822034
-0.04527672310417388
0.05482769999090185
-0.004752281272337659
-0.02371702946978149
-0.014402198231557639
0.04251618710228808
-0.03510955460436376
0.018376782019524154
0.015625
-9.602192958366243E-4
0.0625
-0.03732977989964319
-0.023501187182501996
-0.009801854702105671
-0.015916062770224296
0.015747920387738683
-0.052889997379932246
-0.03773578276806859
0.02874575140268744
0.02034850394925659
0.045265036763022314
-0.018134537776331436
0.0521085710053491
0.02534587827861136
-0.020529054427984163
-0.016541823974874338
0.01878132304857833
0.007540367950601822
0.012651440861925864
0.0013883866541985063
-0.011938185692185596
0.002478458155111142
-0.02290876637740317
-0.021717484662520763
0.006817900351811512
-0.015625
0.016975498141315347
0.07083712118145172
-0.016069461691654525
-8.31624839067336E-4
-0.0256054708643382
-0.020575208808458083
0.007419196692723443
-0.020068621244893302
0.018897123659652786
0.011504735144304626
-0.017495829298411293
0.011273223237313425
0.013722362189436201
0.014350326380840536
0.007121390903154211
0.03437834372418515
-0.0011263860732105922
-0.05048609801895447
-0.03504841691367672
0.006156667167616528
-0.02736410335967193
-0.00407894492240295
0.047744881180547746
-0.00323786047871746
-0.04407695297951608
0.03176758787004306
-0.020456718272461538
-0.0011417286970754528
-0.047872222987633606
-0.009438673270191
0.050976014187000596
0.012262672447931788
0.033411813623981906
-0.0023561037069365796
-0.03018735277986899
0.006990390194025805
-0.01698069126382666
0.028266243859892425
0.0211349689061395
-0.013184442282972287
0.03763944284746001
-0.02747770140134581
-0.0044034826466860365
0.010172063308477867
0.03205209097139528
-0.02617331755466129
-0.03324766897193847
-0.02129912082159884
0.017308124635902963
0.0019036765533698764
0.010274804976136226
0.048026631969172714
0.0053578768584867514
-9.1692928578355E-4
-0.01480626874068956
0.011404406786843773
-0.036093559327171926
-0.03221144237859659
-0.03357872499689621
-0.009266695602899232
0.012917609389555917
0.0047068197858363935
-0.02128746741833601
0.03125
0.02139255264326747
0.03575617574853588
0.0066816414361856764
-0.021117227956029983
-0.014143328619260966
-0.014759276538215986
0.02106927705752571
0.005955475935106556
0.005644613509128992
0.003017763391866318
0.010493201553420692
-0.027022420773526408
0.03428583024761957
0.019122194469276668
-0.009202595676169427
0.023928130875417057
-0.041631075391074496
-0.003682707509703797
-0.032908563884383235
0.04160578849367666
-0.0034695155427856526
-0.015305880223175899
-4.837672388813795E-5
-0.006210060721312705
-0.0203911215320852
0.027250649675411624
-0.02565600362621899
0.0070879486359438845
0.0035289251201078096
-0.04667137617529772
-0.00692464668728654
0.0059793451153604266
-0.03347620339252173
0.013777635011700318
0.04538685973548885
-0.005674120821598839
0.03125
-0.020767313864062692
0.004908330036179628
-0.05158898333832898
0.04868669346575638
0.04671492606456983
0.022756414135992387
-0.01087542428101052
-0.007300072263807213
5.850682647381745E-4
0.0374890242890101
-0.02257335874474127
-0.032199455318397296
-0.013441073227811566
-0.00281653911811389
0.08855046165448195
-0.0019097201372406981
-0.01797023507310805
-0.005829434758912656
-0.007487534913170724
0.0011495074040218725
-0.02033280990594758
0.045665870111536576
0.009876238029268014
-0.028088018515925205
0.007291406442902967
-0.04082902586748392
0.03061588760715836
0.03601998414301255
-0.015643799806583203
-0.03986911031446006
-0.0531680765185855
0.027856904150518537
-0.01721459616490504
0.0020866071952806327
-0.031342319901148774
0.014795649876788787
-0.013062590265239746
0.027455886405227975
-0.010132289694474696
0.030467107847048952
0.010766420548082077
0.013670658052594844
-0.015290363623946198
-0.0040060301646130045
-0.022698983959724903
0.01601026481458201
-0.018940054192754317
-0.01836249279492018
0.02547348745776279
-0.02824753249158058
-0.028277090404974153
-0.006995344232492463
0.042174733634809225
0.03652999349613346
0.011441326980712832
-0.03540740172564649
-1.3506798277565513E-5
0.001722287887764757
0.016462167947026166
-0.04685407463219153
0.011557583760214951
0.018908637432168543
0.029858398901651616
-0.013884406368226073
0.0019305602702422014
0.02067956444236847
0.008894916556289035
-0.017104366673144192
-0.008502152988434777
-0.0692025783534361
0.001650815302541641
0.025939097016798328
-0.019565873312996612
0.024385991016377465
0.012410631897037208
0.003132766306577075
0.009535120099879817
-0.008735120134316699
0.04253037353787577
-0.006606825700719025
0.027305256443056234
-0.01692807443541923
-0.04654534322771768
0.03879989865136989
-0.007247577465441548
0.008693306891920933
-0.016773127116051348
0.019073660022666656
-0.013052242181173134
0.002970925764549749
0.02922193177037122
0.02182974797435587
-0.02499196163255818
-0.037370513725013044
-0.02175171480953459
-0.029764462687662405
-0.0029052611559377307
-0.003790590009869886
0.007241830282779763
-0.039206402392150425
0.023655100020797598
1.5491846374707935E-4
0.009598923243451275
-0.03783524168138723
0.027632144913807125
8.813539993159508E-4
-5.463038476629517E-4
0.011244000599590874
-0.0300937279789553
0.05984520288648929
0.0356521970714815
-0.04345180300486119
0.0034647113665852575
0.017170985184842225
0.04216913836603275
0.005747395545321027
-0.03662529636147042
-0.01838045292760774
-0.05533390288117618
0.045969163407128026
-0.009964729825582516
0.01780791617934152
-0.028907469079829988
0.007193803823554251
0.00922237469910754
0.011441201646421342
0.028773528686303687
-9.418489600044253E-4
0.0038259494985645455
0.012540694602411728
-0.0037136981733107075
0.006206444634653002
0.006441346314869144
-0.020641447123426353
0.028791902958355542
-0.01796063220350138
0.012141959261322945
-0.040223309922390434
7.198715718483607E-4
-0.03259458370149561
0.004934336606791961
0.013255047320829078
0.040315647776344055
0.020191967846295754
-0.015187445615828996
0.03988421447931555
-0.01880935129875122
-0.01518942109332452
-0.017639663068908303
-0.029126504892263008
-0.027076552761171067
0.01422660821836082
-0.01593368581373142
0.060474286508809975
0.01564863434461484
0.02816569460241173
-0.04378776963181463
0.008966456026752903
0.01590102816519708
0.00933399433306778
-0.014922163018702278
-0.011160932231778454
0.008545832763537018
-0.02597493990892468
0.0229155111996495
0.006060932384931694
0.04733335352285828
-0.02850804207147417
-0.013167985076675824
-0.019433753865953543
-0.02348655336916937
-0.027648336556350062
0.03515220202946495
-0.014190986799311633
0.004915935303348201
0.009541546469576261
-0.009538816416568107
-0.03863486915177707
-0.0011645347908560075
-0.009979606356913705
0.003730501761409953
0.016660588931265798
-0.01603452598043014
-0.015253638595929916
0.059160035506335674
-0.011114738761601165
0.0025922967518701764
-0.016429469743942333
0.024467378258254513
-0.02919331924536558
0.009088745801992995
-0.018286559983274966
-0.03718915540399139
0.046875
-0.026685108342085657
0.024243373207219383
-5.696517817675058E-4
0.010684355612639184
0.00833979564149016
-0.014912839384107366
0.0024923143688283314
-0.036848248931825124
0.006884625401654999
0.010946981658466635
-0.006365924742030061
0.03570525581063509
0.04510663640151804
0.02834886424349252
0.025046848221827928
-0.028280991819956164
-0.002707741839638166
0.027124188651497752
0.011222716781500781
-0.014858214927695533
-0.024095316293052716
-0.058473209705738174
0.007965254120732599
-0.002234308577032467
0.03151225584888589
-0.009328749092506007
0.009207647436967427
0.005572258902412709
-0.013518979250346327
-0.05243409707979056
0.04566538485004037
-0.017825470188059342
-0.02420562132337947
-0.015957153779707613
-0.006569382306715357
0.019831563257858897
-0.01029337382737038
0.04284462799115159
0.00613010590406908
-0.03024466195746666
0.00863700418375525
0.007345089224125682
-0.03206027051823221
0.020357549146924933
0.01809665218780076
-0.017829535721997587
0.006191472342864135
0.006103481614079937
0.009999959607615079
-0.024832064207288722
-0.010513413580530047
-0.01910239365294691
-0.04342723458387651
0.021789210584069407
0.030929613255843272
0.023259089728720587
7.527124254026862E-4
-0.012523384473345379
0.026372043497368304
-0.021523826499995485
0.015625
4.548466365335876E-4
-0.04569084350756294
0.03125
0.02937273625542224
-0.02553919185297135
0.006242722218066928
-0.015041396659931858
0.017464006327995517
0.007846860529243093
-0.02492654257172215
0.009081561628358319
0.0
0.0240484577826985
-0.031185844879095388
0.008424792889107656
0.01835835342808799
-0.017304074663830545
0.011700997087704966
0.05255403348701006
0.017258347963217863
-0.006826173670869679
-0.04309152468911817
-0.00880057152499205
-0.010448450064215114
0.021625687153431078
-0.011125437489406913
0.03116106230736041
2.939465879621614E-4
-0.005580959590823057
0.009758508045810205
-0.013224475436884878
0.05398942750759478
5.857327448795992E-4
-9.230260976299531E-4
-0.04119280145482474
-0.018318524275773896
0.014561589980524245
-0.00928697486472512
-0.026160312028495145
0.027246587392529848
-0.025453965544775508
0.014570254205929986
-0.015980232941362013
-0.00889732726732904
-0.034729049396668175
0.004966151196244644
0.009489783485037172
-0.021910014157811325
-0.005325765225377598
-0.020485767062813777
-0.012630371930301382
0.03905871187735579
-0.02230518795096694
0.035850612595621695
-0.03859664712328465
-0.054438705817836885
0.012925322292321267
0.036629094845496105
0.02498271938894229
0.007324898635690527
-0.020394224421464154
0.018158397934886425
-0.005227391326533011
-0.0015546038095540834
0.00835308855940092
0.03741749677427594
-0.0033140090660789493
-0.015110218703474787
0.014193032986869475
-0.0030757403341821477
0.013534339491760257
0.010538731179512047
0.019139265230698768
-0.0627230990248544
0.0053786781516517446
0.013845013688005524
-0.023452673110664776
1.713815483250225E-4
0.022267052312784044
