0.006057360557316718
0.014761835023212409
-0.024497938376509314
0.003678742795980427
-0.011888167187257364
-0.002652018583329528
-0.018005167232045455
0.03254535300263257
-0.015463375339839176
-0.012311850234386044
-0.009617598225074752
0.03739282379930006
0.028833744390809317
-0.030817661821398428
-0.03451767741694715
0.03650159484753624
-2.936702693852964E-4
-0.03235624237695645
-0.02101995404824191
0.05366986669458382
0.018486848726272875
-0.0029204319532870945
-0.020290822844126075
0.004724406071140514
-0.008943960737356153
0.007002071443355881
-0.023134914649996056
0.025076803943996376
0.01467495762848267
-0.010965675626733017
-0.022705511622360244
0.018996229620610566
0.023481381856001134
-0.03231473306455575
0.006340826571543632
0.002492524637011169
0.06673146575980084
-0.06388562014376084
0.009683721485907962
-0.012529567101947909
0.11984743753425502
-0.10816076202615466
-0.07473490152817927
0.06304822602007898
0.07467206643299051
-0.1273020667852777
-0.07410893631692513
0.12673893666921235
0.08633409930331619
-0.11825335201909688
-0.09105015701337697
0.12296940972915772
-0.00567020134020893
-0.13840773848507956
0.09027190696972578
0.05380603285556271
-0.03251120432190325
-0.00421033628785048
0.048461125270839914
-0.011739584661086235
-0.19856782253205757
0.012078133349186795
0.11031855458415668
0.07617113459871458
0.0062995495230589475
0.020250447711666873
-0.13616486630243144
0.10961486906770562
0.14630045221083957
-0.09871220042146221
-0.11441508429275321
0.06682683250337595
0.08859143015787879
-0.08927112456409829
-0.09468558425363012
0.09536527865984967
0.03263856189152716
-0.060844711994962275
-0.06272714363409099
0.09093329373752626
0.027345895131646144
-0.06317293209430305
-0.03733623005300495
0.0731632670156621
0.04532852263318363
-0.052607710028023724
-0.01976905141391805
0.027048238808758097
0.038619026383774756
-0.025227782400516985
-0.019644459266737656
0.006253215283479899
0.04707670601736223
-0.04086094775617286
-0.008034760674933014
0.0018190024137436627
0.03708420847784854
-0.03580573979478486
0.007197499853219019
-0.008475968536282786
0.029355823389948476
-0.0288653597467464
-0.018207736021449535
0.01771727237824754
0.033761119037458175
-0.047756995755479925
-0.0010197152950008823
0.01501559201302272
0.02538638315537311
-0.03163439133904975
-0.012906256689035039
0.019154264872711796
0.07494480850115082
-0.06093165081450835
0.014619805498127265
-0.028632963184769426
0.05013272686072331
-0.062245248895174195
0.015670173284827456
-0.0035576512503763535
0.006145012399963661
-0.05010841947406002
0.019807164526011667
-0.02455357142857143
0.003872560130724404
0.03414162732729245
0.06070628847483319
-0.0359252589231497
-0.007498487304258664
-0.011422506846288078
0.011275514776397502
0.0029002952865441016
0.00452539919874918
0.030031972489271152
-0.03796964332314805
1.2941324700527224E-4
0.004480381622001905
-0.001454268531300278
0.027220882520146608
0.04758452071209693
0.01985513504806987
0.008854701002436512
-0.017643776227038204
0.010377196802834348
0.008281294422324427
-0.023403428199784485
-0.01629935913592827
-0.0464626133685392
-0.008499240087007245
0.026291285946874722
-0.013996289018830056
-0.01042458848514527
-0.005382603620706323
0.019088125592618327
-0.03353431897096856
-0.0023190160511748804
-0.030796916745239752
-0.05026666550839543
-0.018876293287657893
-0.0024985619096721725
-0.020606351395473656
-0.022716514946617198
-0.0020253220005205
0.11303846228083501
-0.0030984036110478586
-0.019995274332767127
0.053392419752143226
0.0020992963781354696
-0.018022202547801403
0.02455357142857143
-0.004087713693066731
-0.021305711671018236
0.03518145074528813
0.009853294319646221
-0.016494441075349822
-0.012992358757951798
-0.007177775778277115
0.004995391571188803
-0.012601315466962328
0.011717548873314118
0.0032773721828512903
0.009245257926926861
-0.008491396075136498
0.006027770813757483
-0.018248948647405734
-0.012830562588040982
-0.015558490820258099
0.03385858990916266
0.020962317899150495
0.03288924845876602
-0.0300035126039654
-0.03176904473812166
-0.05839641806244542
0.020621265304501257
0.057945870810438
-0.010764703670370865
0.0
-0.009086900816940795
-0.01637968448506168
0.024872806863334852
-0.02814603811950592
0.031105841498916997
0.01725582183263985
0.00789660396679173
0.03263426616428753
-0.007819460889439661
-0.028180017454821852
0.005948169320953774
0.033322536952569745
-0.021100417603335864
-0.019825427760837074
0.015295086296390472
-0.021403080882961126
-0.022016316971009597
0.011745310933573297
-0.009364895867541908
0.05393301849432431
-0.04013405341357009
-0.028532133863521984
-0.012268151272917232
-0.0037197167334813656
-0.008155541875247765
-0.014494879520312367
-0.026176920292459473
-0.03336741540258044
-0.01579134152273199
0.056078480414689505
-0.02657020531639066
0.038862515756561467
0.020360887297867412
0.003714468052932539
0.018255821964792626
-0.00544163168437216
0.03791111889264333
-0.0380915449159243
0.001827185391198494
0.011232026834965282
-0.005699082306660863
0.02211050609933616
0.017929791402665034
0.019766757554276086
-0.013717321587669633
-0.01248570352954714
-6.286411020306974E-4
-0.01315644573257346
-0.017355023699446193
1.8325939369343708E-4
0.028160101992079155
0.010578456684184844
-0.03067326375447533
0.025091515686711686
-0.002900308573380728
0.0043803675776885875
0.0021073750926919564
-0.001370119844809
0.010934721564377718
-0.030629998070911373
-0.036697729019427666
-0.019394261462548846
0.021795640785823356
0.0
0.010625623411626917
-0.011469473199599815
0.03215807778220855
-0.0037071326783452846
0.03516132209130585
0.013010731843418628
0.016643972908542755
-0.006974919652035566
-0.02024255787088246
0.023295615574247454
0.015137025336088317
-0.042703798188362105
0.03914380973146791
-0.03918763771748263
-0.007820277305386626
0.018210226187174532
-0.008100571080248836
-0.024354880047648145
-0.019822779366239864
-0.006713948261485484
0.007940581459173462
-0.029116313969406834
-0.010784858186461153
0.012029557116592385
-2.4534471356425953E-4
-0.007641516908328788
-0.03413051090393557
0.025240107077403016
0.0236006270920298
0.023157173151068473
0.009715312614242005
-6.019721412135719E-4
0.0011465857843210533
0.0075861356329057356
-0.030799213068414967
-0.002347049309005066
-0.021403080882961126
0.02815075358210449
-9.763424911141648E-5
-0.02146483924907737
0.0035697023155569245
-0.024544041819310407
0.01434182456330168
0.008367655204346526
-0.022553829789083213
0.00457468779397505
0.008874840685899235
0.03604361743366059
-0.015735492244487413
0.011191677656461054
0.03042403210703054
-0.02475443791898687
0.031071278797137336
-0.010842108200888007
0.00233559375808654
0.009702827892433697
0.002134399539699733
-0.009157995702661618
-0.011653672816428977
0.029298943111380815
-0.03678997179775845
-0.013531804329135935
0.058159520158341575
0.012409664623218325
0.024106521657596847
-0.019831270817227423
-0.013823743563998292
0.01691984850554751
0.021348880700415126
-0.04294802126505923
-0.007350542147735378
0.02470598289472034
-0.0011754329610762222
-0.01604817363407582
-0.02229320147576615
-0.03970943690471199
0.05495168720080599
0.004364057036175217
-0.029866370330469967
-0.009049836975290541
0.002748385221026828
-0.022639222342825976
0.035223734656921836
-0.041581467698807606
-0.009617310202519106
-7.053538381186558E-4
0.01217809776192142
-0.004010320852625475
-0.03881570754609485
0.01813518176275897
0.028183724650948174
-0.0045814750151045615
-0.01647911593467074
0.010818665344199431
-0.02060811262941209
5.832062204019772E-4
0.013290298810866252
-0.010568904161652994
0.029260915910962748
-0.002270678345156232
0.025350362342356703
0.03057218748242107
0.0
-0.014546636436263933
-0.003646150077691458
-0.014157169120195285
0.020286101505362385
0.0374724747474439
-0.03529834458063794
0.025872836998762846
-0.04509350712344997
0.02789819087807352
-0.0361002131227431
0.0503762719433972
-0.030214132244143356
-0.006391543325871125
-0.03270090341038997
-0.0481498898413737
0.035555601120231595
0.04686187115346464
-0.005294213899688148
0.022656226089093158
0.003929328294520407
-0.039566547648801464
0.01514128690628123
0.0029745505951490215
-0.0024725856742735942
0.0012512834159964644
-0.011997769505255978
0.0017697111321049834
0.01613992432942711
-8.120597551518425E-4
0.021356375005253524
-0.0012013231665052339
-0.003491138585331831
0.009469287753460521
0.005581661427238093
-0.016767254323930246
-0.03978658590193117
-0.0015462458025657239
-0.013618895521793423
0.01202120112306997
-0.018084216492884577
-0.011273100012974317
0.04040387890073285
-0.03190955132120534
0.017301724297562257
-0.033391008985384114
0.02871132239440779
0.023382597307721763
0.0037775952222627264
-0.036220315756175535
-0.004697514106942823
-0.005265506935510168
0.012567591686367416
0.034092637333631104
-0.021343603233704475
0.005400294979195343
0.009374425970879587
-0.02726269286748819
-0.02282285852745531
0.011945147793118246
7.319336768348006E-4
0.03848937976219428
0.004559736581140408
9.360152084216984E-4
-0.012143906805353107
0.013962495296269244
0.03242499830391943
-0.029663365876233787
-0.012679135157208053
-0.014431165508744783
0.005395977139750815
0.007081312956567543
-7.09249965882773E-4
0.0178237642107847
-0.03409740701013814
0.021654919630320707
0.015065497928775654
0.0274726959673941
-0.01731743137359003
-0.01594474832832703
0.003684251430310169
-0.013157088752873466
0.021244037140352886
0.007515800467623235
0.006323781715309111
-0.03444131237005631
0.018753068855791023
-0.008582416537060425
-7.619404404097512E-4
-0.012143906805353107
0.0045940072894871745
0.04298763512876155
-0.011739584661086235
0.020927830530294088
-0.010463435345907122
0.012714324940544633
0.010894618322087272
-0.021206479576562076
0.0014846269750832374
0.022334705060736842
0.02540207926526855
-0.009186249901843926
0.01379269223165603
-0.01683459948594172
-0.01681174389045142
-0.006737373988564133
-0.00443583515306269
-0.011326507407939543
-0.013469084528685058
-0.009777687341836701
0.016967176193974202
-0.0035128564582590947
-0.025127954020359278
0.016755524029044268
-0.03744464472752837
0.009161712563356503
-0.0028978265743382844
0.01513308583478885
0.00891981983098351
0.01344691448432326
-0.010022460496113734
0.030304249884565353
-0.01981504313084305
-0.03486166572899073
0.012480832813107062
0.014645823759815973
-0.027374604758251528
0.003303648827818328
-0.010035613083064113
0.029475944636522956
-0.0048410765790983315
-0.03444361794731164
-0.01870540625222958
3.750146049955479E-4
-0.0016388077897085476
-0.017070991170689935
0.021795011589741523
-0.03376511288184865
0.026609774713928502
0.008407149968995584
0.04798726843152439
0.029670790412730623
0.03937183944687443
-0.011634306321171378
-0.004139660622766224
-0.026285858279102646
-0.003888770986481509
-0.016013515742585215
0.007999849724394888
0.01501561318916286
-0.009957077257978772
-0.009342272219846978
8.441052704397239E-4
0.00755681427245407
-0.016541983134619388
-0.001563915405796524
-0.010035613083064113
-0.00386491891700861
-5.265009006622913E-4
-0.01142063711521488
0.027679957269017483
0.012234438317154737
-0.004239619540477458
0.0018466831195281279
-0.02939855908739597
-0.02790076840964984
-4.284781041914293E-4
0.029471861733768374
0.0034259849244778363
-0.016115354142343902
0.055573398137659685
-0.006117664253925913
-0.023217751587380084
-0.015206888600739153
-0.018763472548784185
0.02113933836605586
-0.015288439048648371
-0.02126219478439632
0.023079890203618544
0.046973498216104595
-0.008964420506604788
-0.013691319491726339
-0.001618328097751275
-0.0020539269246404234
-0.011677518195250784
0.021825258138490837
-0.03832359988900161
0.01695270018931294
-0.006255491676035559
-0.012143906805353107
-0.004850824657150426
-0.00534741232869701
0.0
0.039932408242946346
0.0075839890752635
-0.043147993624633486
0.002584500025933566
0.00321259746034701
-0.015665262086550474
0.013031153780204127
0.0046281228068262015
0.030504671253034576
-0.04311993272432319
-0.016432764896918584
0.06430745842306734
-0.022464671824608214
0.01706288667839353
0.007641532792690224
-0.003784671556845784
0.03762116436361791
-0.009527129759832418
-0.01723538832105294
0.00437239505754498
-0.03175574149648157
0.010514751623854957
-0.003892672482215925
0.017870644955815102
0.004926247406455797
0.006930674947447078
-0.011525849726320099
0.007920784970020111
-0.0036905409256730547
0.016670671778851558
-0.001841842495027315
-0.006519494861549081
0.02766655572352708
0.006115852528109722
0.017079885849953652
-0.028326805349667375
0.024427969766452742
-0.0057851406376880285
-0.036784590997143304
0.007800433836792615
0.02065571037541248
-0.008554386840600274
-0.0369673438983502
-0.002912609480134315
0.0166341631062725
-0.036800076741451804
-2.9135714789590983E-4
-0.002906606468791102
0.004738453722930179
-0.015458900754004204
0.0017090490008412965
-0.018657747516239213
0.008654330095148328
0.012517681972892178
-0.009300625772736765
0.019235430074181374
0.0
-0.03060287844350839
0.028521935804810602
-6.983625548092377E-4
0.03537796946306801
-0.004552524588494911
0.012945944647062481
0.0
-0.01952318477727441
-0.021056342816351756
0.019184528355463186
-0.021017118372121505
-0.02864280509004028
0.005756823410439288
0.0389029454410538
-0.023178608128780864
-0.007894154149006611
-0.007117582501817355
0.0015375704347751398
0.03827276829263642
0.1242913064165942
-0.06784891671596698
-0.05880248022237883
0.028217010340810846
0.04684072377325551
-0.004437118211389018
-0.027637066619347606
-0.02238558181522051
0.05383880527039961
-0.028984777799454076
0.0036098391356900903
-0.010009588809806139
-6.779476418114187E-4
-0.009626218776583446
-0.002906606468791102
0.0
0.019799678466783616
0.03872333866863404
0.003762990447022642
-0.011783018549639538
-0.07627290670790451
0.02384329166503339
0.06179553509295778
-0.04929244085216533
-0.01252768435474616
0.008156408329825622
0.002729380254550398
0.022379970655575336
-0.03108395233331822
-0.0023323210153433664
-0.009050578755287553
-0.02116242407653398
0.023492298231532843
-0.04101250042393913
-0.06305823765766043
0.053262193125145935
-0.013994831532566579
1.3787671770592452E-4
0.05036579258725304
-0.013504721402893988
0.002096110993761548
-0.01079779985737208
-0.015315969033809307
0.012942714086377628
-0.009099889929405004
-0.023288061196691294
0.008034887655069278
0.04608096420903525
0.016310801761319403
0.012914048111416984
-0.011537046239874723
0.0
2.380192604083519E-4
-0.0279071762850462
-0.0024020754620669785
-0.009272940351774117
-0.03247680738732582
0.029405934220374425
-0.012781275426526257
-0.0025815387916069024
0.009073713247277654
-0.005106769457359444
-0.001541990814979717
0.04015762825277448
0.24652571978019355
-0.016029689575299377
-0.08657777893273513
0.039975833604071
-0.007355899727264419
-0.02532826854194728
-7.103860939750885E-4
-0.023829475996668285
-0.013053825054851982
-0.027867979082509146
-0.046035523128045215
-0.042677446407484984
0.0
-0.042312227547790605
0.008221979145783816
0.10378643331832405
-0.025301474607291208
-0.007293094616448632
-0.010963505403572037
3.690794205046654E-4
-0.0726258159171251
0.019685180102340893
0.060109706779005394
-0.015532197077917111
-0.023131957040606763
0.0788196618835851
0.01041068741952829
0.016023793336289605
-0.024140285735440036
0.011547932046998912
-0.05499339061020653
-0.026869940123406294
0.09275110962988736
-0.03882957565838117
-0.0416369325198234
-0.0013541769295935986
0.00804098740543464
-0.03206182325683981
0.04939896210616621
-0.02759836136138717
-0.045831875347526946
0.01713993537505076
0.004438288920217991
0.002495625982163117
-0.0185774109778368
-0.05606694091474319
-0.012384405138154683
0.10976031417127458
-0.04211108996890729
-0.00672776595130644
0.01705077926295674
0.0
-0.002522882395018024
-0.024010942497934683
0.0074489295345064885
-0.021268475087531335
-8.745991271257338E-4
-0.00378648678322026
0.014874588463173298
-0.015677790936816406
0.0028813655164692366
0.025820018233167263
0.007239063878248705
0.029135720757390543
0.2540123879902988
5.409728805122298E-4
-0.058427068144383545
0.0757379721074549
-0.021512594299850387
-0.015515396994024239
0.022498799142931684
-0.05435093365049268
-0.013291007960622159
-0.018596163094493776
-0.06771776038591082
-0.02252250615214708
-0.016736651831677034
0.011064092774922143
-0.030409361444178128
0.07507265659591508
-0.052604243973962
0.010911212083736502
0.014161265925096051
-0.04693184466884344
-0.07019644726384305
1.5610172950134872E-4
0.025401072696276065
-0.017076581356315207
0.030899027051021516
0.02973528918768567
0.019180975247649536
0.036431920839346266
-0.014162530518919227
-0.006725069551664825
-0.01570771267505863
-0.05163319677786121
0.00409140746793128
-0.04025780333008195
-0.010351213018451459
-0.03637464768950929
-0.004952922013061734
0.056905820366494816
0.014047607981043025
-0.00169537494156963
0.01243654348685192
-0.049918569896204384
0.02105279534935335
1.1727273487345709E-4
6.114648416583073E-4
-0.035224570021877885
0.010165044188044514
-0.015387757033673599
-0.005682881664732611
-0.012079313116168116
0.008450906265823047
-0.030525042681729918
-0.0033385695220748274
-0.041260683501177
-0.04340064219529294
0.02698867703617716
-0.013147100735596488
-0.025725383721730964
0.008774161423626145
-0.02181842969062739
-9.178175010611984E-5
0.01773611218547352
-0.0087690273699449
0.20693722505816034
0.0297681902412071
0.0
0.06466096233752021
0.10538751724080815
-0.007103775216837862
-0.011241300174918152
-0.027071907354850534
0.00453205126460521
-0.027557244093727847
-0.006295026275216022
0.03650011034599563
-0.048813948948967664
0.0
-0.031492071056386274
-0.016136008878761304
0.00953451700251982
0.010874405216881829
-0.003487501356488577
-0.019779394388494485
-0.08760804257072877
-0.015545683217971014
-0.0026037452950403994
0.053645739224098744
-0.035210469110292394
0.010270651055924382
-0.008043101477767697
0.022408036029701074
-0.006088747982899927
0.005962018169563391
-0.013908824804537145
-0.023921573254280123
-0.014265833022946478
0.018979242784185668
-0.019524190921522452
0.0259878896382339
-0.008545479659242312
-0.022423825098824065
0.014329217036607458
0.0
-0.056410219462526834
0.026774154457884388
-0.007488908000764398
-0.04677428945730106
0.0087792146348993
0.0
-0.023310143728982553
0.008304695867174854
0.00721370559325296
0.0
6.114648416583073E-4
-0.03636347346110746
0.0053725093604050774
-0.023104730614347327
-0.024825722681638743
0.03103225671495797
0.0037487619678810593
-0.034745233126666546
0.016817212127056308
-0.01072024333257578
-0.016072792968951123
0.02218162810251898
-0.017945096717139206
0.028499106939414185
0.18225328951774666
0.0
0.005214618812635668
0.05440721942963893
0.0
0.0
-0.01155804862952521
-0.01084217880682751
0.0
0.0
0.014438085569413131
0.020067898556739083
0.0
0.0
-0.04362129290105553
0.05822779727229769
0.0
0.0
0.00165564191208031
-0.06983365606006058
0.0
0.0
-0.0029944760859896905
-0.009607490367913918
-0.011739584661086235
0.0
0.13966279150926741
-0.0820567029250612
0.0
0.0
0.002366446849347449
-0.08570632218968044
0.0
0.0
-0.011371484637377478
-0.013886187069208144
0.0
-0.008043101477767697
0.003033277851075887
0.0
0.0
-0.011797787640020046
0.042301492675521746
-0.029090091449681856
0.0
0.0
-0.07773681224295248
0.01554053697703308
0.0
-0.012670315204115504
0.016750240731545615
0.02406372074465226
0.0
0.0
-0.04901040601548084
-0.03764573029156433
0.0
0.0
-0.03516462298477079
0.031910843658318346
0.0
0.0
0.001824211298414316
0.18291146779215867
0.0
0.0
0.0
-0.012670315204115504
0.0
0.0
0.0
0.012249016818884127
0.0
0.0
0.0
-0.005248902954977543
0.0
0.0
0.0
0.0
0.0
0.0
0.0
-0.008043101477767697
0.0
0.0
0.0
-0.060529652879919876
0.0
0.0
0.0
-0.05809539946630575
0.0
0.0
0.0
-0.011739584661086235
0.0
0.0
0.0
-0.011797787640020046
0.0
0.0
0.0
0.1612377467694315
0.0
0.0
0.0
-0.05916805215968561
0.0
0.0
0.0
0.0
0.0
0.0
0.0
0.0
0.0
0.0
0.0
-0.11716744699624626
0.0
0.0
0.0
0.17097347985180897
0.0
0.0
0.0
0.0
0.0
0.0
0.0
0.0
0.0
0.0
0.0
0.0
0.0
0.0
-0.03251120432190325
0.0
0.0
0.0
0.0
0.0
0.0
0.0
0.0
0.0
0.0
0.0
0.0
0.0
0.0
0.0
-0.00421033628785048
0.0
0.0
0.0
0.0
0.0
0.0
0.0
0.0
0.0
0.0
0.0
0.0
0.0
0.0
0.0
0.048461125270839914
0.0
0.0
0.0
0.0
0.0
0.0
0.0
0.0
0.0
0.0
0.0
0.0
0.0
0.0
0.0
-0.011739584661086235
0.0
0.0
0.0
0.0
0.0
0.0
0.0
0.0
0.0
0.0
0.0
0.0
0.0
0.0
0.0
0.0
0.0
0.0
0.0
0.0
0.0
0.0
0.0
0.0
0.0
0.0
0.0
0.0
0.0
0.0
0.0
0.0
0.0
0.0
0.0
0.0
0.0
0.0
0.0
0.0
0.0
0.0
0.0
0.0
0.0
0.0
-0.19856782253205757
0.012078133349186795
0.11031855458415668
0.07617113459871458
0.0
0.0
0.0
0.0
0.0
0.0
0.0
0.0
0.0
0.0
0.0
0.0
0.0
0.0
0.0
0.0
0.0
0.0
0.0
0.0
0.0
0.0
0.0
0.0
0.0
0.0
0.0
0.0
0.0
0.0
0.0
0.0
0.0
0.0
0.0
0.0
0.0
0.0
0.0
0.0
0.0
0.0
0.0
0.0
0.0
0.0
0.0
0.0
0.0
0.0
0.0
0.0
-0.07509119630870895
-0.02455357142857143
-0.07436948336620576
-0.02455357142857143
0.09514840363492015
-0.12689460197888888
0.07676394332172994
-0.032939611628574415
-0.06349016279113083
0.13939574189819026
-0.017071654688858746
0.05148463016595561
0.049732504987978626
0.03230287922093686
-0.12148767156909684
0.11562342195889594
0.0
0.0
0.0
0.0
0.0
0.0
0.0
0.0
0.0
0.0
0.0
0.0
0.0
0.0
0.0
0.0
-0.02455357142857143
-0.001430482022994657
-0.02455357142857143
-0.02455357142857143
0.0
-0.02455357142857143
0.0
0.0
-0.06504898862002455
-3.2031650940864354E-4
-0.009000178236772568
0.0
-0.02455357142857143
0.0
0.0
0.0
0.11623517635762104
-0.012852702551142665
-0.009030861085343522
7.967909137852703E-4
-0.019318024701326618
-0.05236030379071821
-0.02681905313071486
-0.028397220356129186
-1.5751839518555674E-4
0.09725535716213271
0.020150866297078122
-0.04048476174229536
0.012679840322367707
-0.028720891546734142
-0.023899665640163846
0.0070011052359558595
0.07875606418879978
-0.06533227761699731
-0.005192972467105723
-0.07172097689582758
-0.020351522562010144
-0.05029688643123207
0.0384857025068929
0.17155844838453957
-0.039983801792723955
0.04847385785230613
-0.006014930680869578
-0.019546780067571396
0.029461682761434738
0.00900457441947478
-0.0031383269515426774
0.016156699936588824
0.02466215458091535
0.0
-0.01753134185820851
0.04260169226527178
0.03798502631870796
0.0
-0.018584293849265493
0.012902146751494389
-0.020314294398529137
-0.0467455543162279
-0.017952579128569637
-0.03647524372577018
0.06080180100793584
0.029166996358651144
-0.01133387863959641
0.03698850323190536
0.11962651969162427
0.0181543889993779
-0.016374535948153447
0.07369345095591606
-0.028380243449824184
-0.04044012063175073
-0.006358453417305372
-0.004436644692254345
0.006041390672364665
-0.021461584766734855
-0.01726048609759931
-0.023628066647259683
-0.029344691441026752
-0.05497089646233811
0.00681117199163039
0.0246283507663925
0.04606766535602677
0.020155919275743492
-0.026757154269738917
-0.04115095130666013
-0.02594733129568111
-0.020886496275341268
-0.04026045757502676
-0.04011647650447257
0.00894677528613963
-0.012218261028190104
0.014572979752044189
-0.018219138483081168
0.03772393402574294
0.06528248210000723
-0.05037188816172039
0.10342884681587503
-0.004723505884877251
-0.07267241847926034
-0.05472108458009087
0.0066124057377652656
-0.039647930420731455
-0.0030587336148318505
0.13415274732787502
0.007217260896490631
-0.07152474730438778
0.05084141297880541
-6.711142622548862E-4
0.008537626838703592
-0.047101441571269685
-0.04726477620869685
-0.00443180021075755
0.002291232455087154
0.08446946071630017
0.012063998723001255
-0.01255180591406161
-0.00559190086207296
0.012326809568972925
0.016494998385019825
-0.022612975270057928
0.003241846547456963
-0.00449480522006578
-0.04574394409185133
0.015708876189635443
-0.0038419981090212735
0.02455357142857143
0.04645290653294208
-0.013559603808048097
0.002699434250984626
0.1800022914361273
0.07695323491004337
-0.057134590790714396
0.045619204323617574
0.0027504233654472316
-0.04396680289213599
0.011434278200573064
0.007483989844977987
-0.03136791981083178
-0.015327251959056563
-0.025747199464618446
-0.037962209477538054
0.0
-0.056587280589071094
-0.0012684978864327015
0.09141878300045203
0.010317355091809761
-0.01700571661436316
-0.0212531525053762
-0.05370718156933421
-0.044669651678831926
0.026536522764151242
0.04815729950013828
-0.0779145227223616
0.018817603233308545
0.0069650634938344695
0.06204990843815202
-0.022911714099810097
-0.04488691177703008
0.021219879587243237
-0.006643054728745091
-0.0037839268342474038
0.036939380040366794
-0.035115823253328876
-0.0651324435743498
0.0022775002213626305
-0.02346980372188245
-0.024357885634309694
0.08376305072617235
-0.06451773827795108
-0.01926161828110405
0.026980918016373704
0.02163338651157768
-0.01700243066502191
-0.031392989161199064
0.0012296367243336374
-0.02620096803811072
0.01921274407431762
-0.0013308488505461777
-0.017200784635673646
-0.012143906805353107
0.016506912733590867
-0.003358979560712027
-7.304549192383228E-5
-0.018920856445865872
0.03185259746041606
-0.04678677887787329
-0.001188419239998257
-0.0028331170505951353
-0.010743805020428984
0.03033701044447831
-0.009906957181080851
-0.052487279720543005
0.16510509074548482
0.057093395662136434
0.05239601665141497
0.042945794690596534
0.07349297071360983
0.05333303681293036
0.017689426553027434
-0.03192069902630483
-0.03147085393297526
-0.06269409221377079
-0.023691285058399698
-0.04379796227770978
-0.025480754125913226
-0.02455357142857143
0.006567681571144079
-0.04219426679746379
0.07087659236412802
0.01681496473262966
-0.03510817734873781
-0.0059574728407315175
-0.044497326139139495
-0.0243161147328156
0.00581480360415193
0.011431836475715055
-0.034791736601269656
0.034096929523195235
0.060672055709485466
0.0459152664016846
-0.01625047965334747
-0.010954588237427964
-0.024662246813356468
-6.51115443736844E-4
-0.06682772320039734
-0.016338011167133164
-0.03646088850422361
-0.010678555413367147
-0.015121258651776638
0.046941261700947486
-0.07387645556693051
0.09722630514219073
-0.052860800965054355
0.040447834447110184
-0.004344499949578053
0.011522756300242399
0.007476887636741588
-0.0399378036580762
-0.004332694837185147
9.287131692092415E-4
-0.045278373936746934
0.0
-0.0038581196751451058
-0.06254703404936406
0.02046226323075833
-0.010987552569376216
-0.03531167789399425
-0.015443351521407927
0.017697860526203334
-0.046743965550787824
-0.015191650995581153
-0.017716502983689184
-0.006947680843773373
0.015144171810655992
0.050524780459604936
-0.01639994187886859
0.22268368059461469
0.01076568567790736
-5.882319204994152E-4
-0.030552385779964636
0.07794528125018961
0.025446603285842924
-0.003663604584561525
0.0037430396672566953
-0.04855720724522968
-0.031160791611419714
0.04715687276226678
-0.03813766470612921
-0.014095684057584029
-0.017815340420213592
-0.009760044872053134
0.039248452544761434
0.02266358190095732
0.016868465975666883
0.027659411276428417
0.012460497821678514
0.007982256137912223
-0.02780729271819916
-0.020121785650540555
0.011782354108656667
-0.04953717904366235
-0.021790604206643093
0.024428833618562035
0.06908944035496527
-0.01043357869669118
0.02680311199662269
-0.05323900575637124
-0.05123176411399228
-0.023757873099355113
-0.028040488284621214
-0.016335300155387568
3.6855940262173946E-5
0.009445638705493411
0.005872446786534433
0.005058132416829711
0.013908857419255663
-0.00739481691669322
0.014251108503150138
-0.01947777644279899
0.03053608982209893
-0.02938586444192204
0.013686833283627334
-0.042905744542171505
-0.010515886421249617
-0.001467229306498695
0.0070222295703629214
-0.0033506799110029316
-0.06397334117277959
0.0
-0.0205805084204704
0.016717639750523754
0.007566669378624955
0.02439371967152909
0.015630820416402652
-0.04270790882325598
-0.046609332188900114
0.015369809644893458
0.05617624279863352
0.03852148280600857
0.03287906591153705
0.05387738430541931
-0.019185022502656572
0.0027983210202920314
0.012568609504880382
0.010433984916800101
0.015135900796614612
0.01831909680958762
0.01952695001042032
-0.045596748327084054
-0.03245050633328478
-0.0025028460839518003
-0.06166069489904595
0.014585674125478997
0.04745838814578331
0.051683700268625746
0.022749688371599217
-0.026518600692413036
-0.018485392140421976
0.014234420373283239
-6.863258746283071E-4
-0.012131453424525158
0.005240983689686059
-0.01057784354463805
0.020956892021374234
-0.017629650234170856
-0.0036639619667117873
0.02695853359760934
0.029833357555814167
-0.016127008612917743
-0.02115088512791518
-0.06614025070713937
-0.008264045777098598
0.014459698078096977
0.007110641860956333
0.00836719962677255
-0.02415347305124018
-0.014393835334998717
-0.009676337342360508
-0.02925075528236237
0.001409376337850439
0.04691773740164627
0.014398746143113816
-0.02503384166765416
0.03637797832761431
-0.010864349521039068
0.011344066000260567
-0.019044454071882055
-0.019242965818034745
-0.011601963661647563
0.01761285105893433
0.014100479837773234
-0.010930390334973719
0.05806790709693612
-0.007964401493391091
-0.018902593688142316
-0.014450004068520492
-0.02606631311453343
0.02603414168365925
-0.027313955351702772
-0.026039583922123806
0.037699265511223906
0.00685981391150834
0.03707700646301221
0.002360172349375132
0.005018871076627143
0.014433656365939882
-0.024102007337182117
0.010825870984279602
-0.014104441736225253
0.042164458407149615
-0.016011028307851685
0.0029574710203180803
0.010389519738505036
7.897351536925497E-4
-0.017068851760857824
0.005533205337466564
-0.01245566848626311
0.0
0.03277198354618521
0.008274390102615846
9.302296054112863E-4
0.034407370095549755
-0.016496518476990137
-0.0064100229732540395
-0.008764682994756499
-0.05755530571796624
-0.007076650603254464
0.026125060102738663
-0.0019051994870730553
0.03369011541713732
0.02882594445614862
-0.03529043203240215
2.1758646024070197E-4
0.006095054557360443
-0.005564521991174374
-0.02040149261527258
-0.022504014225055553
-0.02009396224481215
-0.0020687765463590305
-0.0062719745209752886
0.03275313283892298
0.01673175113864276
-0.02077571185970651
0.004184920486607415
-0.028033069271243067
-0.021848098690244865
-0.0527428269511568
0.011325789113941569
0.04177619358971882
0.0241624858261089
-0.0051113526739085995
0.008402663579653477
-0.0021602152291076687
0.022037067950105058
-0.012670315204115504
0.015452582822436608
0.019692047361210885
-0.028004054917071655
0.02620267012321965
0.005155744856083898
2.216418903846322E-4
0.01720772654884204
0.03765076824200857
-0.04521737351420506
-0.012038272150804542
-0.03714129387307113
0.013376247588822141
0.007318836575034432
-0.0021957854901219244
0.06945635045740904
-0.020025318310261046
0.028622051103945587
-0.02726895108431105
0.01855900347942397
-0.03961131653322787
0.00804807143695498
-0.04233337594779786
-0.021321424404142905
0.02433478937391288
0.009638338237139797
9.447531055770987E-4
-0.008804286780219266
0.007417855138038781
0.0070724555003368016
0.02389003161099579
-0.011764029039480824
0.008121191441173589
-0.02304759138958566
2.7277898647368264E-5
-0.010491950033714201
-0.006836635674329974
0.011936773149438556
-0.012268908088987389
0.0023009476504485633
0.03499497484040093
0.007858074747840562
-0.006730800772942013
0.025563364013218334
-0.010622481537105242
-0.022621697687216065
-0.011646291918323498
0.007816154554841451
0.02536118754457055
-0.00867033279411823
0.005332469124133276
0.0024995331264734792
-0.012202275211250882
0.012624644421160345
-0.006256868350240377
0.015502441898237424
-0.04242774051065288
-0.055794282784710214
0.019070770301926603
-0.02346952990337311
-0.013591878737691215
0.02626258257048018
0.028298665483476013
0.023073418795704778
0.006064719828353455
-0.01521831581403831
-0.020803576299621703
-0.03721271356878408
0.02052400438265843
0.01522132487218177
0.03693974078386826
-0.012117570365537069
-0.011325885967776988
0.005195873794915491
0.02184198018042974
-0.0025055014026570746
-0.005980929861597208
6.953048849348518E-5
-0.01751288456311306
0.07381914417832168
0.0020719639232083652
-0.03395942014138812
0.04665020680833253
0.0010080940477167118
-0.005932186076804584
-0.004344484599082446
0.028790357132006873
0.005507983845941748
0.0032678295162239645
0.008892083105641813
-0.03598208536160413
0.008911662855695704
0.004038735939916679
-0.035028703148790294
-0.02063447600797419
-0.01843424510953362
0.02057552075914733
-0.01258308082997807
-0.016204321816236465
0.002712195954672616
-0.016167493822174014
0.010000726394870936
-0.03467165156351985
-0.0017051435910072207
0.03203846248211253
0.0274287149342216
-0.009931219945591256
-0.021710356269140252
-0.02298944499888992
0.02453581159822075
-0.0037554219333479624
-0.03403735467427406
-0.007114975348470989
3.242762692091338E-4
0.025192448532541933
-0.044207946468810974
-0.018690786537697377
0.016956490325726242
0.05151838041666604
-0.006699133518115131
0.007555709464459964
-0.020278829577928356
-0.013679742373230816
0.026666896049357056
-0.0033225534403706347
-0.008727875719686896
0.020510235925691907
0.007845456487046161
-3.7678930376729364E-4
-0.02455357142857143
0.00786895017226145
-0.011044967359914844
0.0074748465980594165
0.021398229420097666
-0.040605543656597125
0.025651623234517567
-0.035355885323167593
-0.008320789416225223
0.028807922376969664
0.015071913727475348
0.0040616864214677705
0.020052686792213073
-0.01615676632812095
0.0269384568365914
-0.0017152975665332068
0.01737778018484627
-0.01340793857334432
-0.01636976201593309
0.019915569143606246
-0.0023376788766442482
0.013947591779088515
-0.028616741959908057
-0.010637130644449884
-0.022855239008242385
-0.00866268451812817
0.051214155676728226
0.03125232583315051
-0.007869247214240559
-0.011089950598738728
-0.00851435578904724
-0.02348035569568476
-0.014485193758994883
-0.0050527185826095946
-0.009778637946388656
-0.03383967632249989
0.03742590246004443
-0.027123208029772437
0.0013775922571899442
-0.00732291964895413
0.048796040558068014
0.001160248375308555
-0.011024902963659797
0.00900585298717239
-0.024917158879546014
0.03196775118458937
0.03183990385083221
-0.04200722579356736
-0.006163781269203113
0.03908643318327522
0.007578091845469653
0.021100877989836793
9.449753304489779E-4
-0.02211782902612655
-0.03571606527422731
0.037241796488202604
-0.011280796520616778
0.017476244352351317
-0.013406736419006037
-0.008236583205701135
-0.017273069335980523
0.008131263657231137
-0.005692311606913834
0.01517593972221041
0.01753147829537715
0.0019250099527141295
0.012905604854201173
-4.402024959814245E-5
-0.03466205931789062
0.003588898635411482
0.03147320487135456
-0.020210841142711107
0.0172463278144335
-0.027676772021120316
-4.463771798250114E-4
-0.03395530764995922
0.001502004243139933
0.01286325224289311
0.006504873188451225
0.030126482281078205
0.006401099088049592
0.001539238733883527
-0.009723741216956664
-0.04001470684263299
7.239101643315461E-4
-0.0030124014383168026
0.028673066407734368
-0.0012356144398144274
-0.032117244105529935
0.018940075589635424
0.017241736428021945
0.030099813200495644
-0.024868769684107263
7.800603562510295E-5
0.011965372985823623
0.02105599656410367
-0.025278064326243372
-0.013408008486334838
-0.03234275780367763
0.020201430801673893
0.004693753859894878
0.01458032370345387
0.006915025256266067
-0.011241389547375469
0.012593813745212463
-0.006896309858144552
-0.018464869408113843
-0.052691141599969085
0.02709953370472097
0.01235193066196296
-0.01467897729360561
0.010055487799014457
7.228755546288754E-4
-0.027581396165628585
0.008003010960003557
-0.002311781094158312
-0.028696027840867677
0.0220757030271099
0.003380557876037877
-0.017597092344223176
0.03596826327588837
0.010154604035939298
0.005991003436719165
-0.009813490656731472
0.018520867692102497
-0.0324013442836788
0.009767546636386924
0.002594008734210725
0.00800530616433379
0.0059692775793059386
0.013277207847448506
-0.0163881002125376
-0.001985859560738476
0.0031630398904901186
-0.019110472850127548
-0.02034630087387198
0.014945491083850885
-0.024046188546478525
0.007987800704961186
0.025872006891688233
-0.029635205504562313
0.03764771439388778
0.03286376593816258
0.012507142612010538
-0.023280947557065345
-0.008531145476051608
0.04445280659418399
0.05311160629011881
-0.0016717022672352849
-0.03206073523866046
-0.008742677423012404
-0.012021765341571298
0.02418019688590997
-0.013564537640557383
-0.025325536990564855
-0.015058703632924206
0.03000666004828397
-0.023103307763568868
-0.0062551718437517155
-0.020127946111427757
0.015060007119850614
-0.009463169377853367
-0.05933959086046886
0.010368787277569432
-0.01582548923869365
0.02628313547393807
0.0024971834230602535
0.02102367074765861
-0.028127649156313363
-0.020657428391785228
0.0158437876655819
0.01755686834688589
-0.03346320691076544
0.036869216081034724
0.027200287194090643
-0.042296161098889035
0.011461465271780432
0.023492585322928715
-2.219512300298222E-4
-0.03864893987542815
0.030667569428286717
-0.042217075528113795
-0.041424321076449715
0.009546515347111182
0.04238646764868881
0.02088166208007154
0.01748613040842337
0.010516920593537241
-0.026806140443854543
-0.0030447293371544185
0.0
-0.021048814654111892
0.007873187362602542
0.0259312984530978
0.04169389413496321
-0.027830034689518546
0.023564178408694864
-0.043960850018656204
0.021909198893297583
0.008963320887828693
-0.03361578003772173
-0.006140313535250642
0.012307003673664692
-0.02749411751335796
-0.007789011064321412
0.0406524317118117
0.02630009680373735
-0.0030955804090988855
0.01581050196050657
0.01479386293335647
-0.032749544324439064
-0.02123637833224369
-0.02581624130864529
0.008836384712909895
0.00751081655234696
-0.004225063904286223
-0.0018037630969435672
0.009631722646051086
-3.626141079278106E-4
0.019007524581495912
0.0114352481892471
0.001349410259306339
0.05766028810157523
0.0048737968673570825
-0.004021233097323707
-0.031927693232960096
-0.010788567597623505
0.001115385749858748
-0.0046904611263933575
0.011365061976899671
0.05091025132851445
-0.01915925583230979
0.01110273456624775
-0.0061191737313997675
-0.050464977104119194
-0.021499604687067873
0.0060710453943285374
-0.02606198891463387
-0.013838526441946221
-0.009169965566202302
-0.006368821531972836
0.0036166973570170464
0.04938466675224374
0.0043621713642046644
0.03191168357881576
-0.058146780054236985
0.010738835393838622
-0.021380210229841233
-0.007815376424749205
0.02327998660131549
-0.0013313477798548407
-0.008480522399095396
0.02391359717258202
-0.03358234448115349
0.0
0.006930166919628993
-0.012701214755648428
0.02608243259312454
-0.03126148749395577
0.00829576815059467
-2.2160490707005074E-5
0.008508847628209072
-0.03781069688156071
0.02284050955524986
-0.03800929095193602
0.014927779907589455
0.026235533659894034
-0.02142399072341876
0.01667392520741911
0.029888142548228767
