7.60463980796558E-5
0.0035299054542634323
-0.0077412423196771
0.004135290467334352
-6.088371425130891E-4
-0.0018237566782340342
-0.020644988008215286
0.02307758182896269
-0.006361111389891514
-0.0083335716797611
-0.014736477633463557
0.029431160703115744
0.03576726338651255
-0.030435592653795376
-0.03876264455439346
0.03343097382167645
0.013277865094043427
-0.034909840162364945
-0.027378651345247584
0.04901062641356925
0.007728887587621292
7.391420726125288E-4
-0.023714517609452868
0.015246487949219067
-0.02581577788921853
0.0036608966010407244
-0.012323621703049011
0.03447850299122694
0.0016825376312650207
-0.013068271916828297
-0.01968446277274017
0.031070197058303398
0.026099884737271685
-0.03708833633399772
-0.0012037375224615843
0.012192189119187881
0.06485062900276223
-0.07543211218780906
0.005218528099112923
0.005362955085934004
0.10290675235157871
-0.11872602746109928
-0.05894239482635116
0.07476166993587172
0.07358486406441044
-0.10759979339677052
-0.07848030902088689
0.112495238353247
0.09297202022191033
-0.13275591070133197
-0.0944532654498887
0.13423715592931018
0.010971077265924101
-0.16839471697363817
0.09313717875362572
0.06428646095408809
-0.026718293839898447
0.011447837651066632
0.06988947935421208
-0.05461902316538032
-0.21783365799585885
0.016321705214146828
0.1164526001559207
0.08505935262579123
0.0021356779060312837
0.011239308090428342
-0.12471999159092503
0.11134500559446546
0.13591748115165492
-0.10045455411512012
-0.1051537598839884
0.0696908328474534
0.09116108897577033
-0.07847631744108757
-0.08765959599663906
0.07497482446195629
0.056714215576789975
-0.07771879341079027
-0.07310939840926123
0.0941139762432617
0.009400769399187455
-0.0455833262647393
-0.03653087981645603
0.07271343668200761
0.03904054890614149
-0.04762333349047776
-0.02329431559000345
0.031877100174339396
0.0339415075268771
-0.026636060323387976
-0.029285965588901963
0.02198051838541283
0.03184183438268111
-0.03794711227451855
-0.005765308928619917
0.011870586820456996
0.03319564598370247
-0.036518072282737866
0.007214439441926523
-0.003892013142890987
0.0565628137468107
-0.019997435303218583
-0.03607225437120305
-4.931240723890229E-4
0.03926020699733811
-0.04860400776267721
-0.0042431869217867055
0.013586987687125934
0.02153241147088287
-0.04580125901884302
-0.012895604253899972
0.037164451801860385
0.07004144795927057
-0.07621584358048045
0.02217840897098069
-0.01600401334977073
0.061614867093612066
-0.07624690542652038
0.00965293413434826
0.004979104198559826
0.031597467606438175
-0.05365745652158114
0.029105941310804108
-0.012717019334283673
-0.01626767227722939
0.010655358546796884
0.029952172114527845
-0.03184896886356884
0.017282372137546492
0.025276565254573537
-0.005729567472654691
-0.01981295548981964
0.0034441376125499404
0.006773751973710149
-0.013638289491756245
-3.397907079738735E-4
-0.014713868232253626
0.011439299508919677
0.014270561559447236
0.05691964285714286
0.016330000091028175
0.006249068195166518
-0.019324252686261492
-0.01845755040143645
-0.014072003516860531
-0.023221607839546785
-0.021923534562305495
-0.003934593906696234
0.008140373193489764
0.01534879516242569
-0.015392971247712064
0.005872547279716029
4.275239468351927E-4
-0.0010661348546574696
-0.05715316663078713
0.019228714519985493
-0.02467125620271203
-0.028235822000918766
0.028670942120961905
-0.008983518587738772
-0.020450902464399973
-0.02076454960281636
0.03276331988132625
0.08638089059403105
-0.031644238341008095
0.010075439201874668
0.006388992958308765
0.0012925231420379
0.02502795528546452
0.022348918740478715
-0.01370060912680314
-0.057966607777662896
0.03759039069273936
0.009152284906480498
-0.007378195115381257
0.01474326278931172
-0.020368602228501457
-0.01666556851908052
-0.01491023810318144
-4.940121698298432E-4
-0.004012788693018054
0.017958086168413757
0.013262416858003438
-4.5140324009911026E-4
0.021126457808487428
-0.01335936940671132
0.018541340360241285
0.016030649844466865
-0.0032853847025532956
0.04406548338785247
-0.03535546300051026
-0.026360008811629122
-0.010137799863045598
-0.010740776516328227
0.007275722175998972
-0.013874418683964067
-0.029332617245634778
-0.003208531808933668
-0.01382338385543023
0.05182926317518046
0.008173473382230612
0.014047557512735509
0.0014227116465873428
-0.010662280237727348
-0.0019808069266371324
-0.03228496501065321
0.013451051431547824
0.018635610153267666
0.040165965287768814
-0.009873246034975459
0.013680837116280091
-0.012052889935226425
-0.019443475470375317
-0.0026082530581749285
-0.0036471032844442655
-0.01884794325043783
0.04136463030619889
-0.04715192729793337
-0.038651402804997514
0.006829563724516562
0.0034226993351840346
-0.019582708937572503
0.0090413482221347
-0.0282564993266164
-0.023138209087798567
0.005876978810332676
0.02108760848253409
-0.013626398461883613
0.04028629143226372
-0.006527780092309142
0.024793213903598794
0.003587603784131978
-0.04163347935580292
0.04031513389813877
-0.04939207969644997
0.026637908926127683
0.03266180652184553
0.01197361286902128
-0.0105833655246694
0.01610401864022687
-0.004421792911289379
-0.021525395848221607
0.014365937389508115
0.0022014004468467567
-0.018060495124329588
0.0201485948799372
-0.010969617116323098
0.015255393834396455
0.03809958476486418
-0.005807073965439409
0.020055636691479313
-0.023317065349790052
0.008358597894580207
0.0010364569629422735
-0.014561008208777345
-9.826519425155389E-4
-0.06451967804912871
0.013367679069055933
-0.0071421611338467
-0.009785270380699394
-0.0027669870975340904
0.008593618652628403
-0.006186207161417198
0.039195417863706644
-0.02795547019741288
0.0067197377992284785
0.0251292637440009
0.026924782882022616
-0.021607029790325374
-0.015651442648282804
0.02794286267956805
0.013487032067688169
-0.005617789410072183
0.021423222357109514
-0.019085747405062067
-0.02016611441347238
0.029227676138205136
-0.024298030718296584
-0.005206160874265252
-0.019600363890394303
0.01855673059475817
0.0011145394746007176
-0.04138440503877936
0.024181298395055756
0.019800074477971687
-0.019823948284050742
0.00985957448327793
-0.04609814026639147
0.02766849128919564
3.9651037199177515E-4
0.020520446798245127
0.007824656704888716
-0.0022061749699729787
0.01505896120799574
-0.017688225370139785
-0.032516867502110317
-0.01605348410309304
-0.01634155720923933
0.007244954462804697
-0.0014002095585482904
-0.023742703468127086
0.023841137454714167
-0.021422156826276923
0.029127752760209315
0.005372288358888957
-0.022626707174531996
-0.007366009459889418
0.020973537922933647
0.030663738661245825
-0.02191294351279109
0.0019106912738302245
0.041162831120986114
-0.007267405878226631
0.05910264493461445
-0.031738661509337775
-0.007449216487933629
0.0214878388048222
-0.04626823360439945
0.013663883435233707
-0.0031978425365060056
0.0015646012891497793
-0.03922986398926255
-0.03051064431067929
0.07922135687029763
-0.009019063012524843
0.0677582772499257
-0.030619988139549713
-0.0017304197291111156
0.010771039052481501
0.03152863922613547
-0.023493427647704155
-0.03599731151681339
0.016031936316987183
0.0019045605017261298
-0.012617003803634752
-0.015917289529755668
-0.011166999747279265
0.0458260169887703
0.011564839573759741
-0.04440458468745907
8.391533239017457E-4
0.0020706475082716276
-0.027088549861267276
0.019712741648084335
-0.03051756958679898
-0.021889331908058966
0.0012159962494201967
0.014094217434321465
-0.031409301363815874
-0.01036363097274962
0.019426963452678834
0.03490667350751189
0.028080684924376317
-0.041239209356358074
0.01048167752748257
-0.010396624296053855
0.018679133360403097
-0.01732677851525015
0.003516671853497246
-0.006022216864999601
0.00836753445001492
0.004608121216557338
0.020576765470299872
0.02136583159507177
-0.006699719295642496
-0.006447756731751445
-0.013507536511703368
0.004096618168633775
-0.0010013246460453943
0.020299415995634743
0.012946369299772758
-0.059414362781354105
-0.0010116504041819676
-0.04959437647119308
0.05246812731227857
0.026378917155284606
0.043193328517997724
-0.028719186292201358
-0.05317798212961262
0.02005743794128706
0.030619779188638348
0.02297189588665046
0.023711908684673832
-0.003953510290714345
-0.03232804258793219
0.016726351211731882
0.01740315140224139
-0.03524078746336297
0.005170366504149766
-0.008933922616490243
0.001875540279215382
-0.006098463142228693
-0.00789120141371771
-0.006067797877660139
-0.003619986096071932
0.016989739849800786
-0.03203864749947602
-0.003201114817511126
-0.01752970601167818
-0.008405592478509045
0.010408949614044209
-0.01319849362447426
0.010809340473125853
-0.0010534898901213745
0.007625591950610747
0.027386722333447203
-8.673465118988824E-4
-0.014256808162275075
-0.037580874905981033
-3.244778264700314E-4
0.04388465830094876
0.011497656251703752
-0.016374259299772032
-0.01762558552276915
7.848733028254992E-4
0.018871331158500065
-0.011655669127027249
-7.764492058532635E-4
0.01193460328112575
0.004979757142090521
-0.03572856006971487
-0.01788007781377828
0.0057546669950502664
0.012859755993873494
0.03585778835174951
0.009954151273189445
-0.017351152071626637
-0.018973214285714288
0.01654159850506242
0.014056214599933434
-0.011343101838516157
-0.016346941494725608
-0.0032049772893769993
0.00985139593350106
-0.031244268790411776
0.02287411131124654
0.0015690516715267944
-5.587290402050814E-4
0.006651179027560438
0.030677520550376074
0.04589087573363153
-0.015491538585769226
-0.0222150622463737
0.025394765648559872
-0.02849104560994665
-0.0063969581874554725
0.013284072111845036
-0.0035533790375850034
-0.02295372770963866
-0.013840579486832441
-0.0017111633384497738
0.008241008538558447
-0.027427275569189526
0.024933516556600973
0.032576389581922466
-5.11010812256605E-4
0.017050539280884743
-0.025131156923619235
0.007566691692577926
-7.376031553907141E-4
-0.029147180520176043
-0.020698117956440262
0.05668157646665896
0.009365132156260982
0.006551434129811155
0.028740108740659548
-0.044502100368875676
0.004834531635709958
0.00274126347171468
-0.01584234593655623
-0.01657648968882396
0.01984285904821658
-0.05525041741165894
0.028504055061325008
0.012635840064508618
-0.02266921710446691
0.031500957663303214
-0.014996751068348559
-0.01850825934380724
0.014606857063758028
0.009140652222095633
0.014301197970080198
-0.002744375898581501
-0.011794647927513092
0.04277920313184911
-0.04943923477461305
-0.01394859537226004
0.012168218114876724
0.014980224486532391
-0.011018453987292417
-0.014111791884228793
-0.011213528558438742
0.009240940515736347
0.029687077873132905
-0.007198622948362229
-0.03171540257753343
0.02227482793826369
0.004686797890585133
-0.023532360611592716
0.009984774572671107
-0.03719873412194766
0.028934110897714825
0.022619789011102447
0.008826839452876187
0.02181213364145728
0.014841144283822591
-0.008109035140792767
-0.005873020695097379
-0.028244747188695636
-0.0017222793500839047
-2.475884760251689E-4
0.007077520579448853
-0.018770148960311026
-0.023846166003702558
-0.007658879320087422
0.03415087191058504
0.009851713238405155
-0.01820440579075632
0.023371291383035918
-0.024244182000421232
-0.021158518325734156
-0.017344553165674584
0.0026803167924518423
0.018926426747873763
-0.010598093505285282
0.009696953525108215
-0.005817565057568537
-0.005686044301365777
0.00689380311798795
0.01969188608680763
0.024895252918982803
-0.0072221758374438685
-0.031559114758356724
0.04397131798089356
4.884096007368721E-4
-0.024197405218373137
0.008243933810075942
-0.006936079255264755
-0.0046402308140313635
0.018345562839751996
0.014987116768111066
-0.0016627658754029724
0.04161192669332026
-0.02104875247153593
-0.031769701677037104
-0.031089513746010728
-0.010202920633582191
5.721358391303742E-4
0.044316553920768775
-0.026588742931335507
0.011032228999260117
-0.017494373169266983
-0.009387411459935264
0.020133348390413662
0.004116413303449383
-0.03396789332150117
0.047434466258207714
-0.005053990276896101
-0.04015435118901915
-0.013640078049145955
0.006146083836702194
0.004157014106339618
-0.004723105833603421
0.019091101422502522
0.01790181602091085
-0.017131504312255682
-0.027845900748989016
0.06740249484404676
-0.02138707353394887
0.01936570009204404
0.007538310477225318
-0.006006799369456686
0.002873057232190418
0.007434313258402714
-0.008112514865063508
0.008499004627767294
0.0013967921580320224
-0.013209161984716894
-0.012849439600338236
0.01870927356810019
-0.006828466060988633
0.007287628804677471
0.002227284911189325
-0.00525537208385095
0.014007258073280869
-0.004565123970071732
0.022749912639592088
-0.00861330441046336
0.012032720529079551
-0.026122417512151008
0.027474065475561332
-0.012126450469764658
0.010664365479518512
0.01926428995781678
-0.042111300545035216
0.007575067078407344
0.03370257102073628
-0.020760834778877697
-0.034639053144380774
-0.011600037340076613
0.022897144604378025
-0.024357456270109764
-0.03885319788990623
0.00281354587297997
0.015276846823153792
-0.0089450762754639
-0.004349843371354455
-0.0330687067329015
-0.009027012093453624
0.02301741967485394
-0.009919146895661929
-0.0017609135540286158
-0.01751882953647028
-0.03205851425158143
0.03199832867029953
0.06417094845252624
0.02757580608792718
0.014515895903688736
-0.001580733569887856
0.0
-0.0045112149726410904
-0.009943987233108386
0.014705662898989884
-0.018203795746694354
-0.007018837346367601
-0.015492678859765269
0.05029764410596242
-0.020740098665785665
-0.009284499461664274
-0.010862108743446697
6.425488019209807E-4
0.0209705938591754
0.11087666385473995
-0.05981352292053775
-0.04663751773241979
0.03866751202985478
0.06791006401276381
-0.0379375166685275
-0.006252529905163395
-0.018761001683521624
0.03336196055940843
-0.03172448782172005
-0.015070091069555787
0.0032869099888907048
-0.017744632860896663
-0.015770908788862406
0.011193999313135583
0.010514984429683408
0.02127223140195858
0.012809174779395797
-0.005195976576983244
-0.0032140199925884613
-0.09815599986307338
0.02530719845932232
0.08682893502381281
-0.05155730138238229
-0.011451160340549405
0.008798422585294872
0.023651466354929967
0.008718641538457826
-0.04162225906817473
0.004118849118212989
-0.0017533526596941879
-0.015643185711937284
0.025416087705358553
-0.010742452734267197
-0.04188466507532007
0.02322633830195802
0.008990814406894698
-9.622920587852957E-4
0.01394833586686514
-0.008396989426785963
0.018340004990306316
-0.02841796525570868
-0.013050543315016353
0.00854626064534579
-0.011766574445191956
-0.04465004358138518
-0.003496401221272396
0.06369634767454277
0.0036050550961818015
0.01644614178980107
-0.019980420924369774
0.0
-0.005393997767684233
-0.004636750892376411
-0.020897960260490366
-0.025465120048677344
0.0023874472632136948
0.022408271566323773
-0.024627641936859446
6.103234635103632E-5
-0.003118952593676759
0.026041854962720438
0.0042819692920500994
0.04108126122668031
0.2851736602465491
-0.051898314969242146
-0.09055525209735478
0.018449944878286727
-0.014303373681430772
0.007295528421540645
0.021711654121736035
-0.056004467947453986
-0.0018632736729829518
-0.028488812403880417
-0.038699844529099234
-0.04464664970313026
0.0
-0.040530073237907756
0.006325042597798698
0.09288486097933339
-0.04257025867547008
0.02057763965941945
0.022729937192120762
-0.027386437387169234
-0.045500549120084915
0.012743837593957988
0.03036558767015904
-0.015838237304399
-0.049468004547088835
0.07262986285763544
0.03718606305833465
0.013278859356142944
-0.04645991496471835
-0.012824321948575914
-0.03289959086739477
-0.011996584760678173
0.10434650660463848
-0.05623716504567383
-0.04147845646226074
0.03600736737567512
-0.022490331824440227
-0.0425458091263893
0.06000328649359543
-0.023902904468575993
-0.021543917255589885
0.01157341559382499
-0.010996711128604437
-0.008129597176132337
-0.04216038220736662
-0.048031493012285674
-0.011750165399151705
0.12255488513784936
-0.05187101424299567
-0.012413497076368074
-0.017174547489098697
0.007206639840522331
-0.004554602509031304
-0.001986860722742654
-0.012088719320068195
-0.011630065737471993
0.0013466376515096057
0.008565145941183759
0.03133023565357575
-0.031015804522050012
0.025503682262912927
0.053971124078732925
-0.03248882851517475
0.0526634297924981
0.2603687199085242
-0.0013223356611884876
-0.03560396094949951
0.07163647063488564
-0.03710149592594186
-0.028546911062048562
-3.4474328338948354E-4
-0.03397818716048469
-0.022061789944318486
-0.030983315626633395
-0.05553304342758013
-0.017900169858061456
-0.019559003190695035
0.004177103506430597
-0.03951500540514711
0.08917441979672651
-0.009887785409174784
0.02006005077378079
-0.03698975636014512
-0.060031366139448095
-0.07082793649405414
-0.0036517334500123858
0.06115595685635813
-0.011169590745924992
0.03813030026700501
0.031844257662049805
0.034565755837456046
-0.004548504801088553
-0.004704618471657759
-0.01929810951606687
-0.021299955123466142
-0.06207299234671022
0.02352057893267351
-0.040427204991540504
0.007574286257887577
-0.06219621802317265
0.0022310010668750886
0.0739042024427508
-0.007910613646189021
-0.003944977874673119
0.023314909645906205
-0.0160345886210511
-8.478272479576256E-4
0.012387249277309281
-0.00349604465407391
-0.05751111130168597
0.01374336122433271
-0.023249397313742474
-0.03405480582313741
-0.014780942848532196
0.00269895138819036
-0.016979817625692804
0.0016470064766194795
-0.061743409630080244
-0.009857552077596327
0.022539191111020665
-0.04016821309085242
-0.03752953791070351
0.003263237528929895
0.0036209712887034784
-0.014378803071787355
0.049087675533199294
-0.009552357022072954
0.23095007570966383
0.019021917672065437
0.0
0.07258472816979149
0.14834006176702857
0.005814939689236067
0.018973214285714288
-0.03360694525267697
-0.027651641449753787
-0.02246191350215604
0.006327572278174412
-0.026577823257149975
-0.019608315182435082
-0.014462410413663803
-0.04840811537002502
0.011922504738750245
-0.01662291010848932
0.002961938610829732
0.01646782536377532
-0.04131712992018144
-0.08216405893092503
-0.011918767411006777
-0.0408737604445018
0.07602450965959105
-0.04326983350347286
-0.001730424850917671
-0.015089276837022035
0.04457539131718245
0.015287358219940542
-0.0040123987241162
0.00812074280652286
-0.03035745145018457
-3.044573022841987E-4
0.06848381801852219
-0.047157302120785505
0.06404704608334333
-0.0861583551033397
-0.04357097700538655
0.04206309490592551
-0.0018298532619756348
-0.04936544913490154
0.04290032674529624
-0.00819892058433684
-0.034793957096208375
-0.018459326373902855
1.0313911633586317E-4
-0.04486988511313037
0.011082417522942097
0.02724387438071519
0.0
0.0043297203049328745
-0.061638495919341854
0.015170306226194927
-0.0638758976793072
-0.016827297161448374
0.015658443548952225
0.04150030951368036
-0.036134642370468935
-0.01023049092955809
0.011330369340284698
-0.021589192366611158
0.06985242937066177
-0.0330218383578754
0.016033424530507094
0.18193809030264407
0.0
0.001529685894727995
0.08893798840668936
0.0
0.0
-0.005086864139095284
-0.021272892312982024
0.0
0.0035192109462084536
0.006742362216289098
0.02341457525111396
0.0
0.0
-0.03935070104568035
0.034538655004639096
0.0
0.0
-0.014140857606696554
-0.0994098447997679
0.0
0.0
0.022601723647558164
-0.002593877467916797
-0.016672594593951744
-0.0018298532619756348
0.15591573999341518
-0.09783973203754895
0.0
0.0
0.01277136675178249
-0.0915579813262303
0.0
0.0
-0.003184611337022526
-0.014242042641223892
0.0
-0.015089276837022035
-0.01210183923572052
0.0
0.0
-0.0014414582024734291
0.037946428571428575
-0.022997775779132063
-0.018973214285714288
0.0
-0.07617147433191065
0.05077521291461638
-0.018973214285714288
-0.01187691648463581
0.04164194483063133
0.0217157310032221
0.0
0.0
-0.07973534488145653
-0.0384437511530514
0.0
0.0
-0.03222878186856206
0.040909677210576895
0.0
0.0
-0.005700939808621654
0.1979555370812074
0.0
0.0
0.0
-0.01187691648463581
0.0
0.0
0.0
0.02584616178164023
0.0
0.0
0.0
-0.0029981680310803126
0.0
0.0
0.0
0.0
0.0
0.0
0.0
-0.015089276837022035
0.0
0.0
0.0
-0.07432232460871414
0.0
0.0
0.0
-0.062310520933950224
0.0
0.0
0.0
-0.016672594593951744
0.0
0.0
0.0
2.4789948175938975E-4
0.0
0.0
0.0
0.1683757489125708
0.0
0.0
0.0
-0.05651325535499008
0.0
0.0
0.0
-0.018973214285714288
0.0
0.0
0.0
0.0
0.0
0.0
0.0
-0.10845174843443017
0.0
0.0
0.0
0.19171142367423266
0.0
0.0
0.0
-0.018973214285714288
0.0
0.0
0.0
0.0
0.0
0.0
0.0
0.0
0.0
0.0
-0.026718293839898447
0.0
0.0
0.0
0.0
0.0
0.0
0.0
0.0
0.0
0.0
0.0
0.0
0.0
0.0
0.0
0.011447837651066632
0.0
0.0
0.0
0.0
0.0
0.0
0.0
0.0
0.0
0.0
0.0
0.0
0.0
0.0
0.0
0.06988947935421208
0.0
0.0
0.0
0.0
0.0
0.0
0.0
0.0
0.0
0.0
0.0
0.0
0.0
0.0
0.0
-0.05461902316538032
0.0
0.0
0.0
0.0
0.0
0.0
0.0
0.0
0.0
0.0
0.0
0.0
0.0
0.0
0.0
0.0
0.0
0.0
0.0
0.0
0.0
0.0
0.0
0.0
0.0
0.0
0.0
0.0
0.0
0.0
0.0
0.0
0.0
0.0
0.0
0.0
0.0
0.0
0.0
0.0
0.0
0.0
0.0
0.0
0.0
0.0
-0.21783365799585885
0.016321705214146828
0.1164526001559207
0.08505935262579123
0.0
0.0
0.0
0.0
0.0
0.0
0.0
0.0
0.0
0.0
0.0
0.0
0.0
0.0
0.0
0.0
0.0
0.0
0.0
0.0
0.0
0.0
0.0
0.0
0.0
0.0
0.0
0.0
0.0
0.0
0.0
0.0
0.0
0.0
0.0
0.0
0.0
0.0
0.0
0.0
0.0
0.0
0.0
0.0
0.0
0.0
0.0
0.0
0.0
0.0
0.0
0.0
-0.06801403901498564
-0.027358874976528474
-0.08451431543291614
-0.037946428571428575
0.10739189072387798
-0.1736510760043856
0.09173286457634774
-0.009151974081693201
-0.07810084332834835
0.14131335351674984
-0.003920485371036992
0.057160575338556355
0.04085866952548738
0.07093590555459253
-0.12801805536331956
0.10128283290903087
0.0
0.0
0.0
0.0
0.0
0.0
0.0
0.0
0.0
0.0
0.0
0.0
0.0
0.0
0.0
0.0
-0.018973214285714288
-0.018973214285714288
-0.03006761044355706
0.0
0.0
-0.017436402392123594
0.0
-0.009922472584404879
-0.037946428571428575
-0.01821548007626991
-0.009379192499503378
-0.018973214285714288
-0.018973214285714288
0.0
0.0
-0.018973214285714288
0.08201393078822904
-0.005628579371363556
-0.004862779249082006
0.035869318556094536
-0.0243910613786175
-0.014870413728444958
-0.08905395839174711
-0.04533564250557602
-0.029778900299698794
0.10649743859527923
0.0401126718828267
-0.02509834560205941
0.011293889021445642
-0.03528065897320575
-1.0364533255729017E-4
0.014938441202624185
0.07299416460279036
-0.10376526623329001
0.00423915769137341
-0.051568899389222225
-0.010538964766237122
-0.06455641693837913
0.037965630883936737
0.17844310433742938
-0.010106109232932385
0.014611647099735697
-0.0018281367655440333
-0.006597886472296387
0.03699813125317094
0.018671176713125244
0.006035580465438986
-0.004544313093178836
0.02326927993575849
0.0
-0.02035703898169968
0.037946428571428575
0.040165690833353376
0.022202742642716072
0.0
0.008567472078523083
-0.06698854088745872
-0.013395134013555477
-0.02866116617659109
-0.018973214285714288
0.08687882842470876
0.029684006846370257
-0.00919327296728248
-0.006086729394765671
0.14028679347590284
-0.019002469446503096
0.0015151621884286273
0.03650467482323523
-0.0057760948418803144
-0.05798518717893545
-0.053321978399748914
-0.01128379946980318
0.058580224589078106
-0.033639121275855596
-0.06181652066294391
-0.014172853633243955
0.0
-0.03915883600262658
0.023750369521034778
0.03765531421989269
0.046854274742773656
-0.010419326512796489
0.010129411154517546
-0.041328694695995996
-0.03339638455886826
0.043760536261258524
-0.03055323963873511
-0.054471402479886764
-0.004151703431103774
-0.027528324557637457
0.013033182881134182
-0.03244148240020332
0.03600439610908508
0.06599443887244165
-0.05223390830686729
0.0819875346513121
-0.025604375964526215
-0.06557766539755278
-0.07040505232272899
0.016767114693289474
-0.05109890147930109
-4.5564272540674945E-4
0.1345648508622777
0.006488164947619696
-0.07207881146542512
0.051239685686460854
-0.004198524486541243
0.025281826706693718
-0.05535915940895678
-0.04469419168986155
0.030741301643884732
-3.3061119085077244E-4
0.09033220488181744
0.03334493256652674
-0.025755153022479743
0.018275649987746608
-0.01531096697438679
0.016209314191628847
-0.03295363144750351
0.04512980881655121
-0.014602393018669972
-0.017654152461498474
0.04009423056972942
-0.011099022923961746
-0.0035180136797685387
0.027089692229270046
-0.01025009653009735
-0.027987397590438785
0.19863851537288782
0.03926646341433387
-0.043890309327878255
0.057854227676624445
0.016017812579607972
-0.03922743830144064
-0.018248218235408887
-0.02019668483308404
0.0013977190090197697
0.01176097333787132
-0.02970548019301275
-0.06796884415614092
0.01610246380912033
-0.059607346563807444
-0.05161698168787497
0.12534060925083743
-0.016861929138361747
-0.0014820412396142832
-0.032454449058467554
-0.054783928417992886
-0.011704894910153802
0.05075337401616315
0.02056650191229692
-0.0580859604697611
-0.007281184107290487
0.02348706317843538
0.029491447319897196
-0.027961325014751917
-0.04255091728337623
0.01697889006444278
0.0016379308616270363
0.009796868171787383
0.06083627083500088
-0.060270560312880965
-0.05116491755772724
0.018346523709486546
-0.05891897837348732
-0.017432085405825404
0.1167523421970554
-0.06798319102627334
-0.013225370687670393
-0.0330228851400017
0.030969893350669492
0.0023907307783810634
-0.054311693078579464
-0.014743065898189245
0.00637444025675705
0.030248786469296365
0.007784685469414979
-0.017412730837528208
-0.01865661787683507
0.005411886265308065
-0.039002476866398156
0.020918962778815327
0.008831085632136944
0.018483531864669434
-0.039289466620057334
0.01597110724908806
0.011996238167819303
0.0033297875311048466
0.039083659567113176
-0.013657473750652481
-0.05399230417031583
0.11989095844377035
0.08391063949943657
0.05415064582151328
0.03719171840509335
0.07514453881289863
0.028523224756775163
9.413090981886226E-4
-0.048316773221044454
-0.021046629609608923
-0.06069114061760303
-0.03902505771014494
-0.05108447430350797
0.00463437881034782
-1.177605905945886E-4
-0.017116838400771144
-0.04786981713410602
0.09193312535889793
0.020746795964600447
-0.06087651176473693
0.004758293874680353
-0.05823711564497516
-0.018062471223375585
0.04831741462193909
0.008253680288287676
-0.023495810599138744
0.01665517108111365
0.08075550613641924
0.03248601422773742
-0.001994979939189921
-0.009095277597509954
-0.04154669950873262
0.025193413474729785
-0.10233374083293627
0.008942044591439397
-0.0076318098575916
-0.029071643986374945
-0.030636893153471328
0.040034152268602
-0.06567068479898422
0.10588967372009883
-0.06205688256432356
0.022396261934780767
0.013536670872019303
0.016234818772868476
-0.009415652934295322
-0.0663798676132735
-0.006193619336087848
0.0287035843379934
-0.046339748250038997
-0.010383493982328676
-0.0020739876760567963
-0.05684219411447032
0.027623188787133608
-0.02996404400065933
-0.030034757941554913
-0.02247845386864803
0.01144825966265588
-0.03318583436219404
-0.04237419071083574
0.002260404978881081
-0.024297294645658024
0.01607236928997815
0.06925928489067787
-0.041839125268674573
0.24178469342371017
0.043557066792329034
0.00721228954189914
-0.01213238579401545
0.06457901553293502
-0.02693405596143388
-0.006165077087517092
0.026067472874029034
-0.00940000330195011
-0.029663628268604733
0.06257635217521908
-0.03665060983093048
-0.040225939896755394
-0.012805770832496411
-0.0256845457054143
0.023205318592769145
0.02917871674672731
-0.005373748102490562
0.033887535492381
0.00992892827072036
-0.01791185385926855
-0.01830361106985801
-0.018932762113583197
0.003279946196734093
-0.012490292033704315
-0.021742199358829758
0.040075529888032924
0.062297564315571693
-0.037282767926080825
0.03036800102951278
-0.05630477171446261
-0.05690728168949562
-0.012307010735969914
-0.01068728681338181
-0.033634076986310255
-0.009985004485759199
-5.191736784513814E-4
0.0136120455601076
0.011736074408608167
0.013079113907997972
-0.025534305289255897
0.027833327386644374
-0.046619888621949664
0.029161852898062054
-0.01047852798677773
0.008750959930113164
-0.01647571632798603
-0.011093795903781376
-0.0122549964071412
-0.01815536382178549
-0.008789973412243444
-0.038594660719147085
0.006019461441776127
0.0024910160731068214
0.007505281174790164
-0.021868252128698442
0.016274082525887697
0.030194989686321932
-0.044529174129013346
-0.030703533691902738
0.009225773544536756
0.02589880667688644
0.04651958992707177
0.027621011597842804
0.08500492149783175
-0.0018890600304918535
-0.004503040459528526
0.0016085917448610057
0.01412417679983056
-0.00657470302079162
0.012799957801071455
0.025931435523884005
-0.03348091566843741
-0.015710375373092944
0.024461552758677833
-0.05255716133900831
-0.006977138774777951
0.038937204940758814
0.03431177457540454
-8.871681243292212E-4
-0.020194361954842917
0.0101147590491696
-0.006728629609143045
-0.033530859701261295
0.0010101248631573141
-0.02356381796547647
0.0139156712200895
0.0208437066484237
-0.017052043520738663
-0.019117356921409943
0.02906120620856542
0.025987734143180608
-0.015373302580273411
0.005068450983556053
-0.03559438304946536
-0.007821417170701145
0.007196831137587815
0.022697845706025052
0.0187851102202906
-0.020324917760584184
-0.014535548720199668
0.013286484734323778
-0.03363278264183452
0.011820389585776414
0.020028727634023316
0.03563948119004799
-0.05329592187572166
0.031360083657569704
0.0104016307189045
-0.04215511920531185
0.0012565077431045887
-0.012821756925673564
-0.02504109387719638
-0.0014038750939119535
0.0069255923911721515
0.007386162494563163
0.03930411701219261
-0.022265886832044442
-0.040578641558336695
0.02649729168885954
-0.015598207119269576
0.02119137561024577
-0.03116063297529112
-0.0470455957155243
0.039840105677904594
0.019686099755281128
0.03734059892755675
-0.0057324843389380715
0.03832741675754813
-0.006872007392739212
-0.003666163331083102
0.00137398997988374
0.038683850374729406
-0.008454061283475242
0.002056956597955791
0.01048789148899854
0.010388245739312069
0.026092900521018998
-0.029441289159214935
-0.03933386852484608
-0.002178766059379289
-0.018973214285714288
0.011067673539732753
0.05905685633574796
-0.011248445634785621
0.015158683612390601
-0.024985328749918063
-0.01638146456746651
-0.012909813378994793
-0.05700827173297459
-0.0030910740118400724
0.01837139070709263
-0.0057678401412882135
0.03979005069935644
0.03668888227915451
0.015710555948574415
-0.007096665480141661
0.04439479089741521
-0.007532189215076347
-0.05116090782643036
-0.03180413253033083
0.022333423719932632
-0.013030566241851435
-0.008367584275393154
0.021067851303102812
0.021297169643565633
-0.028964954216282878
0.018616631870627044
-0.041882643181679315
-0.03653581789689361
-0.04582631487686652
0.01407307141263131
0.02603412210734648
0.04226143392908385
0.025390633595977277
-0.013962076459065522
-0.02579869602423786
0.017479465786241634
-0.0030249440284357606
0.003952358136442053
0.0031297565800362144
-0.010621233973756479
0.02923413448800873
0.002405812419384333
0.01629578526296393
-0.022719368802744333
0.023004409372209197
-0.028066942786780125
5.190756576732569E-4
-0.03578210905802607
-0.005826978316987589
0.007458977211979857
0.03443890222613045
0.07024540794608822
0.012281153145838754
-0.010762222298967115
-0.023664773067134208
0.034593328227458815
-0.04690129101497404
-0.02113931411478792
-0.011259725448985226
-0.02474441181269281
0.03717477684261865
-0.010782959541355785
-0.021070106215103884
-1.177605905945886E-4
0.003272409552965162
0.032378031249405234
0.014438964667097822
-0.035841130570685685
-0.01728375601831319
-0.013341515362371154
0.011680004604729352
-0.015468279108053939
-0.004147811570453314
0.02321159779160817
-0.004360444255259351
0.0017784334932302373
0.050562337185121445
-0.011943668337153381
0.009484624144904232
0.05219497349895538
-0.039422458546769415
-0.02366736869088564
-0.010071598581991862
0.028029021655151108
-0.013327043952119692
0.006725204354815516
-0.014799417537109436
-0.001415092346284005
-0.014701334657776437
0.01880298599153439
-0.018260871372191685
0.008370841555147786
-0.013218303215320474
-0.053244386977014294
0.020474664686766498
-0.00992770180419328
-0.008091152200571258
6.167929233042825E-4
0.03467982730695904
-0.0029976039987188487
0.04259607677903168
-0.0028640106671981996
-0.004833560630355931
-0.03319403635789056
0.025312638437047542
0.03050660726343371
4.7393026105539E-4
-0.019641449502587283
-0.004625009756848972
0.03157012979170949
-0.005910821270041309
-0.018668894300628083
-0.0459993032922143
0.01114853606584916
0.019107289563769364
0.07913611712436468
-0.00960467280751861
-0.023693940691338893
0.01359819140632762
0.01332115744426042
0.002154906828651392
-0.02203772525777628
0.030828090939302034
0.03143418056322328
-0.019057455136761978
-0.0011228446970324019
-0.031496424703149846
0.02050429989996941
0.004577607625147483
-0.011825453955502024
-0.04487420019948509
-0.03645472162264392
0.023287966848844092
-0.007367265424682575
0.005049940613712724
-0.03978360891506237
0.024839121675311524
-0.013393557258346081
-0.012099754308059306
0.0010842682551197732
0.03579002991065681
0.0027530809179860914
0.011754497848025675
-0.03639659963217612
0.007565174066085697
-0.001189266152172918
-0.0033864190971175205
-0.0306760809014906
-0.020477821284372918
0.006746146621065157
0.010171169297896287
-0.02042143673808011
-0.00793408620072999
0.0448572868070153
0.05339203718736546
-0.008150289070531488
-0.022322720832643167
0.0059586656427629055
-0.01988654080340224
0.018973214285714288
-0.0274633046500776
0.0014258843019061967
0.010042567408982659
0.03358159837947043
0.00461111151333416
-0.016273712828843157
0.0015616197395780032
-0.00952717427812958
-0.027471381334674902
-0.01398419945389992
-0.039257749419885385
0.013429380660693116
-0.014058927090371993
0.006714474323634617
0.014391063653717305
0.026508508292109486
0.025567015565901453
0.006360172734020811
-2.812136361974105E-4
0.04414450362274781
0.006884665488525985
0.025394092048612024
-0.030836348180185227
-0.02781865490464762
0.003018689212304377
0.005967188555487012
0.01664936140714295
-0.06310194975214273
0.01010870496036997
0.01776434362272783
-0.005359871154754571
0.037946428571428575
0.01240227892364882
-0.01487047421932575
-0.00509731221823701
0.004049464332291704
-0.01993644334598016
-0.009673605142184225
-0.030850478331138964
0.011317006446143647
-0.027241872751870087
0.018008351142308702
-0.01049492386802426
-0.014164385406658887
-0.063027781242318
0.057701471711870456
0.014932499774099418
-0.01240976844734274
0.026593948682814256
-0.01788800659647762
0.0365664507597289
0.038827931389108665
-0.013175711604899372
-0.01950591825351952
0.03165123887781496
0.011211717016190526
0.011936728773598373
-0.029995461623659438
-0.012802057315249818
-0.024130640027579874
0.034757893576144956
-0.009834436321998125
0.013510558960784264
-0.009363701904508033
-0.00367040339534779
-0.03916749988041563
0.02696420117546236
0.022602408666746534
-0.004766314857022411
0.00803036331857217
0.003722965717320772
-0.00785766986673446
0.00918857706332671
0.0016847636055722856
0.0072308218048925035
0.033785596391865944
0.0026034657743895366
0.0034253451063157303
-0.04504307034431915
-0.005778079129570981
-0.03428043302036236
-0.0012837039956727393
0.00284295062178872
0.04778305930369796
0.033363564545186894
-0.011921785234946965
0.04039946939695682
-0.027268699528604667
-0.015746062023461852
0.008179041989015512
0.0038419152436750433
-0.004286196035297764
-0.012046851643454436
-0.034810048681072195
0.055388028331304844
0.01934943942777998
0.003923252064685089
-0.03767026344910592
-0.011915049959547614
-0.01973521162388035
0.02054823642281573
0.013838840403390352
-0.027799466511373643
-0.011313504839511556
0.005652266292686739
0.009954014649327145
-0.00739065380514293
0.039843519718343795
-0.007217968771483044
-0.014552051325317492
-0.02240865794183468
3.657875470554177E-4
-0.0445078678841687
0.024061363553280146
0.0206639188125945
-0.007885499809087097
-0.00839257669470745
-0.017594545140986472
-0.033738757149734525
0.004367450126117495
-0.024126938978040954
0.02097897578012019
-0.01677720385961027
-0.0280096531475961
-0.017849501286040695
0.07685803270641338
0.03805784584613929
0.0015256126992512636
0.01069326736272266
-0.007833629962439269
-0.02634513286372469
0.018973214285714288
-0.017779531424650837
-0.03414596679369556
0.04334716302263893
-0.008778115429612035
0.009203145564690516
-0.009739000100986807
0.01035936115666123
0.004472585782334702
-0.018375794075750018
0.0031293684455242134
-0.062435844844000624
-0.007871377005822437
0.03685810151012727
-0.0016279510924206032
0.03391751692685874
0.01735612235003649
0.0210003792171467
-0.010979430656883855
0.011758491246145452
0.015186723836083382
0.028592118198469896
0.019903570334417454
-0.03594271952032639
-0.004741924622376422
-0.029986410825327416
6.13723743951914E-4
-0.015708845062486734
0.022484648076151945
-0.008646840104116683
0.02906849714684724
-0.020697896360394923
-0.008823808494547968
-0.04324481078784442
0.03124797392819835
-0.02217222431741673
-0.02893767238996399
-0.025314841893375524
0.021364481842725033
0.007870443296488939
0.018970975783980347
0.018814874669913377
0.0036665183965049926
-0.012079336532922692
-0.00762550659197574
0.03146293411525515
-0.07940637924259554
0.04560237045489919
0.016685656316903674
-0.013517917526065343
0.01905673724344465
-0.010204219716498347
-0.01226802309426193
-0.02795104072139651
0.010427062700787386
-0.025698114661857147
-0.05076334978767512
0.029360432074363563
0.04289830538914583
0.009129913469713626
0.002634548607114798
-1.7423963967531583E-4
0.0030600863078478063
0.0030809761163215193
0.008574449978097035
-0.015718568573121115
-0.019990677211003963
0.04050425847429227
0.04999942294018239
-0.00911139810390451
-0.002860119629934696
-0.031061152152976872
0.026384594837968293
-0.006640235119426982
-0.03710807743089106
-0.005706763238335907
0.004924590213553175
-0.025140278561375393
-0.008783863891580963
0.04532080515558412
0.03037646730497746
0.0037540088893341862
-0.010530715781222817
0.0101926597374004
-0.016878862906654232
-0.0035961379602968842
-0.03305715160695047
0.0020512348040174037
-0.0013357345045613824
-0.016293298051804492
0.01731680642597304
0.01964682943414802
0.0062348757275482464
0.011926141510781219
0.011287584415762907
-0.00956229596756971
0.04513342094839995
0.03997921028907295
-0.02167536649653022
-0.03945681344890279
-0.023829740793580332
0.01752942842459783
-0.02892824556844547
0.0014433954172213322
0.018660301723573337
-0.003072590338840258
0.018681413751690062
0.014565870111572033
-0.05987002030778762
-0.020050262325791917
0.001622816489108496
-0.006534076894200436
0.04001434934615122
-0.012641767324677047
-0.02342621173748465
-0.014096074072092396
0.06135703156102702
-0.014151748191998395
0.009217331235042744
-0.044873953804548804
-0.03693269685293023
-0.019668901686888347
0.05590973578721126
0.010762332851319006
-0.01371811636957344
-0.02786702111104579
0.051078944673224796
-0.03385883855663725
0.0022505928018765027
0.027952568586981745
-0.02273773294535432
0.014952851861340252
-0.014840653321085397
-0.019739744190421224
0.01532736802956397
0.016754605292030406
-0.012952775835197623
-0.011975985924391296
-0.05276247819281728
0.02162958027292476
0.037946428571428575
-0.0283308060211327
0.022328835655576394
0.041361797160537644
