P, C	0.005580357142857144	0.0078125	0.00892857142857143	0.012276785714285716	0.015625	0.018973214285714288	0.022321428571428572	0.025669642857142856	0.03125	0.0625	0.125	0.25	0.5	1.0	-c	-p	R^2
0.001953125		0.7190989908880415			0.7257268831429728				0.7055152645421386	0.6860236880394348	0.6884211636836115	0.6673160698531713	0.6813645322328665	0.6738731266305121	0.00892857142857143	0.03571428571428572	0.6759200643019244
0.00390625		0.736901008842228			0.7190280415875462				0.7035001037161145	0.6847560567388966	0.6773192547298541	0.6884602674168214	0.6796714521309775	0.6805933037795434	0.012276785714285716	0.04910714285714286	0.6802607454832507
0.0078125		0.7186952557981533			0.7363591683605241				0.7241256405551957	0.7138279829143214	0.6874216575251185	0.6841947961706976	0.6910861844725475	0.7065452388537815	0.015625	0.0625	0.6841132974735888
0.015625		0.7330116401418927			0.7304840013153194				0.711961962622265	0.7159495844179534	0.712542938340382	0.6838304440866176	0.7079781285403579	0.7023467040362198	0.015625	0.03125	0.6559655359572997
0.022321428571428575	0.7227799622366549		0.7399841914869056	0.7334169970803298		0.7309381390199405	0.7303574489476498	0.7250237383197504							0.018973214285714288	0.03571428571428572	0.6533627858127267
0.03125		0.7306799240677643			0.7457502683906095				0.7386897413292421	0.7246155570666136	0.7202335907710665	0.7181980514201538	0.7205924711551622	0.7253008156463904
0.03571428571428572	0.7172872684678736		0.7506790724911079	0.7397345600050111		0.7451981382868468	0.7337702493631281	0.7379420506482486						
0.04910714285714286	0.7330302333811907		0.7289767945421733	0.7486187372683576		0.729522461205524	0.7356511252900285	0.7405042654110573						
0.0625		0.7348889416374225			0.7471973977927847				0.7219017856860288	0.7306027593298547	0.7311591945431712	0.7177372885733176	0.7301672021274477	0.7357611630573132
0.07589285714285715	0.7109576203974274		0.7431606162128618	0.7332271616793485		0.7350428976856428	0.7286314053016957	0.7166509532119872						
0.08928571428571429	0.716525162618618		0.7236343492309258	0.722676426227285		0.7101575430543876	0.7152066335760616	0.7210033506336074						
0.10267857142857142	0.6950596399231614		0.7112749644718164	0.7319403079850146		0.7165586892391215	0.7109698904876158	0.7148151089790433						
0.125		0.6859680062499115			0.6901204665548935				0.6932774126801848	0.6842998377692164	0.6819416471238879	0.6974525663322849	0.6917882442221844	0.685135918513696
0.25		0.5744607851403462			0.5741233085687296				0.5725483450384264	0.581444744238073	0.5882391377328403	0.5886899588761446	0.570088949301384	0.5657189326633087
