P, C	0.0078125	0.015625	0.03125	0.0625	0.125	0.1785714285714286	0.25	0.28571428571428575	0.3928571428571429	0.5	0.6071428571428572	0.7142857142857143	0.8214285714285714	1.0	-c	-p	R^2
0.001953125	0.6898505250808153	0.6682118922487718	0.6743809129846715	0.5941099034894871	0.6004246223105839		0.5916776998494214			0.5839733104420646				0.6134408718702864	0.5	0.0625	0.7275343868177394
0.00390625	0.6745932315586705	0.6825574943009768	0.6466358747133178	0.6354090238157339	0.604972557356852		0.6252712771099747			0.5838796401605544				0.6071333462590803	0.015625	0.0625	0.7591444977648213
0.0078125	0.6949777406663835	0.697643268981053	0.6480340944683619	0.6474896328163918	0.6119983059666247		0.6230831222174468			0.6407664673143577				0.628232048569159	1.0	0.0625	0.7275343868177394
0.015625	0.6940954717541462	0.6885877362589642	0.683075121645079	0.6443006894587191	0.6561201229680658		0.649842444518094			0.6505439246022454				0.6369488503136773	0.6071428571428572	0.08928571428571429	0.7267316064071123
0.022321428571428575						0.6531160007728266		0.6513564430085872	0.6673934611912258		0.6609385298776421	0.6562355307236898	0.6521244038524264		0.0078125	0.0625	0.7548734175502797
0.03125	0.7054101868153322	0.6996931068026213	0.6627492487728607	0.688958233274804	0.6764001476901818		0.6606783743781923			0.6826816530329313				0.6812017018770834
0.03571428571428572						0.6923062425944047		0.6630337734321161	0.6804820887262072		0.6977790006572195	0.6791355855849315	0.6902489033430904	
0.04910714285714286						0.6968335951072835		0.6924692924011373	0.6994210201102082		0.6815847265539727	0.6974174804094939	0.6964462397813471	
0.0625	0.7097392457322852	0.7164016094874741	0.7048063885515121	0.7078141043954516	0.7072329203912062		0.6929452696347651			0.7173363329308188				0.7106832956540388
0.07589285714285715						0.6869231525520262		0.698791332413162	0.6944630915614477		0.6920888417323574	0.7033571201606907	0.7017746017069187	
0.08928571428571429						0.6984047369927923		0.6937612915509085	0.6929956991549749		0.7102843003604982	0.6852515227475255	0.6865775180675754	
0.10267857142857142						0.6852972000016023		0.6977265865919469	0.6858161978618115		0.6776117920015632	0.6940433778372923	0.6880246599900928	
0.125	0.6735720454211623	0.6884823562701848	0.6812101366310016	0.6617161081025575	0.6786189701910884		0.6974247202457694			0.6817129190239933				0.6782749735543543
0.25	0.5668825078105485	0.5769671698299392	0.5704502752877587	0.5762579789458646	0.5620982579139514		0.5799453048582329			0.5587839467214931				0.573196196878354
