P, C	0.005580357142857144	0.0078125	0.00892857142857143	0.012276785714285716	0.015625	0.018973214285714288	0.022321428571428572	0.025669642857142856	0.03125	0.0625	0.125	0.25	0.5	1.0	-c	-p	R^2
0.001953125		0.6987367378005366			0.6975782069468739				0.6544228865554309	0.5931574711308883	0.5896584422090869	0.5820640981574949	0.5919666830340091	0.5860007643559864	0.012276785714285716	0.01785714285714286	0.7601107492277521
0.00390625		0.6875536385456577			0.6851709576765033				0.6708340406649731	0.6005172790594725	0.5945029655524963	0.6072539669848644	0.5862759799742397	0.5980215901060781	0.00892857142857143	0.05133928571428571	0.7684020268976642
0.0078125		0.697995138832067			0.6845349787612469				0.651610689001106	0.616125330406224	0.5960099295804074	0.6113979119973045	0.6088309278474706	0.6038718456960122	0.015625	0.03125	0.7579849871359282
0.011160714285714288	0.7050609539847523		0.7092390713361508	0.688456456533485		0.6900507246667698	0.6836000875586347	0.665668392381264							0.0078125	0.03125	0.7694376343273404
0.015625		0.7081987000974375			0.7022500880120032				0.6651340323282487	0.6283565391062154	0.6302080608029161	0.6254681120005599	0.6421428723922185	0.6317881955358158	0.00892857142857143	0.037946428571428575	0.770681383422103
0.01785714285714286	0.6937899894321021		0.7127733829666457	0.7197647710275097		0.6843110022276387	0.6690327004193451	0.6892572196938919						
0.02455357142857143	0.705387677028038		0.6986690832643234	0.7057415380503563		0.706046883476199	0.6893037824490471	0.6824180936740983						
0.03125		0.7149015162626858			0.7161309764780769				0.6748581727439558	0.664271763789059	0.6713792852375274	0.6622227089888827	0.6748700416744363	0.6649265709220064
0.037946428571428575	0.6989721123015731		0.714355949710982	0.6990892263067634		0.711202884506833	0.6819915474446343	0.675823725416879						
0.044642857142857144	0.7067206906208977		0.6942656344250062	0.7079957641755664		0.7023933607043856	0.6927808243744203	0.7113628098073327						
0.05133928571428571	0.698497817467494		0.7181724217700144	0.709919445698414		0.6941199710121889	0.7110458903810384	0.7117787373153669						
0.0625		0.7008916405161948			0.6970433448895652				0.7023385176784042	0.6828800219673041	0.6985852465911463	0.6919894074323435	0.6844936922699115	0.690022781664375
0.125		0.6588868089435185			0.6660801432651555				0.6601190445480075	0.6549091657863036	0.6606520516771122	0.6750316836652076	0.6551402951828849	0.6495835218352262
0.25		0.5428237016731613			0.5520703894110975				0.5548702871931146	0.5484535135237855	0.5519041680123657	0.559158342351841	0.5498724376282249	0.5628532773211194
