P, C	0.002790178571428572	0.004464285714285715	0.006138392857142858	0.0078125	0.009486607142857144	0.011160714285714286	0.012834821428571428	0.015625	0.03125	0.0625	0.125	0.25	0.5	1.0	-c	-p	R^2
0.001953125				0.7014812624583686				0.672165994137066	0.6239871538830916	0.6021758886705499	0.5968866356748801	0.5939871001185891	0.5832268811916442	0.5756276006873664	0.009486607142857144	0.044642857142857144	0.786181310886858
0.00390625				0.6839770747012638				0.6721842336522894	0.6313338273964593	0.5802724728510049	0.5923200160538162	0.5932176747231638	0.574851946444945	0.5858369392470869	0.0078125	0.03125	0.7817808842272882
0.0078125				0.6855975088097387				0.6723542292893894	0.6469023834078688	0.5955901853346268	0.6174658267624978	0.5849566483497379	0.5981847444047912	0.5953744328615159	0.009486607142857144	0.05133928571428571	0.7881379059393552
0.011160714285714288	0.6609779165616273	0.6734337947194685	0.6750194613936353		0.6970509565264934	0.691542083429421	0.6707997751958431								0.009486607142857144	0.037946428571428575	0.7845170260580644
0.015625				0.685241076494618				0.6913670593749184	0.6461893256930904	0.6248356704601642	0.6174657789101914	0.6303592342144981	0.6435970513546576	0.6122048368628087	0.012834821428571428	0.037946428571428575	0.7874194110428169
0.01785714285714286	0.6661570679056358	0.6815080165896391	0.6911922955815897		0.6959506806649058	0.6955791209844762	0.6880005305164062							
0.02455357142857143	0.6679005830576605	0.6846443205843887	0.6940414276852997		0.6955636172988631	0.695100669567557	0.6936227967153198							
0.03125				0.7100928368627593				0.6877639062216688	0.657754479349432	0.6757845968523374	0.6499851077075567	0.6456724169217256	0.6522456479594935	0.6604346759059887
0.037946428571428575	0.6719584346632922	0.6741891073612435	0.6979632698377821		0.703088170483628	0.6893887891557665	0.7029524470280745							
0.044642857142857144	0.6638353974777575	0.6842424931224902	0.7027599133354214		0.7171472690850397	0.7000712172733224	0.6886724079306068							
0.05133928571428571	0.6684931460381643	0.6795590189462016	0.6960017488805087		0.7070375667620854	0.695239257583448	0.6975819498646064							
0.0625				0.6973419386447933				0.6859682111222106	0.6829577553299627	0.6928896975818214	0.681846364502863	0.693278276999854	0.6747033226017239	0.6695452254509151
0.125				0.6451315472316326				0.6587049432608315	0.6603569061345962	0.643688942830885	0.6584349228578577	0.6365445530300039	0.6426665238061836	0.6411599258876379
0.25				0.5786003095475586				0.5532338004826508	0.551929197183016	0.5501571549928617	0.5567222135496399	0.5435583173959183	0.553860164656526	0.5670939673912843
