P, C	0.002790178571428572	0.004464285714285715	0.006138392857142858	0.0078125	0.009486607142857144	0.011160714285714286	0.012834821428571428	0.015625	0.03125	0.0625	0.125	0.25	0.5	1.0	-c	-p	R^2
0.001395089285714286	0.6792134580099517	0.6990911590720655	0.718135452068449		0.7310403376367568	0.7166647766449181	0.713335536228585								0.009486607142857144	0.001395089285714286	0.7342905974968461
0.001953125				0.7083687970079032				0.7158594952044629	0.6465969842380705	0.6346701768575559	0.6135710956030459	0.6232874970670733	0.6217764994253169	0.6353228586975652	0.011160714285714286	0.005580357142857143	0.7345895362109313
0.0022321428571428575	0.6776242639365958	0.7123743044397703	0.6945124801131473		0.715000617479723	0.7156862169990001	0.7180219265280086								0.009486607142857144	0.003069196428571429	0.7345295143669262
0.003069196428571429	0.6755643032242274	0.6921995588301032	0.705586680633906		0.729793530614785	0.7106278530339668	0.7099971944061986								0.011160714285714286	0.006417410714285714	0.734448799707767
0.00390625				0.7207873169052931				0.7107892512485816	0.6663108842272188	0.6232471417116509	0.6153965658084598	0.6203753728740589	0.6037779075015479	0.6191720091191247	0.0078125	0.00390625	0.7342571972255472
0.004743303571428572	0.659648159764528	0.6895641779322059	0.715651007457289		0.7046590533293603	0.714768197747176	0.707947512518666							
0.005580357142857143	0.6699323946575667	0.708319072425561	0.7117237536401674		0.7105155409281072	0.7301797734500912	0.7046865648127009							
0.006417410714285714	0.6607329827700527	0.7020837224175565	0.7060698276149425		0.7061018398640456	0.7224889347824246	0.7091021962023588							
0.0078125				0.7192525038374044				0.7072692080508941	0.661340660346495	0.6322446791272837	0.6350259959654444	0.6168903105070735	0.6229837818131878	0.6387148732498396
0.015625				0.7185622955169577				0.7125539707773426	0.6874977567475196	0.6609761567307123	0.6455638020681437	0.6636559768563824	0.6461209107524056	0.6510295268600511
0.03125				0.7202577796927087				0.7147126527744202	0.6981786501203421	0.6749258743347964	0.6800174983483209	0.6916506595250067	0.6817218314717367	0.6695072681275314
0.0625				0.7104977245729013				0.7100358697013499	0.6946497134617272	0.6920809547295752	0.6985886243163968	0.6980075507550542	0.7000996520237905	0.6849780268376527
0.125				0.6480712779712049				0.6634127227224641	0.6762794733702866	0.6626623714034114	0.6778092420681436	0.67286319825857	0.6625593656674583	0.6633333106267256
0.25				0.5490507177240923				0.5629272459373532	0.5718146842295955	0.5613307716467995	0.55311301446936	0.5780911636660896	0.5690105141157595	0.5679184585947783
