P, C	0.005580357142857144	0.0078125	0.00892857142857143	0.012276785714285716	0.015625	0.018973214285714288	0.022321428571428572	0.025669642857142856	0.03125	0.0625	0.125	0.25	0.5	1.0	-c	-p	R^2
0.001953125		0.7117525158735251			0.7035398940967889				0.66251557965969	0.6522941728325206	0.6138032372382006	0.60679228102256	0.6151104477046648	0.6203822028510285	0.015625	0.015625	0.72743498530986
0.00390625		0.7126880555264001			0.688833485138929				0.6613455706117323	0.6434601080362639	0.6308379532508099	0.6507274232287005	0.6376521432711342	0.6244714257415213	0.012276785714285716	0.018973214285714288	0.7398270471836668
0.005580357142857144	0.7124393851363414		0.6956870090481627	0.7024660940441987		0.6971402518386061	0.656123876740194	0.6819988377326198							0.03125	0.0625	0.7073609970073782
0.0078125		0.7088357237068922			0.7111691953953717				0.6847038180847701	0.663908829494931	0.6388278349643268	0.6673870057762187	0.642189071086986	0.6376925979476262	0.00892857142857143	0.018973214285714288	0.7525560663777128
0.00892857142857143	0.7017115289937088		0.7048542450357208	0.707264181570453		0.7089602494884121	0.6865764353957631	0.6838047109694673							0.015625	0.0625	0.7258006528591937
0.012276785714285716	0.7057528099118149		0.7137461478065552	0.7132413699920178		0.6965053710007802	0.6935545280420963	0.7016009093164591						
0.015625		0.7095354424553609			0.7249484625762802				0.6720795842105688	0.6670289611322057	0.6626189639924137	0.6706308627847484	0.6600415297781338	0.6712603969066611
0.018973214285714288	0.7074771428461146		0.721425801853807	0.7238022405687194		0.7150398694882197	0.7131425919952927	0.6887052864584357						
0.022321428571428572	0.7048606580754336		0.7133704273950867	0.7197947586284316		0.7036171431705827	0.7012475131145327	0.6880602682771954						
0.025669642857142856	0.7100906019086579		0.7187853548984796	0.7070766099471529		0.711243277919478	0.7126023366249704	0.7095781968262663						
0.03125		0.705190727926287			0.7142605001913065				0.6980678596753639	0.6781416613585854	0.7111298102720692	0.686498817352174	0.6879489742178355	0.6929706270435159
0.0625		0.7015072437368309			0.7201837384200669				0.722204804664773	0.6980507439769146	0.7120147905409945	0.6990528908759199	0.71935809700661	0.6975105562428208
0.125		0.6809964407425217			0.6833280850566937				0.6698953487592051	0.6734969130687771	0.6784060997133438	0.6783286683236781	0.6882139861278733	0.6674022917197064
0.25		0.5607188733592755			0.5640472350306139				0.5700203574519976	0.5637760207756851	0.5727492919391756	0.5597854652998681	0.5741672073249745	0.5705641622991161
