P, C	0.005580357142857144	0.0078125	0.00892857142857143	0.012276785714285716	0.015625	0.018973214285714288	0.022321428571428572	0.025669642857142856	0.03125	0.0625	0.125	0.25	0.5	1.0	-c	-p	R^2
0.001953125		0.7091582792491335			0.6745658148535533				0.6436925294329154	0.6101325521248714	0.6129449291853492	0.6043884506417566	0.63560251622634	0.6044666527793343	0.00892857142857143	0.03571428571428572	0.731614800575022
0.00390625		0.7014893743736352			0.6801384882433611				0.648933288892518	0.6099478713534384	0.61470231235565	0.6203947591701185	0.5954377811003214	0.60935025465091	0.015625	0.0625	0.7333426395087989
0.0078125		0.7116212225626396			0.7034488372143829				0.6561901067315904	0.6208117086290778	0.6330420463642773	0.6170277666341891	0.6088319985102848	0.62793808698	0.012276785714285716	0.04910714285714286	0.7341266567794719
0.015625		0.7086889504150018			0.6985861806036209				0.6777457323223447	0.650330411020204	0.6527314033557369	0.6256249746822159	0.6571130709300724	0.6433129673094778	0.012276785714285716	0.03571428571428572	0.7316325001678486
0.022321428571428575	0.7139792902577639		0.700133257597468	0.714916135704563		0.7033018534988694	0.6731068951406188	0.6674829295416855							0.0078125	0.03125	0.7311814093016358
0.03125		0.7156942839552715			0.7090228174450994				0.6840539890401501	0.6681700907327102	0.6749058304596559	0.6961140915731527	0.6807769286073987	0.6922636962117625
0.03571428571428572	0.7121499185108515		0.7241130259881958	0.7172893047140104		0.7138415714588978	0.7106730540609606	0.6930890770890926						
0.04910714285714286	0.7011553065302345		0.7069325854120324	0.7188394796455126		0.7134051693418733	0.7128493980343167	0.6949545769649532						
0.0625		0.7110756472339391			0.7191624167860056				0.7041212460471865	0.7019139590090411	0.7140095858784526	0.696871949051416	0.688295999354236	0.6885750078815794
0.07589285714285715	0.6975494839717034		0.7080861985122329	0.7079615661229971		0.6928722673699116	0.7007730183020743	0.7111631052287134						
0.08928571428571429	0.7035852073746401		0.7045143089932979	0.6985202934828495		0.6793458284156988	0.6892918924463708	0.7061892614828129						
0.10267857142857142	0.6816483125043183		0.6857975563583281	0.6871968097509966		0.6939464810046153	0.6865357745032863	0.696901349733999						
0.125		0.6732977359575218			0.6664459151977844				0.6666769263597333	0.6716850845283936	0.6580800478254818	0.6706427413936693	0.6626165959923324	0.6867829371186241
0.25		0.5889262845923559			0.5531929235738361				0.5447911188215414	0.5438227620638774	0.5682252181580457	0.5434984643664206	0.5673899346240369	0.5528680160396007
