0.007785581867655048
0.01020393884177314
-0.018255268226325026
2.6574751689672875E-4
-0.016322511218869837
8.809770896478378E-4
-0.005239329524865728
0.020680863654087795
-0.0058241709873655505
-0.011597291034185442
-0.009747156837369271
0.027168618858920218
0.03933534260214809
-0.03343937239952359
-0.03432235504606991
0.028426384843445323
0.00283918181886411
-0.031926675185394236
-0.018991622856888678
0.04807911622341867
0.005822957456099678
3.1470374091647525E-4
-0.024517908886797737
0.018380247689781717
-0.016310189940425747
-0.005323799187642069
-0.014302064975493935
0.035936054103561696
0.01916445103123323
-0.022980313390717107
-0.025393916778472483
0.02920977913795631
0.031096587665775638
-0.038384274618968
-0.009858519618665584
0.01714620657185787
0.05821497986802092
-0.06408949528709361
0.01034276901910579
-0.004468253600033133
0.10134536751034652
-0.1207950200236759
-0.06666779355731396
0.08611744607064324
0.0797529691552382
-0.11741658875693564
-0.07707382510146424
0.11473744470316166
0.09696082412841095
-0.12494959993759755
-0.10556875421497834
0.13355753002416504
2.0980829633903547E-5
-0.1336819311573825
0.07621746589217605
0.05744348443557253
-0.022470503049218632
-0.00599015852830353
0.04788562545665663
-0.019424963879134553
-0.19933646602523863
0.01039774494394945
0.108428753193375
0.08050996788791394
0.01186587889140462
0.020113441829431533
-0.13052597903240254
0.09854665831156646
0.14784776417329798
-0.09378164297344856
-0.09893756787832131
0.044871446678471885
0.08525975268396394
-0.06734984199571695
-0.09345302373576035
0.07554311304751347
0.032685400968089855
-0.07176830825764077
-0.0626333831263651
0.10171629041591593
0.009057823512107419
-0.046556802056687795
-0.026128561703531512
0.06362754024811199
0.020078881600067808
-0.04535859194878643
-0.015081281036522422
0.04036099138524102
0.036968369962629755
-0.03088001165149372
-0.015797172870475627
0.009708814559339585
0.02746622399274489
-0.024082922187111805
-0.009692138348814768
0.0063088365431815795
0.01344445744523325
-0.03424721521696826
0.004651965854454053
0.016150791917280943
0.0518415403314125
-0.030553965728750222
-0.028618572930650094
0.007330998327987705
0.045555554644949287
-0.060389172569004765
0.0014762492009716272
0.013357368723083726
0.008773036288935474
-0.04153763265689464
-0.011715387104746558
0.04447998347270564
0.0606191091613502
-0.07020826898654602
0.010873803483002329
-0.0012846436578065838
0.058078331751667406
-0.06393184540768461
0.012864468166217032
-0.007010954510199928
0.012355717052124415
-0.02729587939943747
0.058392432836000596
-0.016173611622119007
0.0022490389019535605
0.00716819054777759
0.03812257788357904
-0.020091006153059178
-0.009414435930953435
0.0018492035940593596
2.3424348063172395E-4
-0.004059741084040319
0.0011901574639554754
0.005187147530860788
-0.01884667355716432
-0.02308177967651382
-0.020265036719072843
0.00903878554937129
-0.01718343897876087
0.04648767857007127
0.021824097849498233
0.013351947241463111
0.007225174317522377
0.015934371892252233
-0.009386551500793637
-0.022522578183636344
-0.011424356911763765
-0.048750120031411534
-0.005673523140768695
0.026561868301754964
0.00806673073959208
-0.0030811101535445674
-0.005595644964595149
-0.003908549756741063
-0.028503815574881974
0.018105798120214636
-0.017888879100219843
-0.025760554201992948
-0.015633325937519968
-0.026946052311135435
0.004247243841273864
0.0035233699592760984
0.004285512384206816
0.06992776557533846
0.0
-0.014152780887425127
0.01281500010084707
0.0072296445270295575
0.0016759887409523323
-0.0015152113559263542
0.0
-0.041937723716069644
0.00806932431970615
-0.009815037947526493
-0.03132886560210735
0.03439997538945673
-0.007086526103104686
0.00929459726883617
-0.012390103859788844
0.026433147977004273
0.01787485830267869
0.017398190705101
-0.0035782481577618748
-0.007228618444553416
0.004484703868772134
-0.04036548596607203
0.004077260928893277
0.019974545277815364
0.006150640110781963
-0.011737502604570233
-0.01449382858778827
-0.0036001638811570653
-0.029179596259928543
0.009897105488812926
0.01898295769742183
0.013004711356051551
-0.01199499145078524
-0.0032206974100206995
-0.0077955931551907665
0.02949342336809397
-0.013364688006143915
0.030726271411780394
0.005981098993713174
-0.009089100428411566
-0.004096331066560516
-0.02161545651654171
-0.005812123731039249
0.01646845695386274
0.02177219548085062
-0.01624404533751041
-0.005803711060744142
-0.0013388784211219584
-0.01532880181707006
0.008108406290592868
0.018225050141428903
-0.007707365797437375
0.042115680027123334
-0.017800232263573676
-0.04280723384516848
-0.003148483611959068
-0.009795019827825865
0.027927721093772267
-0.008638993775839137
-0.017349114851572006
-0.003519599231117082
-0.028612877637226714
0.03549844274321445
-0.0226606707815847
0.019225962245792223
0.014632663985464749
-0.004681111091465802
0.014373537297099715
0.008489881404781173
0.025007049451771464
-0.027932989168066087
0.007827550937378922
0.026160220933134748
-0.0025621315003134665
0.007456574166895137
0.0039397620505752205
1.5714958031717158E-4
0.010251547823959725
0.002296881170402291
-0.014248769449166232
-0.0019420633899740192
-0.017831708709848966
-0.008875036472737043
0.0024869448249777854
0.03040463716785915
-0.01290379843944818
0.030326738354024458
-0.0061019997879027
-0.008458912749648878
0.011009125842646822
-0.020607610459091777
0.015625
-0.03770838831271564
-0.007871545086544663
-0.005937620335619659
-0.00916430935574814
-0.0010714594235125298
0.002576435649489274
6.767638903198807E-4
0.013382772058527018
-4.568246079777413E-4
0.021781990519074812
-0.02391272202079915
0.0210070662592324
-0.014788710164012387
-0.015510081544317706
-0.0035561035350807173
0.025867525715757646
-0.002364020969055469
0.011917483743935451
-0.012672029664806402
-0.018369805037845105
0.02126600740931494
-0.020499387181374173
-0.0014828940308959037
1.752140746640329E-4
-0.006491343797196909
0.010246149923837829
-0.0181346785770672
0.00361002202054843
0.02949566202683436
-0.020049170142224532
0.004705406875339231
-0.038860168421913546
-0.0018862738432168149
0.02290208956025912
0.027934015273143993
0.0020247395601081276
0.007638766850337798
0.0023632165141982157
-0.018571449722515208
-0.01667414093784215
-0.012862709955429756
-0.02761999145078524
0.02755363560181486
0.0028891713923630425
-0.018286697213226115
0.012838780840324956
-0.014159598847280148
0.021296179376369267
0.012221274222564776
-0.03743312210149775
0.005580554953721628
0.016504602347246634
0.006188175177945267
0.014325148167031565
0.0032659693879035015
0.01486724695985376
-0.022718255872889052
0.04874037252177058
-0.005289543445334496
-0.010138814396292295
0.0
-0.016835808353075278
-0.0062408419353009725
0.014581000841055479
0.0038457924800345163
-0.021392427298433173
-0.011700919143013263
0.04508052731938489
-0.011605422780531713
0.04926823343141498
-0.011589094108855197
-0.004669456657786892
0.04104169126926192
0.0010040965618878465
-0.0321712454308615
-0.021913200500341304
0.014147980832606589
-0.006406010037017594
-0.008079133463362736
-0.011374182335796712
-0.03058778385707374
0.02702911946331285
-0.0021587547637584026
-0.02790048680859412
0.02361500696673062
0.031934730619181215
-0.040125632358978924
0.00850443144328046
-0.02459626151791408
-0.02703056225122122
0.0037650906544924798
0.01812432421221967
-0.0027054953752401164
-0.023608035205443717
-0.003842194679882994
0.019670631376718997
0.01886943304970551
-0.01446760226965901
0.028312336566404715
-0.01780924712001166
-0.010086880401771782
0.0027077083667515177
-0.011061653813055657
0.009436053361837438
-0.015625
0.010298664329729375
0.023722825684356103
0.015625
-0.013137428077859954
0.007108008091848739
-0.006902733261104882
0.011697566396460968
0.02139362141554403
-0.0180739282522981
0.011311215536110003
-0.030742519174543667
0.013971959325496927
-0.04996185597783257
0.047532369075347844
2.0861973219046055E-4
0.026897096942900482
-0.012437324928230945
-0.056710153077786325
0.020352554941575583
0.032583711577176294
0.004866978904275102
0.006938363033294408
-0.011376482352579225
-0.015437671106394952
0.023188065863207357
-0.014716885041826165
-0.003006382252333635
0.0
0.007895324355947392
-0.011684200644069023
0.005486185603707705
-0.022772509855387507
0.025682829574105174
-0.006238383139178225
0.0016331207999670675
-0.011990431451719087
-0.013700003551797813
-0.011653401932122005
-0.0023980085680489526
1.9133928194229807E-4
-0.010006826657921276
5.992702755530229E-4
-0.015848686239225647
0.008521286165614293
0.04552464584211521
-0.026609789690204833
0.007138873960914036
-0.033304443872112365
-0.0011937434525525845
0.03774325591462559
0.010275994498249685
-0.019558148216505093
-0.011108365609803786
-0.0036519861183524718
0.007413661587583945
-0.004312456872422975
0.012323384632878494
0.02708193638442819
-0.009328985949140646
-0.04335178076144722
-0.017449771388386135
0.012053210502000627
0.017376615864068162
0.03602909753707676
-0.0019010274143084881
-0.0026084070128442154
-0.015625
0.012232073487474666
0.0199653052133936
0.016798963069034216
-0.015047525330387336
0.002403479455527366
-0.01875740375928709
-0.006754384506446659
0.007864297604664451
0.015559167747851323
-0.05821586681127627
0.025110527008399903
0.031025819934546523
0.016892302223447682
-0.014736742724061431
-0.013189099171961368
0.017882780425052487
-0.012690398181817235
-0.016153887639641575
0.047211035558866285
-0.008216015958394319
-0.021755142971733046
0.005517149330181541
-0.01829458970654626
0.006718896032914576
-0.02643915934125817
0.013299444961054334
0.02437408490995536
0.005402299710040815
0.008739841803067387
-0.005851751065563897
0.003260708841832122
0.007118405817091159
-0.017710048742183314
-0.011697892783453713
0.02681702150917755
0.0026148349725265835
-0.007094438594676206
0.03390686803925578
-0.013732564868632393
-0.0046479265240930365
-0.0022195153924472943
-0.019447282523922575
-0.008264442502918065
0.008522885755856371
-0.0032589090338570603
0.009514523649850566
-0.001757823141675264
-0.02165310071566652
0.01704091307135197
-0.008008908007454928
-0.0030472994179005057
7.625144328809409E-4
0.02382931033462411
-0.02713389599779515
0.014005749710015138
-0.004491226935135708
0.028755946383810592
-0.011594687878817612
-0.04168711034829115
0.004206095007262704
0.015625
-0.01496766763349203
-0.006975819493780138
-0.012952839720709432
0.025510387258983615
0.012209803230042726
-0.03633648237474486
-0.023629376115881274
-0.002919908427885731
0.0014134670733786236
-0.019333925139237727
0.01971011366987151
-0.023141729358194165
0.03075114657972231
0.021556638857368814
0.031861439284339474
0.03208507268835731
0.015501934639571847
0.002063270822433655
-0.011652043157704803
-0.009495033288105865
-0.001557797362034233
-0.022539459892072518
0.007550652768945832
-0.007599806257557341
-0.03175097396020138
0.004823343861263719
0.015865403390910356
0.002519909963277531
-0.014682565065368651
0.015510740628568255
-0.012952839720709432
-0.0038049064806966737
0.002564623202142063
-0.00557251340001882
0.018963650084908475
6.877374375647369E-4
-0.0035187455673472874
0.01191871368799242
-0.032738590758717344
0.006005154186123875
0.015605740740184603
0.023804428966553243
-0.010771048617463252
-0.020461554816394025
0.03746309567338864
-0.020346945196297688
-0.025122638329565
-0.026895806095282936
-0.008485842887621935
0.01053163925536793
0.01690983006786607
-0.008836556166735022
0.01297357520591931
0.03363830199330175
-0.02407173258746526
-0.023228707547308308
-0.023209381299598986
-0.0023649464697234482
0.011447705312229519
0.02830328779480937
-0.013960082182553676
0.010506520812596756
-0.0075598701812951115
-0.002070783868640347
0.028392252722688336
-0.03557248804887145
-0.013793438513265584
0.019965243248381115
0.0051073085476840314
-0.031081661927888513
0.019017731269859815
0.012448387983599409
-0.02201091183792507
8.038794388560075E-4
0.00473781533158461
0.03147494888438284
-0.036816505187895594
-0.005981344150726833
0.06131562021173896
-0.034449951315675784
0.024743774299241062
-0.006605246739827904
0.015625
0.02001734733358085
0.004550113971945801
0.007601676237210644
0.005803830134043016
0.004567087884024011
-0.029240781322976108
-0.013248151183300423
0.009371753251163838
-0.006780565933172282
0.010583800197824723
0.0017417467533598716
0.004883017463791851
0.006177450577085344
-0.0016169975516530679
0.015862016461789273
-0.01810107825611659
0.0025465168515899465
-0.019455203252599303
0.03203076930542264
-0.0021177420801914413
0.020883790807049753
0.023419824254229147
-0.030609034715775717
-0.021758686484170047
0.025640845354097636
-0.02597015289582577
-0.0327785984388551
0.0028659666732062743
0.014650475422522442
-0.02495927904528286
0.002261308111320477
-0.004327476123702448
9.003592805174251E-4
-0.019385826882627376
-0.011705305955656671
-0.031174752799774212
0.010997154276644237
0.03914489730806904
-0.02367083227476558
5.954864870018131E-4
-0.001868086077967769
-0.023150902674953826
0.002004715654710694
0.044294148515472136
0.034543470469779375
-0.00852720495760427
0.006272520043295498
0.009547806270605115
-0.006842595132273914
-0.02575393870030751
0.022122410291581525
-0.01752193322142938
-0.021925499463570315
0.023593408785109894
0.0296417927866987
-0.03162073001409779
-0.010842820466210067
-0.012065026819683147
0.009420982681897849
0.029167136584164775
0.0869026874722822
-0.02897910864041911
-0.06233779922922213
0.025335665551070398
0.054394281996516344
-0.01715796517674071
-0.03117804922434827
-0.016417974850726498
0.06276777996840888
-0.02100838369289447
-0.0019739222247058636
-0.02199487617423121
0.0
-0.0062399859447947875
-0.018737957612304453
0.027722195447885324
0.027395083124937002
0.008999612058826635
4.067063017980897E-4
-0.02017977315214743
-0.07444097622114684
0.02262377903755632
0.04239179876966046
-0.05061945644965834
-0.01092378415978603
0.018668130839549546
0.011650881918243677
0.030654321280550956
-0.024384938427036998
-0.00868987631430239
5.961760323900233E-4
-0.012531959258402657
0.03974233430433091
-0.03035988579304471
-0.039626385305496774
0.04476647029835825
0.009481751884433638
-0.01151493001047893
0.056540085717631465
0.002410441432845814
-8.595045072359968E-4
-0.01859322227298235
-0.02345875939944323
0.005025260792518561
-0.04077024688335328
-0.025372618843143083
0.008218344747048786
0.014512344219345392
0.02146398031546394
-4.793010014269069E-4
-0.014835306437289513
0.0
-0.01846559371088636
-0.032055069881105
0.013151946573273786
-0.013233565173920454
-0.02907965093655529
0.009765303238342357
-0.018708271782611804
0.018411466131938052
-0.0018778367100256597
0.01959850237338176
0.01123271759806187
0.052256885975217056
0.22975914220804017
-0.003948874633449329
-0.09777043926789601
0.04746425691031925
-0.01605119172404327
-0.00896548070547896
-0.0034920852819917067
-0.022309925664550152
-0.005070561370067311
-0.01535506136012028
-0.038209298774785044
-0.05775786316523767
0.0
-0.04034552997645164
-0.0018434214572965457
0.09211131413102938
-0.033560304469646765
0.0014671487381567525
0.015711337404947685
-0.01264871772454089
-0.05439006091233858
-0.015791268825422852
0.04473083599421677
-0.012653692287223666
-0.00892549240847237
0.06482758693213701
0.01336220183131641
0.011641485481236367
-0.03568400487879289
0.0010907218385472362
-0.039172620226380246
-0.004094651774833569
0.11000908911485062
-0.051574322611269
-0.0403655039922554
0.0038355778535053148
-0.004451376257814013
-0.0484880469674266
0.04470026863440266
-0.002929017297146946
-0.042384025454190906
0.016556900354822893
0.004962244876667301
-0.011625191265816518
-0.028755263376741003
-0.038419931634418675
-0.013371199810085048
0.1126425668520211
-0.039730913529214186
-0.0135690397290261
0.0018919312378243495
-0.015625
0.005199535298993517
-0.01708326210538587
0.015999676437870338
-0.024819928360336488
-0.009126931992520921
-4.974184344774544E-4
0.044971717644120765
-0.03403808645192617
0.012915328907196153
0.05267929036232715
-0.029179470352140493
0.045544317466662314
0.2653892189992794
-0.005284777459784298
-0.03669653917620374
0.04306911096073845
-0.004330378776673118
-0.01727260709639296
7.581916935007586E-4
-0.04678029405602235
-0.006468701402938502
-0.030189305642198638
-0.06143442318555315
-0.02244024438668909
-0.0027868473799966104
0.02451443889662981
-0.025802360063615082
0.027100885586265555
-0.038425141247748526
0.027650270978920425
-0.016733650558939682
-0.04218457276743458
-0.0700669598419539
-0.022551935353282242
0.008001244721505055
-0.005710408129983199
0.03106952082019898
0.017379966735123462
0.041986748440672225
0.011502459788503382
-0.024182236782295814
5.704136740217972E-4
-0.011852133803807558
-0.02724860669717568
-0.010876454821317997
-0.021026606119956978
0.00928855208579735
-0.04289250236977387
-0.014025418280982211
0.07246332506181649
0.008535568852188967
-0.0014414681406610926
0.03204429470359539
-0.02413878583786224
0.002177848559692347
0.01500350815189393
-0.010139524913053225
-0.06567890346533584
-0.012281439822898196
-0.0036797872004567357
-0.013130263376741003
-0.030848380502075626
0.0024681151952456407
-0.010013410664766754
-0.006644128684654075
-0.03284855347376514
-0.02072915255492381
0.03522638530334708
-0.022319324182615806
-0.04196235971689799
0.003149477389453089
-0.022434505335841633
-0.00814683070369204
0.024274199383442368
0.003595198012907303
0.2264809799822216
0.004006408279956783
0.0
0.06686211817538568
0.13208883309812944
-0.004430513172075875
-0.007328535993601713
-0.00962787728673328
-0.008122566650485611
-0.014247025588469141
-0.022022627010783297
0.013716350059109032
-0.019120219913957022
0.0
-0.03125
-0.0023670127182946338
-0.018404362122942133
0.008049970390254478
0.010272275004499773
-0.03296332947186395
-0.08042580150715359
-0.011944955189585802
-0.004616768901017986
0.05258070834787616
-0.0362287551188962
-0.004969434550702969
-0.0020077268314996374
-0.017326730745313452
0.020869744839787034
-0.0038672894375936604
-0.020919594904325215
-0.01707984313614681
0.023160942454746133
0.044397786560322915
-0.017483372315539595
0.05136444253500112
-0.04395306684154436
-0.025848657512508456
0.01011220286424599
0.0
-0.06317402981357292
0.027149264844085648
-0.0025971420860876867
-0.03468916992430312
-0.003983301629430293
-0.00794243321072319
-0.02988249890440722
0.017311558416146337
0.002144591916850659
0.0
0.0
-0.03511591486598446
-0.010139524913053225
-0.02126622109801475
-0.025649392642277096
0.01632062226686483
0.014275139962185159
-0.018537461336166197
0.0031653950013082726
-0.0020412121692093494
-0.028927457173346247
0.029471541850854155
0.006525855562102882
0.009272756409641994
0.17738331784825576
0.0
0.0025068981805299907
0.05394726705000418
0.0
0.0
-1.684682155091207E-4
-0.0070426290955307
0.0
0.0
0.036977221907562474
0.013170094464975907
0.0
0.0
-0.03125
0.02882043983637829
0.0
0.0
0.0012737235689766653
-0.06476407054116155
0.0
0.0
-0.001800030046900312
-0.021882500746615945
-0.0037999638791345516
0.0
0.14315073316107588
-0.08387727983306814
0.0
0.0
-0.00837555462069071
-0.08487465700007883
0.0
0.0
0.003673543916205481
-0.014278200547458136
0.0
-0.0020077268314996374
-0.02145437409556271
0.0
0.0
-0.0018434214572965453
0.0
-0.02287234132242037
-0.015625
0.0
-0.0687496738386275
0.037588439961680944
0.0
-0.018619354760422452
0.015517791520071109
0.020763382442888653
0.0
0.0
-0.045995299810341214
-0.02953093843628834
0.0
0.0
-0.029465184104395824
0.036602643075742715
0.0
0.0
-0.001831486050697665
0.18611597614760808
0.0
0.0
0.0
-0.018619354760422452
0.0
0.0
0.0
0.022971957185783248
0.0
0.0
0.0
-0.0043316215957268575
0.0
0.0
0.0
0.0
0.0
0.0
0.0
-0.0020077268314996374
0.0
0.0
0.0
-0.06941817216831336
0.0
0.0
0.0
-0.058456068278435004
0.0
0.0
0.0
-0.0037999638791345516
0.0
0.0
0.0
-0.0018434214572965453
0.0
0.0
0.0
0.15066277096424252
0.0
0.0
0.0
-0.05697688361476986
0.0
0.0
0.0
-0.015625
0.0
0.0
0.0
0.0
0.0
0.0
0.0
-0.11020671451001585
0.0
0.0
0.0
0.16765019894558836
0.0
0.0
0.0
0.0
0.0
0.0
0.0
0.0
0.0
0.0
0.0
0.0
0.0
0.0
-0.022470503049218632
0.0
0.0
0.0
0.0
0.0
0.0
0.0
0.0
0.0
0.0
0.0
0.0
0.0
0.0
0.0
-0.00599015852830353
0.0
0.0
0.0
0.0
0.0
0.0
0.0
0.0
0.0
0.0
0.0
0.0
0.0
0.0
0.0
0.04788562545665663
0.0
0.0
0.0
0.0
0.0
0.0
0.0
0.0
0.0
0.0
0.0
0.0
0.0
0.0
0.0
-0.019424963879134553
0.0
0.0
0.0
0.0
0.0
0.0
0.0
0.0
0.0
0.0
0.0
0.0
0.0
0.0
0.0
0.0
0.0
0.0
0.0
0.0
0.0
0.0
0.0
0.0
0.0
0.0
0.0
0.0
0.0
0.0
0.0
0.0
0.0
0.0
0.0
0.0
0.0
0.0
0.0
0.0
0.0
0.0
0.0
0.0
0.0
0.0
-0.19933646602523863
0.01039774494394945
0.108428753193375
0.08050996788791394
0.0
0.0
0.0
0.0
0.0
0.0
0.0
0.0
0.0
0.0
0.0
0.0
0.0
0.0
0.0
0.0
0.0
0.0
0.0
0.0
0.0
0.0
0.0
0.0
0.0
0.0
0.0
0.0
0.0
0.0
0.0
0.0
0.0
0.0
0.0
0.0
0.0
0.0
0.0
0.0
0.0
0.0
0.0
0.0
0.0
0.0
0.0
0.0
0.0
0.0
0.0
0.0
-0.06050978622126959
-0.025704279933318926
-0.07173287495759692
-0.04138952491305323
0.11099941909154207
-0.13176645079032756
0.07636404964224594
-0.045199272999511
-0.08315360217802843
0.14056434646548968
-0.014015569924932646
0.06503357883084666
0.0445298481991605
0.0370198260875883
-0.12114158379211887
0.120101877393284
0.0
0.0
0.0
0.0
0.0
0.0
0.0
0.0
0.0
0.0
0.0
0.0
0.0
0.0
0.0
0.0
-0.015625
-0.015625
-0.02925978622126959
0.0
0.0
-0.015625
0.0
-0.010079279933318924
-0.016793856948593873
-0.015625
-0.008064018009003051
-0.03125
-0.015625
0.0
0.0
-0.025764524913053227
0.08930426347699669
-0.005249579325301441
-0.006863986145411139
0.03380872108525797
-0.024263974367817624
-0.042126367825414096
-0.03767264448572324
-0.02770346411137259
0.00435799852267809
0.07623739587887453
0.02503084230496023
-0.02926218706426691
0.0027877270226484008
-0.019226773133449605
-0.025579847389363124
-0.0031803794993466687
0.07822067359837852
-0.08857194325834242
-0.006280290380744279
-0.06652204213732026
-0.006149741241811141
-0.06318051775144068
0.04991293608911994
0.15998166936962158
-0.045320093107220114
0.04199461180800423
-0.00823208724060287
-0.0024580013851139186
0.03088242145446102
0.01925065359843202
-0.010454131670754784
0.025354635448708387
0.025023251460370995
0.006893761639596111
-0.018637164900806604
0.03125
0.025826536375907656
0.01857698421777416
0.0
-0.007383694506093518
-0.05420560067783539
-0.015625
-0.020060983114283473
-0.03125
0.06942815860513472
0.024120131177818596
-0.002776406714439305
0.02932999432476997
0.13716967484072087
-0.010206456017994931
-0.02053280232271899
0.07049277203573925
-0.01929639730571172
-0.05659217318128702
-0.015565746509959136
-0.011098443947089868
0.02201557195286205
-0.03811002760582535
-0.034499794415558886
-0.01044697757970941
0.0014288947458628385
-0.04565551775511551
-1.7402854297167425E-5
0.04278070481148756
0.05225567910513374
-0.0015447229508615459
-0.03174757157268339
-0.023550563815309927
-0.05302290841610804
0.0275759230922158
-0.029823452386468975
-0.0470844636487194
0.003542866609445569
0.01130157781779979
0.008264770878332328
-0.01086892370218099
0.008241305493906483
0.04705564891634399
-0.03784114234146334
0.09735941875004937
-0.009396140032218819
-0.07010059044897549
-0.039110795851750105
0.00664597412197313
-0.045828196765061224
0.010798061870782485
0.13015079943505004
-0.008138656853892565
-0.059715954986477957
0.047517596718977234
-0.002899931471379212
0.0037720436799507616
-0.046875
-0.040932405539911544
0.009212217090530715
-0.015625
0.0776384959538087
0.02477873636381249
-0.020474785134308577
0.005530859898931546
0.009413781543768986
0.004293089798154907
-0.016016458598325168
0.026453598899202284
-0.022411079671861723
-0.02951209608725229
0.029379451597912377
-0.016266661613355587
0.030099159615894086
0.05198351301342005
-0.02193037927867298
-0.03441256798956269
0.18494037292361054
0.05107872406852202
-0.051523143296328656
0.07317175617164065
0.006095551819976855
-0.059021728460134947
-0.0019401586206626437
-0.0022066977931987173
-0.03013696785797384
-0.005670252737091475
-0.0253965128154751
-0.050662221470920636
0.007589354244316454
-0.0406247811471903
-0.02617878749736139
0.11833325664156921
-0.013232143410298741
-0.035639281278579016
-0.022907665427083702
-0.036954630827150524
-0.00706012644515541
0.030445045064819036
0.029841558223603896
-0.06715157526340135
0.00282949987709119
0.02012029067412208
0.04928251381273992
-0.0034871624236564105
-0.04354306418048605
0.011776405168306796
-0.01074019662515272
0.0026388900868324298
0.03564444081696838
-0.04730389714570211
-0.05814016671501404
0.013231026947715701
-0.032555466575979346
0.003607818147978104
0.0615883448438721
-0.041443645572171464
-0.015536714887375753
-0.011048613953224543
0.04310731676774149
-0.016277491337834588
-0.06162785209758018
0.018676936800620783
-0.016633857520742496
0.02577425360240667
-4.942839851999163E-4
-0.015625
-0.005954799760230679
0.014968443601094004
-0.00794413699896365
0.01737152708987395
0.0035640323021260386
-5.401837582993466E-4
-0.02752554506115726
0.014571479785323641
-0.008654834480254016
-0.02896780762781513
0.0352424827862966
-0.024482980335284753
-0.021947026318143083
0.10129007943910548
0.0658880562558556
0.04933384960688175
0.025650503043471634
0.06598597743887126
0.0105425228401371
0.016998523118672663
-0.05483546170338281
-0.02019503861118604
-0.05934823377805727
-0.03460199174843766
-0.03055541593344282
-0.014020133738719333
-0.008616998993633463
-0.0024039957484061313
-0.006178075589959423
0.08161566622529885
0.02323656289235805
-0.048383751608350255
0.021769852236884758
-0.03808684172101411
-0.009532601677032706
0.011711632197029998
0.03239028028040389
-0.04216664895786504
-0.004714532914429172
0.04204720090869448
0.0479714328931434
0.007749675861530688
-0.03223772877129594
-0.0031859462272992222
-0.01233880193790944
-0.06357962545056628
-0.007081324727832855
-0.01844723327076168
2.497421099925553E-4
-0.04509091204081369
0.04004561215248574
-0.0696429931150781
0.082605376274591
-0.035035091542868935
0.042771579409256355
0.005700139298142099
0.023951096617599147
-0.014084332040245312
-0.03487526582765238
-0.0069106684903988
-0.020662475146188623
-0.03694627339598696
0.0060509771316815085
0.001908762822255522
-0.07582967910032173
0.005530859898931546
-0.013748416585654552
-0.028392142639672505
-0.014442830181760066
0.02192896989353964
-0.019705427717759877
-0.02175827565574802
-0.023398508217995787
-0.010637656369896017
0.010383043823681274
0.059470088495787984
-0.022475597348657228
0.2006589447991018
0.009565940359624846
0.020550989598506576
-0.0021931657458535347
0.06017050733978442
0.01643016052951598
-0.0042056257881280335
0.010688329093898639
-0.03850123628526124
-0.036736919294766704
0.042758672875424994
-0.03253257935193314
-0.0016487559386979254
-0.001363526109297809
-0.0347305823718495
0.004840773752064599
0.019592418305057712
0.0030371277519991306
0.0031526001957494776
0.02865690086282913
-0.007539512080642154
-0.023450611351333764
-0.023904400562014917
-0.0023207424930833734
-0.019649226032615888
-0.02201444379900956
0.02435625559218474
0.05207566970587388
-0.008700116829197056
0.01548191808547087
-0.005163206870035888
-0.059730707747075465
-0.02605581268673991
-0.003434918254794998
-0.023709632168249783
-0.013476300314716624
-3.7576426322855853E-4
0.01241338496851373
4.878202515084852E-4
0.006865650459208842
-0.028379782876580165
0.02751561910836075
-0.019108950403724158
0.03414158826307835
-0.024579651608411003
0.014309007119495001
-0.04267614211466686
-0.010695591698171431
0.00807028040601332
-0.013930150971144003
-0.015625
-0.027577542998143793
-0.008214255799612706
-0.007701796523551605
0.031185315430195017
0.020709542306598425
0.002776416816441977
0.0034847542921318557
-0.05360093005950751
-0.03485127225190291
0.023312497996563833
0.026473335688854106
0.05487422444582088
0.010318167120806018
0.09008298492236638
-0.004682997938961336
5.139942806495455E-4
0.0015735754419600816
-0.0021665728979633203
-0.0033104463837453496
0.005208717473285602
0.011436591245254524
-0.028965904708788508
0.007257572589583757
0.03428002782517583
-0.05318665434046183
-0.002941054270182588
0.01240752447646053
0.019097224179244907
0.003555122663177153
0.00898110387741841
-0.019171235571542593
0.009407108059778301
0.0014943789340894405
0.00596088620081919
0.009054838117399915
0.0020287108049124782
0.022978381343087287
-0.030498820933839113
0.009145467460285325
0.02250320558258253
0.028360302046154653
-0.024066195722399965
-0.004897432796465193
-0.06070274473817183
-0.026492275379942
0.008338624536563706
0.011665911415449752
-0.010688396628908577
-0.03259783940494486
0.0038693349251200256
-0.001510065223485551
-0.019271987085692208
-0.005657665565189757
0.020844765878745605
0.028688687537119166
-0.03158985916511016
0.044586564562477705
-0.022851986569370517
0.011444729268962617
-0.004877631036767636
0.01845218298262653
-0.03663530759456367
0.0013491254726164248
0.001805637580078773
0.007181315652591282
0.04456465607923569
-0.005752709100014148
-0.007954128330340836
-0.005868164880066071
-0.008120704600310318
-0.020104110759415178
-0.026186303254184203
-0.043058635612039764
0.03408169105326287
0.005383511398381632
0.0355464128019738
0.011445647440749917
0.03931429930559217
-0.016964069446785926
-0.01726864480071493
0.01817961295749572
0.0052139046675673765
-0.015625
0.012394582317220487
-0.009927350438280077
0.014196111412657635
0.01315970927866211
-0.013368320986458364
-0.003614270339169969
-0.018525687329337834
-0.00852231557746945
0.03505862538145377
0.04131699450322726
-0.015625
0.00820611934462111
-0.0029350219558055253
-0.018000891928462534
0.011211411949801813
-0.022327471453810394
-0.015007683278822494
0.010331819094043786
0.00701464850075413
0.028905677087777196
-0.009232271890469306
0.018232890347216885
-0.015017153401438808
0.038879457854842425
-0.018673984322240426
-0.03112928246583724
-0.03581685543095711
0.03716643688618938
-0.012431164044663143
-0.01434712331754745
0.014599467303594273
0.01416107409016307
-0.03752878326784436
0.019438227289746122
0.0029365528763991705
-0.025894393853802437
-0.02746151360768178
0.004138239847275595
0.025919244270339387
-0.005407974309283558
-0.0017182936993279732
0.004396940656936349
-0.01304821815701501
0.011390440175215802
-0.006213147278735676
-0.0024542167127440152
0.021615256163603477
-0.021175281861292146
0.02988430068859775
-0.005734224855965997
-0.013911532765060367
0.004629542423552506
0.035028434559377555
-0.0368189128996996
0.004121613623381155
-0.013115726645834814
0.02538996399900267
-0.003700590087049545
0.011425072858892313
0.04731707028675698
0.010381526131659918
0.004405036492420283
-0.0223047059515968
0.00908632798907743
-0.03336545903644959
-0.009532391197401464
-0.005036455835145645
7.421212264175324E-5
0.008073032652731954
-0.014942490438549108
-0.009827373338082871
0.007358442208219046
0.02314510951088982
0.022447294041047856
-3.108056755897889E-4
-0.030390563940183822
0.003197566393166717
-0.013905081329591912
-0.003868600348330446
-0.025001805366538177
0.013076146846495098
0.0031796456722315448
-0.0015115706930370829
-0.017494344102652753
0.02366671176281513
0.004687748803927375
0.0032483546254540837
0.051187972883642366
-0.039638848513912785
-0.008608791552830716
0.007295447207851704
0.029828549451135382
0.005897766384847523
-0.01503756181439084
1.1178091459732378E-4
-0.007731217736925311
-0.007617579747235955
0.020054138965841406
-0.019739013406912018
0.0124114472175054
-0.016849500354759017
-0.060246644771212915
0.04662264486408944
-0.010573385107360046
-0.023298011940854846
0.01779310859741967
0.012576305613739115
-0.013115726645834814
0.013048876060444865
0.011900291907644545
0.0
-0.03112311300950558
0.013030450284994732
0.043169683997029466
0.014979290086369418
0.00406451164706156
-0.01668008744376814
0.01422223649242444
0.009277401911558963
-0.012453920451806162
-0.010314914208033609
-0.014934258011555561
-0.015361908057684483
0.057488408190726856
0.009382049451771464
-0.01884235291319495
-0.014388775577429642
0.003713783864356725
0.02222873434198267
-0.00737006195948299
0.013953278723262626
0.009415473574561375
-0.01994165578483323
0.011983901018042649
-0.014095033551688722
0.015625
0.01747679240485623
-0.02308470786707582
-0.036078609923110336
-0.05143547110183272
0.022916135242438268
-0.002995863787793103
-0.02325460847670409
-0.01784255909351893
9.623995713996753E-4
-0.004950048812965117
0.006953766682888633
0.002007147764336286
0.013586809006313635
0.029511879216069195
0.011765241450981831
-0.004985535394484526
-0.01634349279562363
-0.00159806648297358
0.0116193448243564
-0.024066360680723875
-0.01697906645041329
0.017356760170317606
0.022744493845375514
-0.02600884247922909
-0.016684926078123455
0.015073959962259355
0.025829965212113108
-0.0035836578942763653
-0.012916050588786122
-0.011985870648120903
-0.02779357078222682
0.015625
-0.009638470783243584
-9.575366428753824E-4
0.044292035489138584
0.046391123167435204
0.0018100660232096798
-0.024017971018482777
0.011335891360533104
0.004145999757144657
-0.010480830425354071
-0.002356343980329915
-0.04141549050337208
0.00940559639318702
-0.009436157145233322
-0.008936349994889063
0.02566426382101659
0.015946434263729853
-0.006496301719111124
0.004550100810844796
-0.009801194267146977
0.034249134728555786
-2.8845694092177244E-4
0.021122413444987373
-0.026705391657015923
-0.030941251037882176
0.02575575455336591
0.012654575209185337
0.00966010554233705
-0.018905138741734273
0.0033119542763154525
-0.00951304732643675
-0.0033931957572976576
0.008924467475529567
0.010766704236547318
-0.020087613383717055
-0.0031665571765849432
-0.012297184817030973
-0.013762290430978097
-0.0031710668595130616
-0.006761075843724498
0.029818782397763685
-0.03518491764634968
0.04809349047835511
-0.0467019778198643
-0.012833826627593988
-0.028358269556330064
0.03286118068661392
0.008728420706791463
0.0017698121485445677
0.009119804077961308
-0.03895477097243047
0.03338667486081688
0.020783995872746815
-0.023786184254096707
0.0013678926899630198
0.018878855529195188
-0.007439061938493209
0.006630630057888911
-0.010649544526555262
-0.01724907810537949
-0.023728903878882907
0.03484923824192018
-0.01452440940752614
0.023977634635590755
-0.01311259696981478
0.011192915697840953
-0.018749128051008042
0.01620971026106475
0.013717736555431612
0.014656354172503896
0.011608110433011576
0.0022286977082982403
0.010656197553351477
-0.014879746865221002
-0.018614993129961857
0.007837069548709268
0.029045533347280862
-0.030928205908988975
0.0034853400968245137
-0.022692877717196386
0.0158478585771772
-0.02948445628046235
0.0045478198191794515
0.019120354007343375
0.016385982214820294
0.018232774082528037
-0.0028797018724840626
0.024714627914838964
-0.0050430065930187565
-0.025465778203140256
0.014521846134354425
-0.007193638791688094
0.029164095287777206
-0.0028777893759697453
-0.029536705428540797
0.03417774922518223
0.011010101738393114
0.021330328956981448
-0.03885299975021377
-0.0058463452084077765
-0.002572700601204382
0.01186151416127422
0.008521928883423237
-0.01571607546875329
-0.02850574080505991
-0.00205135078123358
0.01399288261656842
-0.0011140709305907824
0.013057810545696834
-0.005206377269013313
0.004377739965524218
0.01925435478881558
-0.023839255799612706
-0.028968329465785883
0.010537281492033713
-0.004183577060832607
0.004117871310280684
-5.289928079750994E-4
-0.018170764304335587
-0.011840450098900314
0.008292730089027369
-0.008765700201193686
9.69528269323899E-4
-0.021621841104240976
-0.01677831729053031
-0.01375730464935361
0.04287251140462392
-2.7825415264451717E-5
0.005963097682949749
0.004235853730833661
0.03589985232839685
-0.039478821874292094
0.0022605608327742324
-0.00988375073049704
-0.01618292992691603
0.03723566105607539
-0.0025418646615429225
0.0036356333020787623
-0.026551465115181295
0.02705266420653267
-0.0033171810327057138
-0.029908196243794836
-0.01315792874182143
-0.026860386569654126
0.001118853370890665
0.02657983283736638
0.0019235369404977211
0.03592795880388531
0.026190220343998392
0.012954616657986324
-0.016452959446082452
-0.002500163799231442
0.026239035445351652
0.03702549671099036
-0.004661587736416851
-0.03892139971459506
-0.02151678333407822
0.0017417733130248511
0.004391198281777682
-0.013327655481036742
0.004973033040918881
-0.01148027058864333
0.04953860041964016
-0.008637599468654958
9.585128725094014E-5
-0.03945442473333229
0.03282425745424686
-0.021263565978759745
-0.03314597579688189
0.00799889584275991
-0.02493044899136424
0.017430333061997483
4.226707672137092E-5
0.017351277256629973
0.009695962675258797
-0.02415671510354469
-0.006847079879735958
0.01853734956611725
-0.05190060056962401
0.037333444263255536
0.01207024868478225
-0.017111395872023302
0.024938355452483636
0.0022291992449954487
-0.008426738343620267
-0.04416178585698889
0.0
8.388566624776515E-4
-0.020899567448506247
-0.014914153980715605
0.0019190674596662911
0.03845027116934143
0.012026790449809784
0.005193339867051156
0.010450537349028486
-0.0011267756368101931
0.0
2.3712485352244024E-4
-0.021041701810235226
0.015057373949333605
0.044881590491871015
-0.021582806656276387
0.04386679416286401
-0.04398789193906301
0.014636119300015666
-0.004415092571597449
-0.022604053931634643
0.021890698213930932
0.010300097843452842
-0.018128212795051002
-0.025159617286606213
0.019406946898557195
0.020651876523221507
-0.004542246584395698
-0.00585615333758212
0.028102843714787898
-0.020443114567491122
-0.01745600018749361
-0.005701343941728686
2.263796028665853E-4
0.0034637790807831373
0.016879425812588875
0.012414528038578142
-0.01248978128153732
-0.011130461286608119
-0.0030651672600916155
0.019090687095765092
-0.011372215132727478
0.06165606616393883
0.006293545197727952
0.0031894508222914753
-0.04159115038723774
-0.012404528237437606
0.003791733195462773
-0.01960363520241173
0.007496230284871563
0.010574282006138361
-0.0035703273462586024
0.023645304815321455
-0.01637450204011831
-0.017742301790160387
-0.03850772642436611
-0.008081000817149847
-3.0907289750659386E-4
0.005935172667913576
-0.02797281997379479
-0.009634782273766736
0.003934465173800531
0.02355176630688794
-0.009079929617019922
0.014565391294886324
-0.029273423967412542
-0.015164475045970446
-0.011765714798522526
0.014548152855165078
0.005784211474396044
0.005073768102556893
-0.0047404382457934035
0.036340116680137854
-0.01381684773821042
-0.0032308142929434428
0.01942796271107467
-0.009642777381931408
0.013898470418245728
-0.008842882874609551
0.00772602528037499
-0.01711284791527679
0.012351911558985436
-0.015119801004552149
0.019835931430743643
-0.041754566383671296
0.019967355869918223
0.03125
-0.01718609859792118
0.006457943817590225
0.02645417083667853
