0.0038852182019154854
0.015983971842677212
-0.031056252885669513
0.011187062841076845
-0.008473567744023745
9.058658521157673E-4
-0.01166429897828114
0.0192320008701892
0.0021872411282500767
-0.0058717330995627275
-0.01841632954861372
0.02210082151992625
0.04055319059555132
-0.03882561047705144
-0.031405916945811456
0.029678336827311656
0.007217637523921646
-0.037269256298641196
-0.008538956519247342
0.03859057529396678
0.007187630217899298
0.0012813222725270395
-0.017836010460149314
0.009367057969722932
-0.012994822364161523
-0.005557477858918931
-0.028260000072772785
0.0468123002958533
-3.1750168363083725E-4
-0.004211915879635064
-0.020820019573494674
0.025349437136760633
0.04128400424900952
-0.03630447343935661
-0.005936899333263067
9.573685236101534E-4
0.051796004986896696
-0.06750810704114442
0.016750611365431427
-0.0010385093111836673
0.09902568326045266
-0.10352704828436517
-0.0671610260437427
0.07166239106765512
0.07358019957638351
-0.11657218505428607
-0.06878551137353935
0.11177749685144196
0.08217105519902632
-0.11113470205050734
-0.09389032794323729
0.12285397479471846
-0.0011950556981847335
-0.14389594513559648
0.09183540088475248
0.053255599949028676
-0.024067105965474067
7.636962517858694E-4
0.05670542439135555
-0.033402014677667055
-0.22384427199704385
0.019651804472009718
0.11834620324834179
0.0858462642766923
0.005197203422375132
0.015140015062606926
-0.1387724158221986
0.11843519733721648
0.13230036325351285
-0.08935649437194146
-0.09878007042120195
0.05583620153963056
0.0829901701953323
-0.08044445988669657
-0.0882147782424095
0.08566906793377373
0.04674457819376756
-0.07912578889890978
-0.061089092520390395
0.09347030322553254
0.015145360193902271
-0.05387853509448666
-0.036260103941114445
0.07499327884169887
0.039790705493446
-0.05394556962962303
-0.00741332724007059
0.02156819137624765
0.03468499172546199
-0.028248080429054124
-0.019010730620875334
0.012573819324467333
0.03508819255084215
-0.022819285192618336
-0.016884646752557256
0.004615739394333383
0.023625622480631395
-0.02620526103992353
0.0035754052400582496
-9.957666807660897E-4
0.04880792017249738
-0.030262756156352842
-0.031607397120179494
0.013062233104034966
0.05151106383252083
-0.06082065657457168
-0.010896004266502885
0.02020559700855379
0.035203640971907764
-0.04739786432738656
-0.013742248640685314
0.025936471996164258
0.06949138700500872
-0.06359665901812875
0.015438988674120753
-0.021333716661000764
0.060291161352869896
-0.07053808559226653
0.02227574484974066
-0.012028820610343941
0.02102945188470035
-0.035730489993372354
0.020230998913750756
-0.03227909400521012
0.0018101350736941125
0.028950474862104524
0.022892885561010323
-0.007284472692079544
-0.020374232352077828
-0.002235865259415085
0.0011176067304859705
-0.0018512735955441891
0.0094726151043019
0.03169103082216321
-0.03652331546087984
0.002968762608283289
-0.0038634895454049177
-0.004055792732866249
0.0072344344720330096
0.038017411371812984
0.009657320490190234
0.02116837081810436
-0.00936591521267821
0.004158319048496645
-0.024689372724118145
-0.005091118286411372
0.0028562976634253735
-0.03442920509392836
4.457282856802393E-4
0.0028903730288894203
0.016624861400644515
-0.005574251141192407
-0.016573435690226453
-0.006828101429586148
-0.004308884283407773
0.012887732908164877
-0.028215858333711336
-0.036006729664036036
5.135920439694984E-4
-0.016119308389160023
0.008816059450938666
-0.010663998999503757
-0.004851184719485117
0.10119785819242873
0.005222264644308811
-0.0051739533812307625
0.010753432165958095
-0.041705737401090764
5.788061800036272E-4
0.0091615524105011
-0.007041809862330694
-0.0069328583425857584
0.04556248368920292
-0.006037580497660536
-0.020038912562104546
-0.010738938383226721
-0.01917830450718494
-0.011801679564016749
-0.0128073144853029
0.022321428571428575
0.012487069477952951
0.023891774766773705
-0.005703101913702218
-0.0025355521366709575
-0.008868373230092236
-0.039615258080940526
0.010821924727221908
0.03883303941288346
0.013211034017146302
0.02547924602763194
-0.0540358429909549
-0.02210726879914699
-0.008596269537912322
-0.0010272837134159222
0.04453633906107648
-0.018798046569702912
-0.009957665433781541
-0.005955210380160515
-0.015117577545658609
0.04272364529178265
-0.01691622545974156
0.03215485003279149
0.0037829370203356603
0.009792519325990335
-0.014973329026976154
-0.004931480129200537
0.0054152533789791485
0.022564091295709854
0.012090333274239865
-0.012593355370017045
-0.018960089228069743
0.013464761154043986
-0.022321428571428575
-0.006718832961279648
0.006074471819899865
-0.007018610703161282
0.037545452635019294
-0.046277038018926
-0.039476433474758356
-0.007217831273777165
0.0011563868173129158
0.003192307731492114
-0.013672176977219692
-0.020469179680932304
-0.03742649999760213
-0.011205362926857438
0.04485558062893752
-0.009908312515354635
0.038167724505374735
0.02839200779830638
0.014091563708443135
0.006587512062260489
0.023815290298272215
0.04464285714285715
-0.04083046992888546
0.0
0.032984876241479735
0.00595575239142334
0.025676203322111645
-0.01131760671841913
0.009289310507361348
-0.00660299805086066
0.013107312074719086
-0.030641748339199228
-0.00864742644312054
-0.0437158119698956
-0.017674912541989225
0.0231913728843345
0.036249554528779385
-0.00865429619530711
0.016633263629693362
-0.008652377719707931
0.01201334763085214
-0.019428220840235412
-0.026232094054243593
0.024552378339408983
-0.062197755461079154
-0.02231040194486171
-8.6948305379998E-4
0.019675598803654583
0.0
-0.006250407552303074
0.00980076407548492
0.037857370941914784
-0.007788236013128853
0.021299821510917423
-0.01591787202951069
0.03478525458068491
-0.01481788238539209
-0.004953272157007455
0.020599240684461596
0.028867739879284808
-0.013354989151354801
0.039433491978494536
-0.04358425455616407
-0.019110811538059477
0.030345916492280186
-0.011804017844215878
-0.034540963076260194
-0.0153308994745927
-0.01170746804390458
0.01918846774608815
-0.01696610194956022
-0.015158023506536604
0.03398824371783289
-0.02077712479909013
0.0074927169344622575
-0.0521328359143561
0.008323403253917411
0.02324548941357331
0.02644596424747995
0.02552428562169267
-0.009352532429027968
0.01187202134418828
-0.011644020853793291
-0.03675881433157979
0.0011911578902882279
-0.022321428571428575
0.021972512066914293
-0.003601037328729866
-0.021940339405218
0.014956752044368374
-0.009562493485037325
-0.011451766667142437
0.006778660265663157
-0.02979990314055404
0.012425456105676152
-0.002030667790090101
0.019486556633413702
-0.020966227291267896
0.03540840879494955
0.031555181398120996
-0.019780245851774438
0.04763486261054152
-5.874349800506834E-4
-0.009322173416682223
0.020602243557202797
-0.0235345646733428
0.003911694102143287
0.008533191504266603
-0.004985183088789969
-0.020876780699746272
-0.01399711900953192
0.045580884515604915
-0.028243333771979545
0.026029924698517802
-0.005102779097105341
0.014690004196277598
0.033511236784907916
0.032009193655442005
-0.04023175289165011
-0.016045307990624882
0.008345856475025757
-0.016894356643470877
7.247775816778164E-4
-0.022378143165197317
-0.018550478025916226
0.042367584408213116
-7.063385718499935E-4
-0.03081339773080396
0.0031153645824052133
0.011972684008109719
-0.022451690890581917
-0.0028008420627377547
-0.0359281688094574
-0.0233317064092117
-0.003294317414390493
0.0021035115402061842
0.007601976891018528
-0.03191542133652296
0.028301245380295076
0.006580875371861459
0.011894010495249295
-0.02795619789222007
0.026945401152060185
-0.016465531011897367
0.013171210546856897
0.008017600315944087
-0.027801011847238724
0.030670606081635427
0.007262317594350367
0.008382994348184781
0.002513200182702204
0.022321428571428575
-0.028756323082480103
0.013413420326875418
-0.02616101742643069
0.014355288838436812
0.019515222617618927
-0.016930337208577326
0.004056214921376148
-0.007616911390036762
0.018411923303661284
-0.027107577236209497
0.05604491834842586
-0.030026425882014374
0.021509045660363067
-0.01921117594328225
-0.05618560253357048
0.03895287253451611
0.0253389722838745
0.015986469308325035
0.011183908870488484
0.012185993742268584
-0.014721636309117481
-0.006819410274335609
-0.016775519540138156
-0.0032837389797978223
-0.00429997413850301
0.01510866041295156
-0.016045307990624882
0.0042940804205039845
0.005661724806533737
0.01368027768502848
-9.053023311309111E-4
-0.01064294631966432
4.264813880529017E-4
-0.022916794376802795
-0.012470662044391359
-0.023969947293319957
0.02866451396229529
-0.03187700725844336
0.0319810308176454
-0.02199183788381185
0.008051821283260464
0.022636496811002313
-0.002677915668610132
-0.02091918987628509
-0.022962365863520143
0.004615599322848878
0.013068588862013033
0.013151749676820259
-0.03685650334661354
-0.024561474809382755
0.004500332978709991
0.033521913784955774
0.024461076984598144
0.005528678735968316
-0.026891429968789744
0.013199832740277704
-0.05043200838335263
-0.001877312028922995
0.001898143195265196
0.04109622159987725
0.023876426302416393
0.0
-0.002023342561473438
-0.01539791907999911
0.005146397579404721
0.04292928791623773
-3.130819150344282E-4
-0.028849971794245925
-0.042208596185067566
0.012759424984704122
0.023187958598122036
0.006950649115741266
0.015349801611213621
-0.03153919834481571
0.020208201158746563
0.008514537908016432
0.02411785516895324
0.005401259241989802
-0.00875504121664038
0.007320757711490397
-0.02328433819763037
0.00868891744556748
0.022992663632368578
-0.009312541815710604
-0.028975938866888488
0.008601033698010813
-0.03196499509228367
0.006294241696999554
-0.01246347201049469
0.019367595402286133
0.0297831936399078
-0.010623560220026295
0.0026215009856946046
-0.003300808425765107
0.002193426800932678
-0.0074587714561436
-0.007254482960286052
-0.03410285786772846
0.024676710455171055
0.028118118411220666
-0.00926466758337445
0.02720296389335848
-0.010458625030942578
-0.00457917338926876
0.010543714795739602
-0.012830705603129666
-0.026520122038014023
0.021695101285062593
-0.01470819439641304
0.02056876937896454
0.00965025599946343
-0.019315472529306512
0.00584973551478607
-0.02881957543971532
0.018737911935781122
-0.01617638582295841
0.033877163373289235
0.003132984343475741
0.007445566933351336
-0.03295367474327679
0.020366400935877025
-0.02142768537345041
-0.0423144987214783
0.03825068815146099
0.004290287968728598
-0.031348082350115325
0.004527075300498297
-0.008799640546493123
0.017877431136727046
0.009003459291919907
-0.008680392496887816
-0.013871851081543962
-0.0055492056443647055
0.001036744862446183
-0.005954828218843435
0.013850409695538692
-0.018361291903974477
0.024614071622250135
-0.006178321455878866
0.03291119178971578
0.028101728855636877
0.027622087301176136
-0.032809076301838075
-0.006593290128011537
-0.018766816837695773
0.004542504584828301
0.020793227603815717
-0.015247777505874346
0.04101191395716517
-0.020896421562866765
-0.004243742718103912
-0.008256032791940454
0.00260421336917035
-0.019471357650889
-0.003416931354281735
-0.007969051184452458
-0.007223311082102752
0.01766407007012699
-0.022749869456709912
0.005497455962282386
0.014901204368564642
-0.005054282134398881
-0.004142562260078394
-0.050934416544043765
-0.016058850365633835
0.028836240012014763
0.02644956010313904
0.018499943776912976
-0.024453842163262827
0.039720362526283345
-0.008616845800190067
-0.01789233487182276
-0.01899340915288008
-0.0324943338487796
0.028601094790949494
0.012973999489371781
-0.009224186269979288
-0.002510964453459162
0.03978470472968892
0.011924172791040783
-0.005129322962324951
-0.006198096041603554
-0.0160079763058281
-0.013597486098961714
0.01166262815513304
-0.030600392119043054
0.012508847163496421
-0.010959279939593706
0.005155728438652524
0.0029682738566502234
-0.008038650478155286
0.0
0.02522826339887141
0.009173716029527549
-0.030188192588668505
0.005509489208225715
-0.022685910128438316
-0.010648783339521253
-0.008945125713197255
-0.0029499293943065774
0.03515397266813339
-0.03895709666940268
0.005084639252698548
0.08095190575478381
-0.048699160079121194
0.020842477054024682
0.023659117263569673
0.0112383028208334
0.012740934802711278
-0.00841024266913769
-0.010483675186872078
0.021913080432472237
-0.011320286652225925
-0.020704032810382435
-0.005535125912657859
0.002562943929512439
0.0
0.0052102293151543334
0.009676377350394502
-0.0030084413419062
0.059086572339239224
-0.03024658082176565
-9.278592531589622E-4
-0.015773667604553628
0.011081257466746866
-0.008219818778740355
0.006596988821573334
-0.003307453483082036
0.009668977568208663
0.021846182328347473
-0.015736449024635224
0.010468466612836824
0.035217756187694765
-0.017895632408999253
-0.03569502282532434
-0.030375633004022778
0.02838701963403793
-0.014218594847279515
-0.012191513614042509
-0.004839080671947846
0.0039033314500594232
-0.007599906158655365
0.01913673569890587
-0.024347221922286763
-0.0014847908766217341
0.017176353241196214
-0.019550745979279374
0.0011118989807146745
-0.01705800964708041
-0.033472829341906325
0.011909840425617936
0.032317494055073025
0.03126896449213719
-0.01573949830730925
0.005165207705939236
0.004272298138406777
-0.012286490082662312
-0.0176848116134417
0.025349796420985136
-0.04468697863793252
-0.02951238948516391
0.03133701758691921
0.019304790459391513
-0.015569709299423638
-0.01919768213106322
0.010271581190831248
-0.003927850984975475
0.05698519168412233
0.14061117225993358
-0.05828460485519246
-0.060801936450506806
0.04851876543205885
0.026704447780899226
-0.032823602520914964
-0.033886040262458436
6.429980801444298E-4
0.0801772594636974
-0.026284972371676884
-0.018581012213170347
-0.01960632277654271
-0.0031820688578351234
-0.020330794047735856
-0.013687401506045036
0.032098117094354714
0.007659621561661934
0.020666647788237152
0.001331199395392002
-0.014218435108435838
-0.06012647594662307
0.009248520074576598
0.06511366823308294
-0.05615049158101154
-0.015185366685905293
0.019358920293860743
0.006282180753900225
0.030144111392736584
-0.015195790271493934
-0.011517996806493163
-0.0077469879917301185
-0.01596779854111187
2.6397590506495663E-4
-0.01865606691497301
-0.045992917491023556
0.031736519055128705
0.012049521810944779
-0.0015390693286675104
0.05153211841236602
-0.012387050548562846
-0.002018085917799362
-0.023691582372753955
-0.01457873908066724
0.018770876914039638
-0.040677391281786324
-0.003982879307600964
0.018685743310058234
0.02454812750296935
0.0019405308524601574
-3.919982225762418E-4
-0.002586468220332776
0.0
-0.020519311222519793
0.0019578456404152293
-0.003779021315195464
-0.013546164347619967
-0.01885645151098847
0.01853990890833314
-0.022864280373077875
0.005144166941445825
0.005380095320742042
0.02420467575879697
0.014398868755665492
0.011934971558061867
0.24561808619812114
0.0010615777840859474
-0.11281933630814499
0.01661497290505852
0.0020659274156553664
-0.021343235626775876
-0.007557228507007589
-0.029831485486376465
-2.782636053719374E-4
-0.031193322778583596
-0.04331282908967098
-0.03326570729284462
0.0
-0.05418651491126241
0.008511928766792774
0.11171143552322137
-0.05513036285343613
-0.0031293540971441373
0.01160642456790989
0.004761474805371507
-0.045790180696344066
0.02549050872603696
0.045541124386097025
-0.04839775855038058
-0.019383987521636475
0.08148782591571352
0.01806584960458364
-0.0011889629308656016
-0.02465242451796475
0.015811283183733184
-0.04912720819229739
-0.023472358870520994
0.11238826551258839
-0.03946785036120455
-0.04919092449171466
0.02038786468933508
-0.015907928461062884
-0.062098406821151
0.09495380380477485
-0.029025194064797928
-0.043758291506182115
0.00829013632841143
-0.0038200647036831974
-0.010453631031561349
-0.02376502360808868
-0.048453211049108914
-0.017943997664611945
0.12461506479348888
-0.017509500247763897
-0.019071576967113056
0.005227350695932189
-0.022321428571428575
-0.029618942264155495
-0.0049595332192951605
0.02119061384722268
0.001760867233194961
-0.02313877129337766
0.009064696738876058
0.030768685572520892
-0.005044388450070715
0.012441597025402706
0.026124792100495467
-0.020879703662242583
0.03492673215061848
0.27520684496774983
-0.016266638982792566
-0.040461520482059705
0.06688780310661202
-0.011929191349978054
-0.005217582560964527
0.008447454370958115
-0.05190788410139134
-0.020186858771323667
-0.03746545430537501
-0.07332624100495275
-0.014197931454366146
-0.008688107752796487
0.018224508312556273
-0.025338445796317714
0.03524492906489446
-0.061977426946503385
0.011357289158402844
0.01025268328019447
-0.04888366949800102
-0.07525998407509604
-0.026315722531138036
0.016895822104788738
0.021769217560260252
0.02322303153607662
0.05546352966178472
0.06246638977341515
0.012975362559810483
0.004843200612818354
-0.027246421998983784
-0.013348739134358781
-0.0697416103478358
-0.007073672291670361
-0.023699121112515174
-0.0110009352004585
-0.04478558532192416
-0.007658111645710585
0.0738660909493217
-0.004056929779080171
0.005498286679886456
0.020067198733944587
-0.03700161282616134
0.01238618020876815
0.006249875267198925
-0.004863037817517487
-0.027075958186727162
-0.00459390790148254
-0.013419785799615103
0.0
-0.029767525204551004
0.015960652723721117
-0.022168978619820836
-0.0136569664457473
-0.029422377061235943
-0.029759102479472384
0.012134795310312951
-0.02050088637366255
-0.049267306865590964
0.013268638822841449
-0.02293942633594708
-0.009374977181557104
0.03869960150346259
-0.03168232744974199
0.25013857672464423
0.014940717453992856
0.0
0.04028282532307621
0.15093220295250695
-0.006131348202684403
-0.003535342656122825
-0.029967910934520132
-0.018741394348128528
-0.02098150357237056
-0.017729975997142794
0.02712460663377488
-0.013662246742864162
0.0
-0.05054109630069979
-0.003363771922303421
0.004954437889869228
0.005958156609092836
0.010378201524724278
-0.026189582996860663
-0.0986510286534884
-0.017369674147795625
0.007524676416769661
0.06626455965335801
-0.04350915312634883
-0.008768320703053152
0.0
0.011784670037542432
-0.01148910511729498
-0.006126366242696867
9.268974018527935E-4
-0.026516782482081377
0.01921066677199379
0.018107156609310386
-0.029371412416045208
0.03991665933156736
-0.026049918399797548
-0.026169806016969607
0.01365196524475435
0.0
-0.055753003563127346
0.043084687426872645
-0.014949265467417651
-0.015998368566048825
0.00265791440666582
-0.008846935559995618
-0.03730568813130195
0.010946765941549716
0.01729373778644405
0.0
0.002663594442728185
-0.01705395060291657
-0.003692565978864342
-0.0021089246219668945
-0.022728765260754166
0.02862633862969825
-0.0011869191166692678
-0.032496871010279746
0.011392043077608974
-0.016671108156458597
-0.03718748419277165
0.04571397628035902
-0.014271777014550343
0.0026504509953752253
0.16812945938090398
0.0
-0.008253716488300927
0.047259747160697
0.0
0.0
-0.010825083599820097
-0.005504532848772647
0.0
-0.0055701634539983
0.011744196036273838
0.03078191847259086
0.0
0.0
-0.017258485087381252
0.03979717500773791
0.0
0.0
0.00364038695856617
-0.0554201399479827
0.0
0.0
0.011576465754516688
-0.005583345903631198
-0.011080586106238476
0.0
0.12653190808894468
-0.061608920740408565
0.0
0.0
-0.02546301576671358
-0.09372745438756039
0.0
0.0
0.003146917097719497
-0.02230892495655029
0.0
0.0
-0.021287198386951475
0.0
0.0
-0.003936430405245098
0.04464285714285715
-0.034466626788802156
0.0
0.0
-0.05926392447734226
0.02190443140250587
-0.022321428571428575
-0.014560512106230668
0.01975553744478825
0.025545649139108943
0.0
0.0
-0.05330419776958582
-0.04788746627511346
0.0
0.0
-0.024618950695785055
0.008335613228325243
0.0
0.0
0.0
0.20958830182921104
0.0
0.0
0.0
-0.014560512106230668
0.0
0.0
0.0
0.01828912501277299
0.0
0.0
0.0
-0.004923668604727078
0.0
0.0
0.0
0.0
0.0
0.0
0.0
0.0
0.0
0.0
0.0
-0.07384001400184072
0.0
0.0
0.0
-0.058975345027517306
0.0
0.0
0.0
-0.011080586106238476
0.0
0.0
0.0
-0.0095065938592434
0.0
0.0
0.0
0.15830001057229057
0.0
0.0
0.0
-0.056958015828294656
0.0
0.0
0.0
0.0
0.0
0.0
0.0
0.0
0.0
0.0
0.0
-0.10198542533143709
0.0
0.0
0.0
0.17756245385189443
0.0
0.0
0.0
-0.022321428571428575
0.0
0.0
0.0
0.0
0.0
0.0
0.0
0.0
0.0
0.0
-0.024067105965474067
0.0
0.0
0.0
0.0
0.0
0.0
0.0
0.0
0.0
0.0
0.0
0.0
0.0
0.0
0.0
7.636962517858694E-4
0.0
0.0
0.0
0.0
0.0
0.0
0.0
0.0
0.0
0.0
0.0
0.0
0.0
0.0
0.0
0.05670542439135555
0.0
0.0
0.0
0.0
0.0
0.0
0.0
0.0
0.0
0.0
0.0
0.0
0.0
0.0
0.0
-0.033402014677667055
0.0
0.0
0.0
0.0
0.0
0.0
0.0
0.0
0.0
0.0
0.0
0.0
0.0
0.0
0.0
0.0
0.0
0.0
0.0
0.0
0.0
0.0
0.0
0.0
0.0
0.0
0.0
0.0
0.0
0.0
0.0
0.0
0.0
0.0
0.0
0.0
0.0
0.0
0.0
0.0
0.0
0.0
0.0
0.0
0.0
0.0
-0.22384427199704385
0.019651804472009718
0.11834620324834179
0.0858462642766923
0.0
0.0
0.0
0.0
0.0
0.0
0.0
0.0
0.0
0.0
0.0
0.0
0.0
0.0
0.0
0.0
0.0
0.0
0.0
0.0
0.0
0.0
0.0
0.0
0.0
0.0
0.0
0.0
0.0
0.0
0.0
0.0
0.0
0.0
0.0
0.0
0.0
0.0
0.0
0.0
0.0
0.0
0.0
0.0
0.0
0.0
0.0
0.0
0.0
0.0
0.0
0.0
-0.06627870507632824
-0.028190963672717582
-0.08547002892747418
-0.043904574320523825
0.10001551125192337
-0.119904144169372
0.06416895346673082
-0.02462851607727239
-0.0780887459528703
0.12258273860215382
0.0022788538490408038
0.07157335675001734
0.04954914319965031
0.04065238430254269
-0.1197501942104961
0.11539493098499537
0.0
0.0
0.0
0.0
0.0
0.0
0.0
0.0
0.0
0.0
0.0
0.0
0.0
0.0
0.0
0.0
-0.022321428571428575
0.0
-0.027096281264134436
-0.016860995240765234
0.0
-0.022321428571428575
0.0
-0.005869535101289008
-0.06293772750506049
0.0
-2.1087285098510614E-4
-0.022321428571428575
-0.022321428571428575
0.0
0.0
-0.02158314574909525
0.12271069109644966
-0.004891374969806276
-0.030546314491447117
0.01274250961672706
-0.00880483682934155
-0.04563871850053609
-0.05349191525145108
-0.011968673588043321
-0.018053192223105523
0.10786095331434566
0.010777765892803071
-0.03641657351731237
-0.005999880883770849
-0.02670756960853203
-0.017712447607109105
0.025791382022139594
0.08196119060237364
-0.10419820360343382
0.009638074528086096
-0.06548980747989618
-0.006006082873970402
-0.06548621982044985
0.027930160985682132
0.16614488031089197
-0.024059291942486002
0.03593317781975085
-0.015460272863906666
0.005865240835682612
0.0414088688121894
0.018091569377583133
0.011502331526482792
5.705870337619889E-4
0.024146108739657474
8.196416864885708E-4
0.0022619642020756873
0.022321428571428575
0.03047293287482223
0.006835227906478252
0.0
0.0033442235212422073
-0.05371956258094154
-0.012891290297522326
-0.010785442923025771
-0.04235389840900644
0.0558240031095539
0.023237740895121067
-0.0055868203042724485
0.04192000728459287
0.13740656806775867
0.010089893766005721
-0.0047504068398032395
0.06375050687309108
-0.030474068995500092
-0.06534842323362923
0.02282760527401985
-0.03527504993164206
0.011128009304652318
-0.044393482926030396
-0.01559871915193389
0.0031216357478921833
-0.02808856493579808
-0.05855984935047695
0.010064820831653526
0.029296728922115736
0.04289259655065944
-0.01961329631412522
-0.007837453517388356
2.2016645236441756E-4
-0.06557980426620488
0.03110284600567828
-0.0496272292366645
-0.04250695148874515
0.02192987407216443
-0.014822593338829956
-0.006117689808432782
-0.026551345190670646
0.05475638045793218
0.07912446439972447
-0.04957736085777357
0.0673474111429188
-0.004989859103884111
-0.0803292888330421
-0.06504775321792389
-0.00840287309674346
-0.028987457443517647
0.0017358486244738597
0.136689979313592
0.021464470342025966
-0.08229669227902085
0.059539687733213394
-0.01010044146498818
0.017178623265681186
-0.04464285714285715
-0.03054952587602733
0.0022871519282482884
-0.022321428571428575
0.08179915130947686
-0.002262537464902863
-0.027216694152788157
0.01659164277475803
0.009085030562890742
-0.0017488572834885342
-0.03319287301404361
0.04047844039881357
-0.013269564534848139
0.006321261201052884
0.017553512819828525
-0.022402145870932033
0.022321428571428575
0.04926939300370739
-0.008571227148011467
-0.016320763835725303
0.18950728089674376
0.041050925814627444
-0.03864984644166046
0.0652000965543001
-0.013862194414012381
-0.02938861226999622
-0.02643580742897756
-0.022428614733078306
-0.026716336057333562
-0.012901716963924604
-0.024322526873640834
-0.040911727833004646
0.01951490575737865
-0.048004929376483985
-0.020869515617537797
0.12151898224011322
-0.018239321543708355
-0.04751897165229499
-0.02121506292259781
-0.028982944023730715
-0.016711320767632314
0.011799861805707901
0.0453761010966687
-0.07472322802170991
0.010728965023162264
0.012721352397818103
0.05100233186474363
0.0022448330511797236
-0.01736991518344287
-7.448947364378129E-4
-0.013816073178763256
0.01609179241909629
0.03467228411968306
-0.023240909898455286
-0.05674561987657424
-0.017194127781705783
-0.03770525509870468
-0.02567280024144935
0.1022702773607177
-0.03224734935115771
-0.021921492495893515
0.007201824117600902
0.027333178858993223
-0.026876848086226937
-0.05226946537704614
0.017465599465545815
-0.018544939181218162
0.024695573044689174
0.010113523315075028
-0.012690645855798972
-0.01539791907999911
0.022321428571428575
-0.016844288067543105
0.036122413950808854
-0.0061935062656162925
0.02619986255927811
-0.01327860897953957
-0.014738764338880588
-0.007228847945912539
-0.01055039398155052
0.017125817066581252
0.009414478882703064
-0.037651316889015525
0.06911296859761186
0.0520655793608351
0.07688494330175004
0.03067022150036521
0.05643302262484315
-0.0192877531665799
0.01193527991049397
-0.018067720500600563
-0.01697940783523532
-0.046582814926893014
-0.03895642032088383
-0.04078949234933245
-0.0056797207237223295
0.001341592929630873
-0.006682793215899443
-0.00939621572248769
0.05608186932904843
0.01662017964614973
-0.07321590909553946
0.009638853453625975
-0.03816618235212873
-0.012383136905365874
0.012191680421614667
0.02145031145438649
-0.028397991725564092
0.014364847071629556
0.04463878123833411
0.04560203547580478
0.010411400977024095
6.873608338071845E-4
-0.029880342908227154
0.014444351319476984
-0.08845069879172485
0.007216348816919132
-0.03618154117266184
-0.017503101880655316
-0.004719178273206372
0.0601350568021128
-0.05521229116962218
0.04999327958618639
-0.0626333500060632
0.011933936995945211
0.02543616632185965
0.016538964534842326
-0.007124931948463711
-0.0480052759630386
-0.018086019533922672
0.019738675834313123
-0.02974151718695424
0.0
-0.005195611504847323
-0.04416135143301585
0.016358305201334057
0.0030810638335829667
-0.01740693087949429
-0.021249496530498842
0.013705617811737257
-0.033069622936455434
-0.014052728550109358
-0.030982494142682865
-0.012776999237287081
0.007027997801622552
0.06990520206266843
-0.06218692454084228
0.2166730409780618
0.02121010102880874
-0.004722758357209636
-0.006716673043591075
0.06613143819589594
0.004822470451772485
-0.005330756692145697
0.011349055142478625
-0.04854888737340397
-0.023943267444631006
0.04618627310909493
-0.010085172598057891
-0.03351321142608598
-0.030535338143877697
-0.017450731881858583
0.03445520806555524
0.043436829161023136
0.009847939300524187
0.02365500335910087
-0.004694888322632153
0.00273717622675708
-0.030099633968232738
-0.011242300130265398
0.01633751161343619
-0.02348783923194587
-0.012068017757849173
0.006595127132341776
0.059592831592930384
-0.0219935669579495
-0.005013351729935875
-0.019657921863589597
-0.0538704180735296
-0.01576344008807027
-0.01550050269358617
-0.04045924415719582
-0.008893213627026341
0.011499306682034662
0.008682377311921851
0.007640997135441901
0.02567503328086103
-0.024932609039024226
0.013176608182552485
-0.009193637383071017
0.01887254095408395
-0.03248649823493361
0.01749819800585302
-0.03422674281507386
0.001169487774255868
3.8880610251594387E-4
0.022321428571428575
-0.003373197173417508
-0.03557512722456048
-0.022321428571428575
2.9550678946283046E-4
0.006107510394644128
0.013004185909220464
-0.004151156688708253
-0.0015714707221187937
-0.04679545540972563
-0.03801466547438802
0.048981478496692585
0.0606676583113533
0.04832226510330607
-0.030019023209106765
0.07559179412287857
-0.014988989983892472
0.03017967762646837
0.016057980547225115
0.00663029801737431
0.011867919423229458
-0.005772248589286402
0.00541008119323444
-0.03640594835589959
0.0020773713202891127
0.011192793223470578
-0.0725743664534235
0.0034242996918537553
0.0414643803961393
5.751760521993908E-4
0.009349664767503273
0.006657271317417139
-0.022025900857928184
0.010589201383027574
-0.009139112766397318
0.004276532826222356
-0.003329779369479855
3.6766548163457346E-4
0.019896359638888104
-0.019758795043367906
-0.01643611882499037
0.036380342135791194
0.03580745727545945
0.010614105359736031
-0.016364247255885506
-0.0769917386142023
-0.01315627733621795
0.005391770873223433
0.0072439765778104966
-9.386956477256802E-4
-0.010238202567095771
-0.020473226105035536
0.008133673069506357
-0.02980904072329085
-0.0038726125537674383
0.02234028765619195
0.03460402554710521
-0.025857305254287664
0.03249172716803066
-0.010872912986279798
0.010345443212353235
-0.02121575668969439
-0.008353007859938482
-0.019788476784996865
0.012354989744378106
-0.0033647510654230047
-0.016040062182960967
0.04966698994739861
-0.010133955613895542
-0.005373432539263185
0.013474294107317061
-0.020980037411374296
-0.011665462845585395
-0.03310570026376199
-0.01639401320018808
0.0129004308667102
0.0015376671863080275
0.08489573305528973
-0.0017306403985439325
0.018951229455293567
0.002827629702402008
-0.010988647777792543
0.010556531174387018
-0.01981143761862854
0.010016734514554638
0.003931292255843348
-0.006883155915281073
0.029400561441230336
-0.011319259515177416
-0.005153466674506137
-0.009630911506668505
0.006744240727123114
-0.003681037596202722
0.027117941117868187
0.01666369116429428
0.0
0.011695247857493067
-0.009070447322469838
-0.010325459464062423
0.014238516438399624
-0.036792234807592555
-0.015919024836334193
0.01351949469766767
-0.0013952914239468012
0.04505958132575031
0.014924296453038659
0.009293023327749025
-0.03436877872086583
-0.0061360161059307895
0.0045957978930531804
-0.016859205503205625
-0.036405069438366605
0.03639777557857313
-0.0430677439644828
-0.016174687207928175
0.03142447079065641
0.011974069601252918
-0.024692056559244127
0.021207795574848576
-0.019879678775645268
-0.023031885897691975
-0.03950596295555695
0.01036730993499729
0.03150134370813018
0.0284619440352271
-0.001876294385493792
-0.004318128847353823
-0.0062015978703592965
0.0012401950965136004
0.004461920276487653
0.0011303875937436897
0.03015074057217012
-0.01993097177439646
0.03474075513117085
0.004809298523390328
-0.032355668076572315
0.013179693525145747
0.011119003275074568
-0.02495669570165044
-0.013232261925766955
-0.024873272989078467
0.02656335288072561
-0.01528393459748506
0.024805649566775192
0.05291303703792477
-0.00554955918680358
0.010627588455879695
-0.005830218072019095
0.0015438868836046317
-0.035216864062591
-0.00347805342972856
-0.0215138881795426
-0.012909841528558582
0.012143364825724624
0.0120107496634042
-0.026057500864430126
-3.635889417108488E-4
0.033756382296444495
0.03713657442787599
-0.014527077600012012
-0.008216503803224461
-0.00712084329637324
-0.019395055366583754
0.0
-0.013887969714338616
0.017884540730104273
0.011999948980759734
-0.017935554005089505
-0.013349854660603386
0.029611082610831712
0.007917763758170823
0.008474441172226335
0.0167330212969055
-0.01390805906399944
-0.011410116624471986
-0.015644922443368084
0.008907097142553291
1.122876596810693E-4
-0.00102943041517908
0.01589817505097138
-0.018845676927855905
-0.03091561297492155
0.027546744352694517
0.003598415648133099
0.05851203432574733
-0.041706212759818395
-0.06219740540975632
0.03046430989825476
-0.0049889450681283
0.010460186580360263
-0.0033806259309335056
-0.01144607179267795
0.0024466518293213713
0.022321428571428575
-0.009308223969869439
-0.021688239086865388
-0.030629049686995154
0.032907692513880114
0.03496099082314194
0.019161163856126272
-0.006127556690383676
-0.030069381063298928
-0.016503568632708472
0.03290292860264086
-0.008111119013626638
-0.020915694420572443
-0.011922475442637578
0.023148271134885955
0.05895488150518445
0.013575953958107814
-0.0231245714541943
0.006644018197477026
-0.013178542611734581
0.015655317074569644
-0.01784664672565242
0.02513318601075017
0.024888970343896595
-0.003765934028246082
0.013682960616962024
-0.05391111822836511
0.024790716354875227
0.008672033444027092
-0.02833597542383348
-0.01674705648298194
-0.0414945295928501
0.014427078012364182
-0.0022848280269436583
-0.03246652983815548
-0.006241317081684109
-0.019342433664399708
-0.0023137331621159874
0.012557240114671636
0.009974554933863688
0.030893623951697098
0.012231965314248283
0.01792948652705858
-0.015124422185393411
-0.03610640536818984
0.02501290935140573
0.009528055521804784
-0.024115068333034572
-0.009120853437186615
0.021844049831244643
0.03751665338517823
-0.05025279072853845
-0.0025501520975799007
-0.002187353911163894
0.024969150350721253
-0.024754548734330833
-0.018547027870110245
-0.016209548860627088
7.38664844178373E-4
0.02787221077856822
-0.018633586738696202
0.006278537790459645
0.03026701697836017
0.026484416047755872
-0.002853718013486382
-0.028645752555562776
0.008284422794733
0.019224292358323326
0.01331247118407725
0.03526057526732766
-0.05840452341749537
0.031322071231383794
-0.02871177489813816
-0.012830914439579491
0.02064397453616676
4.570258862121809E-4
0.012832652334837201
-0.012139070732154342
-0.019620408190067135
0.03979877842863652
-0.011752543485113868
0.042634476073365776
-0.050851011389832786
-0.003332053901327039
0.009977164761086219
-0.018300075887917218
0.02768342554795704
-0.03389667401844338
0.0062552841954654
0.003947759471786216
-0.008517471854264325
0.03161045059421563
0.010466284569989232
-0.024863103031999595
0.002764932407027498
-0.025579143220497525
-0.017714075279448557
-0.015652012628413984
0.008496873064726254
0.017434329744828583
-0.022859103412165967
0.008875562231562814
0.0036244139324418303
-0.028947487858459027
-0.010084579798748945
0.0398658554835086
0.012079053642094755
-0.004947151321155621
0.0035219505195908662
-0.020302539432226867
0.025982793292439313
0.026432731833078885
-0.031075279645171497
0.011146662467674357
0.0349269331192315
0.015281731897858369
0.025813619528217705
-0.01943804653952348
-0.041788417731349975
-0.014646398888284354
0.026703697346446932
-0.03311945473251697
0.017936618905358137
-0.027230111322264883
-0.0012708821514932148
0.003738412100951473
0.010163589051845235
0.011421480516885301
-0.007566415854126112
0.033683440285290835
4.570258862121809E-4
0.005752692081345451
-0.009084325578240755
-0.016379956793288228
-0.013523716037838215
0.03137247582872179
-0.012844885177291238
4.7271429512440663E-4
-0.02818390396067743
0.010985413437382154
-0.019306567113567912
-0.007205697629881069
0.018954459133182704
0.03292314685519247
0.030121809049649315
-0.030524222388807906
0.0195531140420693
-0.021736183809606475
-0.034269669998959265
0.00776752014537615
-0.01986998060067044
0.035327845022253584
0.014426893100255436
-0.009214278735009608
0.031272106810417595
0.029742392939687425
0.016439634563221422
-0.04938350441986926
-0.003768702402702431
3.513258919466723E-5
0.030031890472963698
0.003942178954058939
0.0011274978064880455
-0.029694512773794857
0.037114268976033524
5.401614169503353E-4
-0.004112562320291811
0.02671571456315029
-0.012936429725651073
-0.015916715981732825
-0.04310508584493249
-0.030507881603333828
-0.05144108470597344
0.0391381564664562
0.018806515554061737
-0.001672012468447124
-0.022856400229309057
-0.013541437126458528
-0.008048235112250269
0.026826328021179072
-0.022093923221711415
-0.018811830915017636
0.02410894268142214
-0.03685827268472211
-0.025014803367178783
0.06783166369852779
0.005208286871275376
0.017928286483755468
-0.007675274750041768
0.019379172746405125
-0.036317887747607684
0.016983048867904933
-0.017908763924186364
-0.002399137970747484
0.013743454415206207
-0.0023270360451594987
-0.006161659913024108
-0.007204828897148938
0.009104310679851508
-0.01012639227498853
-0.0121125497048824
-0.013086094854909575
-0.013307891158375544
-0.01835596271035775
0.036938199051407605
0.007740949221241793
0.031542588322203094
0.038845535669780176
0.031013391870846216
-0.01253410842789061
-0.009055503268890833
0.028032298065673044
0.012625209787141767
0.018157859455327875
-0.0394268319390251
-0.03215776428449942
-0.01989867692493967
0.02097234460793915
-0.01143852193045504
0.014536875261458877
-0.016800660426391084
0.04055623364265088
-0.011916617326205393
-0.010481096988155797
-0.04266675395987791
0.02153402647756643
0.004682419863085523
-0.01986039206228673
0.014081346663814484
-0.033979681357536096
0.014347742598347073
0.009151377418149809
0.007379815344190358
-0.007609255603263972
-0.026630915408916284
0.0
0.020198757986544216
-0.026235928034050632
0.01526788048781781
0.017852750272695256
-0.03841324749793859
0.022272056544642184
0.013347335306294384
-1.3865934342789654E-4
-0.024476236504318113
0.012281195939028815
-0.023303189788739635
-0.037258955648649415
0.00845502309686565
0.02545189829894979
0.032966608379709744
-0.012085623768489063
0.0031500215626754026
0.005681361064103014
-0.016678342179904444
0.004981835093883995
0.0
-0.022073029871409952
0.015898029887277274
0.030657089759476768
-0.04454423878178879
0.020125070064574587
-0.011976446883648746
0.031218040482379906
0.02304144767387498
-0.048747137736675064
0.011362423594654059
0.006198077077019188
0.003258141091172357
-0.020413916389835668
0.021220211947598842
0.0317592468557934
0.0038312991910846735
0.007364951524744924
0.008243526476580637
-0.029393551210213042
-6.31148423582647E-5
-0.014986571452647202
-0.005623372081751781
-0.009578092409910755
-0.008710852466782104
0.013857382731066825
0.013630506868534085
0.0013383596844693119
0.018813838945266895
0.007787521263210508
-0.0030674381051803788
0.06701299766444622
0.01372790024784688
-3.6320887310802756E-4
-0.041687352619749866
-0.01842827782589181
-0.0039020478023454805
-0.03600263428847974
0.016019041081566383
-0.02138824591964494
-0.0029088328425484157
0.025525347730903234
0.015356175132685296
-0.02994186791614404
-0.012468444128517305
0.029300354460239125
-0.047248768428644186
0.010534755279695565
-0.0207513973720478
-0.0011769748666486286
-0.017653685073618246
0.080602324923335
-0.020269850766393475
0.008653093828271138
-0.05000795879522133
-0.006133765992904998
-0.019319750271354526
0.005371738049472557
0.010149627781736871
0.01150448835057363
-0.023768339398273185
0.032397354803215636
-0.013873909120523602
0.0
-0.0011056900592264496
0.009992464554558518
-2.3744592534306538E-4
-0.02134270915395423
0.01943140308457399
-0.015510537729345315
0.02722810401272644
-0.006254500976779486
0.005959730754653371
-0.03822602081388552
0.03810854131887924
0.0
-0.01903393786584527
-0.011708516071827435
0.038635586866979515
