0.002500631273016485
0.009941388847816132
-0.02845223096244409
0.016010210841611694
0.013089217899873766
0.01827414131181529
-0.060451561994107575
0.029088202782418603
-0.007367718292193945
-0.006257802641244986
-0.03418038782718073
0.047805908760619895
-0.005689875895192539
-0.008297223340164478
-0.03236569914142462
0.04635279837678185
0.012297055472096585
-0.008358851169456349
-0.040556200105311246
0.036617995802671194
-0.009611205614518625
-0.005982550872423491
-0.016979246494443503
0.032573002981386205
0.01599840503161084
-0.009295842508521286
-0.040832492655196936
0.03412993013210735
0.02262368317420406
-0.017123608493854126
-0.036127850894681054
0.030627776214331187
0.03411654610696602
-0.014494812629348083
-0.03440265058389651
0.014780917106278638
0.0600487293932027
-0.043547551264730894
-0.03238945011723051
0.015888271988758546
0.11065310137989524
-0.10689305923259902
-0.07637233923625535
0.07261229708895921
0.10174519517095873
-0.1578170586494646
-0.06715265904674268
0.1232245225252486
0.10127255719200853
-0.19499525215961905
-0.11089045936443935
0.20461315433205013
0.07191110852037423
-0.17844964602910934
0.0510114255856319
0.055527111923103445
-0.03231610378663419
0.06225247948542571
0.2624203467158124
-0.29235672241460403
-0.31900151544228095
0.24912375454473995
0.11627505755264278
-0.0463972966551021
0.005498857411285565
0.14939947828179895
-0.20315906744503748
0.04826073175195282
0.14149560113050738
-0.11083487181598059
-0.16898376319121233
0.13832303387668576
0.10228461341740822
-0.05222189447842203
-0.13451807384696204
0.0844553549079761
0.0840343573639405
-0.07032865451229411
-0.1048820973694494
0.09117639451780339
-6.592966941431943E-4
-0.010359777308112297
-0.0457179347934516
0.05673700879570713
0.018494132789210894
-0.022567108945436953
-0.02509450186378447
0.02916747802001021
-1.770892841431171E-4
-0.02332475224542482
-0.004676669447693939
0.02817851097726155
0.03441423911977237
-0.01503524331781124
-0.014937460537824025
-0.00444153526413657
0.02623646212751678
-0.017249912778663265
-0.01262713390227332
0.0036405845534202633
0.03595109593571372
-0.037433347942646494
-0.013633091335379679
0.015115343342312793
0.04411868984252064
-0.022064064844433996
-0.03968817919705567
0.01763355419896941
0.031058659590151236
-0.02002672844201034
-0.0097705509887689
-0.0012613801593718858
0.028589496321638985
-0.03540840452003813
-0.017011654965809336
0.023830563164208812
0.03719139836757279
-0.017835835894414488
0.012874099694798049
-0.0322296621679565
-0.014347439406344966
-0.0357937848683919
0.019706982397767244
0.034561032098168215
0.009729650413454805
0.03418078032229841
0.0010251007885446854
-0.011077653809266078
0.017806651101859108
-0.012013102101494004
-0.0203094927540265
0.005002498763889144
0.004185217908727984
-0.05317034684601641
0.03933879908584573
-0.01632426182199897
0.04718153740120709
0.0272997535646136
-0.03412294345665311
-0.03076980206783159
0.033891607919036996
0.034684350574628826
-0.014543627281217556
0.03678122668893506
-0.02004615451953254
-0.017898423484561922
-0.00815802678991135
-0.020857284420608517
-0.012535515422478185
-0.0239486317405216
-0.012342113183750362
0.025325435066461364
-0.026857630717621706
0.02202128562420327
-0.005814559815702308
0.043215204410335245
-0.027361906735356545
-0.04441129246905928
-0.02194431627534215
-0.07022429479770238
0.005713063462006255
-0.03696504828169074
0.03323363865305993
0.02730535855276975
0.02205824273410391
0.03683264319734535
0.008397107856222472
0.006350273639984614
-0.03658839284631518
-0.05382800845100085
0.04123065775524248
0.015995326278198177
0.009763123946608753
0.054682229853317964
0.016361145039244525
-0.023261982866310652
-0.048969310106098354
0.028390401960627865
-0.03866655902878238
0.04598022699838656
0.029009536574548446
0.033679390504456376
-0.03757218081772218
-0.020195393952789943
0.018371949849493224
0.005161103521368508
-0.028035150999965903
-0.02610982793997059
0.002305765621875955
-0.03087734775046301
-0.018161020529211307
0.00643184852722249
-0.010600272237014888
0.005724933055550857
-0.04825384115389339
0.07412931721601171
0.0
0.046157213773283384
0.0021298262999976947
0.014714720645589
0.00833411516502839
-0.028796751964881892
0.0020934797544137074
0.04439163258918384
0.026265479218742838
-0.015954106359508183
0.043276740071071705
0.025547955350879586
0.021300040534874942
0.002213988556914537
-0.037535689629161526
-0.005080037191398518
-0.018086998553557887
-0.019779630442099874
-0.009672307901044425
-0.020243767887641866
-0.042592647574213126
-0.020201065175489193
0.003587879153944821
0.01371008353399198
-0.002370991780397059
-0.011334119479574516
-0.007361254201959575
-0.01741980644518766
-0.027489778721135866
-0.031085348389469497
0.06836559500250866
-0.0436909078115636
-0.007973680228384142
0.04721215244066422
0.005994821226162992
0.012197506455993873
0.036352638021877784
0.0021377396504990995
4.713202299135369E-5
0.004179972099533934
-0.031512750358318894
0.050441002299167814
-0.001162837822555985
-0.024372359003029226
0.011076368003588122
-0.01199443135686775
0.009481202676915688
-0.010741526383040375
0.010930887142347998
0.002677444280740732
-0.017160273111639052
-0.001292005379792612
-0.01292906736654318
0.006982028355414938
0.0024810289667212652
0.023932065506593228
-0.0259335785885111
0.03002540824229051
-0.03870464845762428
-0.007086155164658631
-0.03151175901591634
0.010094518964911254
0.012105801910988895
-0.012995221928599825
7.397189278929487E-4
0.03736043132854277
-0.0021075472161958923
1.7925724249933436E-4
0.01171748066474769
-0.017869660486163026
-0.02524119212320447
0.026080874646522624
0.023065051546735715
0.008223650315898067
0.0104582474723518
-0.04947152062536345
-0.014001368312460072
0.057211839661587535
-0.04402387443491665
0.01740503060313399
-0.03471184022362242
-0.031058657817449382
0.03518383015182999
0.02077430631912701
-0.0285539471284057
0.0035025303308787083
0.02004193213497537
-7.041577571360435E-4
-0.013638984672375891
-0.005739176737384173
-0.0018569419318496937
-0.013905754792262082
-0.021762571271973077
-0.05245395475113973
0.029327813194597357
0.036945979724884934
0.038599150228020074
-0.028640498006648488
-0.003913229209566035
0.008571422818203653
0.057097734671795575
-0.013824236697272715
-0.015783429947442754
-0.04261985966667412
0.0012973112284263288
0.01935807316401894
0.02652680257343075
0.029084993086712443
0.03317284104585924
-0.008528037538400972
-0.029003690757505453
-0.01434904623647558
0.029650883738426993
-0.02300310949854046
-0.016047102431901845
0.014775782026163684
0.04196675798369058
-0.03227271999285104
0.02203072103933884
-0.004392558188584014
-0.025489933634967436
-0.003079217018507916
-0.03299613974605898
0.04035595190239222
-0.04576343216545026
7.829847186364668E-4
0.016761697081063336
0.009717089396799848
-0.02419262562761172
0.011255576839633038
0.014615160921051137
0.005010810596233217
-0.05007231012487638
0.08331620865875312
-0.03499936118386933
-0.013454737835732353
0.028211078193341274
0.008218373016997179
0.06660391832227719
-0.05116541454779232
0.002170988824176958
0.003659872521767124
-0.028771477573374553
0.01936407588373905
-0.037100833251773616
0.0024356256650438085
0.0018599267254516575
-0.008573156634293564
-0.014094829052355224
-0.002561492698152909
0.008973420894342122
-0.026419956698324285
0.03058432508140097
-0.013190310937277662
-0.025728773080805227
0.014659125273639995
-0.0060929755689902105
-0.0012799135721065344
-0.010418040208843828
-0.013803020736895334
0.04948863979816932
-0.01326867131326426
-0.013121984027008694
0.003908757705047127
0.03726142196158712
-0.009333527986084496
0.0014903333131581625
0.004859685382056815
-0.018573210624967883
0.011875684831076747
-0.0499897892910684
0.01134548109086398
0.00865836352068948
-0.012629843221360362
-0.00156061352615652
0.018648044520993667
0.013427369073418247
-0.03991118038472602
0.04827175384605945
0.02251282587124198
-0.011386419963641037
-0.0016035213790757605
0.020916003084724542
0.007134979026038339
0.012939850592102953
0.03088507163369425
3.3147188927502846E-4
-0.005007926133407711
0.01899174423069094
-0.011988366728568955
0.010573839090771586
-0.020082102529923776
0.02354786270403992
-0.025074542139037093
-0.006376966235623242
-0.03150392166996341
0.05765105025833527
0.008218435559074935
-0.0498611960211128
-0.0012760307814904913
0.006142614621381798
-0.036796413835458924
0.006445587231427049
0.028032741874938413
-0.04284117955373065
-0.0011757529007226496
-0.04206797393516319
0.04397412259396101
0.007859671688311223
0.02686791276897347
-0.0160823532066056
-0.003450087531575205
-0.06848211095016998
0.010304611032666111
0.03450201060419658
-0.0173515660762667
-0.00635433635037036
-0.026208359931140752
0.033099894145438465
-0.010004097416990668
0.015235973497685212
-0.022307403961602006
-0.005282752225385018
-0.011634251538009677
-0.0015658486237726532
0.06173366151328807
-0.041520072613972434
0.015278448789094248
0.02325330161029268
-0.026520370827792863
-0.02162069769719489
0.026510316906897306
-0.0014770631471113863
-0.009606840484458314
-0.008545272813995867
-0.019859472747747835
-0.04794282647480149
0.03558220313649586
0.024208723734294967
0.03977675706956421
0.03042612089236836
-0.02160616596485668
0.020447262313727774
-0.006407979703010684
0.03423804009275632
-1.8793561050884158E-4
0.00902077691885967
-0.04203506044629021
0.03286910836180783
-0.0070948290744594356
-0.04863095383215936
0.013255828929683376
-0.005012249427989588
-0.008137122523368172
0.016249474407517353
-0.019163982485546092
-0.010659786732435447
0.007951820725390425
0.018372099276890597
-6.46434194667117E-4
0.025152481669986328
0.031055746261464075
-0.04933777178765489
0.004380609572207468
-0.05333007723607026
0.012779625960698544
0.03209946370412698
-0.03327555504611904
0.007854398767653537
-0.0012391407406882535
-0.02390795003659518
0.048624372461774645
-9.474481938179669E-5
4.079562342328008E-4
-0.05809978917303632
0.05094782333497759
-0.0017544733654283919
-0.007533092992225585
0.015137101163533583
-0.06240582310603556
0.02239824399935129
-0.06217049387567471
0.03517990719169166
0.004703022230233967
0.008225675039519171
0.010659369588012179
-0.020234048667497805
-0.01121915929551517
0.013061390733671806
-0.049321981056034025
0.017284846607757982
0.071010269310196
-0.016191343874442182
0.04289132644816745
0.02278576596558366
0.01078205812163792
0.03961333261216447
0.01814612624187696
0.004152019967752239
-0.01999061264342595
-0.05149965348758882
0.009104951150210611
-0.014102568224014051
0.012965140818918738
-0.02224665915937024
-0.014435935230948063
0.007903775622562679
0.0026952786523005597
0.034639410273481136
-0.014712357532912418
0.005467496000920001
0.016050155781383343
-0.010528065057486664
0.027932545217168855
0.01509209396004358
0.03372946998717134
0.03601557286550492
-0.00797272125834081
-0.036182260493628673
0.005745281146786574
-0.008188137299164755
-0.0550544660063867
-0.007469382226688985
-0.018566230326239944
0.004356590825096801
0.03482490928388364
0.0207738908253891
-0.018404783197116203
-0.045587522714341314
0.010553968531133275
8.263621336517535E-4
-0.004132378698002329
-0.010681645617088203
-0.008404624014784898
0.026956147294955005
0.014930559368329615
-0.021477550687143226
-0.01529661828723896
-0.007573938180658976
0.009040790625413507
0.025290437858947617
0.01420808224497501
-0.08720439600147255
0.007274046789144256
0.007354061153443836
0.017327417670679843
0.02943785445096187
-0.04373127580091917
-0.02488096699511755
-0.026840439699075555
0.014653819418256588
-0.00492750524465321
0.039907654487456284
0.006840618120150459
-0.0094194205164526
-0.006122480591521963
-0.036063771485555715
0.005374277264620738
0.015302494962838555
-0.00455280071941927
0.010327273812650806
-0.03861686712494779
-0.010099188524286633
-0.017009357490775236
-0.035517184412923786
0.031697399515564
-0.014007679909800716
0.0032883971413353343
0.0691503890992057
0.0036440634461633314
0.00904345622207606
0.04216902833536194
0.06487735978274595
4.829759451598873E-4
0.014320000802606493
-0.05145766905854249
-0.004189322017272853
-0.014982639239209672
0.019606498315884152
0.039260374201165335
-0.005806487708032361
-0.02989888805559046
-0.03282203663468694
0.022866898185984898
-0.01766488607923798
0.0018608775222504776
0.03079557795907209
-0.014624950748092466
-0.03518064949475723
0.06091123078883777
-0.01707845347711591
-0.047086380622697974
0.019535984237232608
0.02749815184555473
0.04050360243240639
-0.0703406742211595
0.04250712137351283
-0.026146324836989893
-0.034933385458569916
0.05382971094241752
-0.032744615222418685
-0.028606872913002103
0.007750673806732524
0.022457272326162903
0.04312585350386589
-0.02774847316380077
-0.032517297403629936
-0.01792430709605977
-0.002847841001757922
-0.04594125625977126
0.0614075133968742
-0.02413880159198223
-0.0227073980823656
-0.005088869826449127
0.017970268326068742
0.0012460258925281811
-0.013852509147537578
0.07047532585837821
-0.03672729540212586
-8.587888969164596E-4
0.023465364419036527
0.017941527793484825
-0.0069929529150695585
0.04497841630290213
0.008635253988519949
-0.02934036729211824
-0.0616100231060316
0.022448733682318034
-0.02576159412254792
-0.013102294026272505
0.017996880496630462
0.005447722950465439
0.01865709496421694
-0.001861655405192432
-0.02005902125627594
0.02978468974026499
0.03416489441715351
0.015415436732498889
0.023912142037585057
0.022795455023653707
-0.015378451615231213
0.016785255042421364
0.005543732655504233
0.04463672528098732
0.07726651161893779
-0.10282621886495394
-0.026066740796454033
0.009357745049261339
0.0
-0.026502185547025
-0.0280498365644071
-0.016937918362966
0.06205143959203898
-0.05247027947159421
-0.016921748094207947
0.028474663180484968
-0.06934694822755051
0.03338549074437627
0.027721071296313446
-0.054525724758683676
-0.006986013351333137
0.06159327678177255
0.013068831071949054
-0.007768503463255333
-0.038793138955571356
0.01904329924443799
-0.009313202077204555
-0.0037073261413204626
0.048081810523153884
-0.00982908162220119
-0.031060661764575986
-0.01896042567580973
-0.025917451942981055
-0.027427139189784275
0.03701939294729226
-0.05791117855982893
-0.028652121791738427
0.01593695494531899
-0.023355484664173976
0.0042823782400357455
0.07669245906280658
-0.018712390913908188
0.0010628474332588407
0.024347442389238815
-0.020996484027366674
-0.02507452850275145
-0.035775624401010855
0.03624172144615166
0.02996653783366454
-0.013956161106380247
-0.00892150982990416
0.03477880816505403
-0.01442679747955905
0.016568063833126978
7.668781332925145E-4
-0.02114820937945762
0.0029268557234713756
-0.00882285133795355
-0.006002426619512242
0.04865664465541338
0.21923956479371298
-0.11847191687823518
-0.07182244570719601
0.09435645829669798
-0.03289745887600243
0.009295270818113273
-0.013012863352161643
-0.035343401453997184
-0.011548240334715904
0.006782091474945323
7.816846357264215E-4
-0.055861427998165576
0.003994552639598017
-0.028424568365414737
-0.020689131397208065
0.1136705610975054
-0.031955979400386456
0.03924650606289468
-0.0622799771413963
-0.025686863473210135
-0.07358004242264345
0.02013148543126185
0.11250353114733243
-0.05026752866531779
-9.463747025404631E-4
0.08197573555732902
0.04566716891794277
-0.06533384270352557
-0.015257465170253056
-0.03493004070541007
-0.018183121410557737
0.035349257413749606
0.12811607785372564
-0.0742300016219199
-0.04457040904359713
0.017885911808098544
0.022044096602146464
-0.027960738687235094
0.02939075386033377
-0.03220203507998048
-0.002584557409152803
-0.01987713275057275
0.02053022224276301
-0.03365504833842394
0.011524908530828526
-0.041913328796596226
-0.0925146051550345
0.10762643586738634
0.03519874827818667
-0.03655262940016553
0.043481634992517025
-0.0013015780398315609
-0.03210785409249229
0.032530267521362184
0.0026395752963993564
-0.038056117279717985
-0.057943884895018574
0.028321848416421706
-0.0016711576655402405
-0.011009423683727947
-0.05955089622403412
0.0062600932737566905
0.0025964807329341127
0.10305316475770905
0.285335600820024
0.005706583132783452
0.011073665363319562
0.048482562209111825
-0.05684408124792805
-0.03228676729293363
-0.0564419297516869
-0.044435263544877326
0.041196651172983836
-0.055088184959326034
-0.03383156658551362
-0.08746809652781655
-0.0341725001475508
0.04673780022866936
-0.049260499735842525
0.12194912824647879
-0.041193284380171426
-0.018193283585561965
-0.016935925612867983
-0.0402187652103903
-0.015560345637685543
-0.028126459844494772
0.10150627442275079
-0.023823183857068254
0.015038889731512623
0.06819151940349719
0.06288196991851186
-0.014591382101617728
-0.06528013097417897
-0.045279042820224734
-0.03586627913320104
-0.009443629551408737
-0.027676291740178303
-0.03605080169707921
0.016535446971105525
-0.02583141087527574
0.044835252459427696
-0.02311129427500397
0.0614443332030748
0.014034251310624772
0.02835040375296248
-0.005804129794029424
0.023196462869462788
0.01956518130249614
-0.01723486077089348
-0.09693668585427348
-0.029444837144560043
-0.022243358954116048
0.003118960065735109
-0.006052774429686967
-0.04937320395105865
-0.0069818819088501155
-0.08964072275394942
-0.0035294880532597203
-0.05742484044956771
0.0515872066631125
0.0064469143977208335
-0.07826549189312217
-0.018179797213918308
-0.03879200252054652
0.024552102444177996
0.11309324957442679
-0.040769732534447815
0.2628237996521934
0.14846865804873688
-0.012489404469475603
0.0786411933180305
0.00496453786811752
-0.04710715414181323
0.0017434918128082025
-0.0068304125412116945
-0.002396201709327953
0.029049883254374985
-0.028416831418553584
-0.0731524305369902
0.033819361471667246
-0.006994993910153307
-0.08065181351412239
0.017873536193240752
0.04522377544563061
-0.023245670158424107
-0.030629277994152132
-0.021257346523473903
-0.042077602504085175
-0.0931436391229202
0.04591047800113501
-0.030554086422476076
-0.009266761921430819
0.051282316034686894
0.07660750850721688
-0.01187058351613116
-0.06693540360120169
-0.030158826105457406
-0.003067869472004034
0.045450864469679546
-0.014861158320426443
0.014060363501972102
0.002865607992827441
0.06289719777000577
0.01120968979037441
-0.04007858827532451
0.07411286690800718
0.04832138838121113
-0.1533219542568744
0.03509021136310976
2.867057484851872E-4
0.011638079534413329
-0.012947927657465566
-0.09690547933374849
-0.04990578533300169
-0.0310505504090768
0.05657551522834234
0.010979800219521583
-0.10845057054005135
-0.013854613244622564
0.01918999411670708
0.013093510455495517
-0.053373968002407235
0.009891915983532635
0.04800386269197705
-0.018386129426826523
-0.04636589540026863
-0.08850126101205973
-0.0020880627088965646
0.12590684611714403
0.0333751111444475
0.05336853414156021
0.14043544798999566
0.006087330463152251
0.08171474324164965
0.11938072076414748
-0.05691964285714286
-0.11425886338744258
0.061478270724585185
-0.05797662377656565
-0.037946428571428575
0.050148733973798695
0.0
0.07262617715974794
-0.016348479813606768
-0.0013274443536689072
-0.09201518232927892
0.08819322492920999
-0.001563978975148296
-0.019527122855632236
-0.0032474276987325412
-0.0984374959459454
-0.04602382458425225
-0.08405088830044144
0.18423765971427175
-0.013634417688208174
-0.018159485006078963
0.022551556510859824
0.0
0.008842298939031951
-0.010565050048835813
-0.010789955918113957
-0.044299764812033265
-0.023944905894080312
-0.037946428571428575
0.11069981436696874
0.05195055337258002
-0.04056880592439209
-0.02504528058981153
0.01052921324922021
-0.004870594559743077
-0.0021763303535212684
-0.0013708008990760481
0.018177233396383847
0.0
-0.15893618041345164
-0.021127248513700052
0.005764736331130322
-0.05479563707479898
8.788682477721098E-4
0.0
-0.03447447749159807
0.012515405623842589
0.032779832921254616
-0.018973214285714288
0.01789641371059803
-0.1692645682410801
0.03853472395514127
0.012583073400660068
0.03726438788102382
0.0
0.05289295672440822
-0.00451496021002833
-0.04700677136287272
0.03884902152416317
0.2439663030712632
-0.008434972889011558
0.0
0.0
0.06278554448289071
0.0
0.0
0.0
0.14293327453933968
0.0
0.0
0.0
0.01315425181506458
0.0
0.0
0.0
-0.14696196231692094
0.0
0.0
0.0
-0.1698841247280658
0.0
0.0
0.0
0.07158076763803391
0.0
0.0
0.0
-0.03525264786315373
0.0
0.0
0.0
-0.044893641075923515
0.0
0.0
0.0
0.12814191176206624
0.0
0.0
0.0
0.0
0.0
0.0
0.0
-0.02457474759026332
0.0
0.0
0.0
-0.052555738586170964
0.0
0.0
0.0
-0.053359435303525264
0.0
0.0
0.0
-0.15226156269194796
0.0
0.0
0.0
0.3090934903541649
0.0
0.0
0.0
-0.04794538043558842
0.0
0.0
0.0
0.0
0.0
0.0
0.0
0.0
0.0
0.0
-0.03231610378663419
0.0
0.0
0.0
0.0
0.0
0.0
0.0
0.0
0.0
0.0
0.0
0.0
0.0
0.0
0.0
0.06225247948542571
0.0
0.0
0.0
0.0
0.0
0.0
0.0
0.0
0.0
0.0
0.0
0.0
0.0
0.0
0.0
0.2624203467158124
0.0
0.0
0.0
0.0
0.0
0.0
0.0
0.0
0.0
0.0
0.0
0.0
0.0
0.0
0.0
-0.29235672241460403
0.0
0.0
0.0
0.0
0.0
0.0
0.0
0.0
0.0
0.0
0.0
0.0
0.0
0.0
0.0
0.0
0.0
0.0
0.0
0.0
0.0
0.0
0.0
0.0
0.0
0.0
0.0
0.0
0.0
0.0
0.0
0.0
0.0
0.0
0.0
0.0
0.0
0.0
0.0
0.0
0.0
0.0
-0.31900151544228095
0.24912375454473995
0.11627505755264278
-0.0463972966551021
0.0
0.0
0.0
0.0
0.0
0.0
0.0
0.0
0.0
0.0
0.0
0.0
0.0
0.0
0.0
0.0
0.0
0.0
0.0
0.0
0.0
0.0
0.0
0.0
0.0
0.0
0.0
0.0
0.0
0.0
0.0
0.0
0.0
0.0
0.0
0.0
0.0
0.0
0.0
0.0
-0.02400799054308072
-0.09850626515339815
-0.12577374918619513
-0.0707135105596068
0.3177947904206185
-0.08218670572715252
-0.005815073856048996
0.019330743707322868
-0.23229773286967187
0.2742045284477661
0.028968818920273174
0.0453994430542755
-0.05599020959658035
0.05588792071458358
-0.10053906332306677
0.05424405554996137
0.0
0.0
0.0
0.0
0.0
0.0
0.0
0.0
0.0
0.0
0.0
0.0
0.0
0.0
0.0
0.0
0.0
0.0
0.0
0.0
0.0
0.0
0.0
0.0
0.0
0.0
0.0
0.0
0.0
0.0
0.0
0.0
-0.018973214285714288
0.03236735323203006
-0.01842891520368221
-0.018973214285714288
0.0028616056468679066
-0.07973915117759783
-0.02162871962266822
0.0
-0.042540774853549845
-0.0028486241783975304
-0.024755965265961133
-0.05562838488828662
-0.018973214285714288
-0.03434579168418468
-0.03380004495280069
0.016405540363092858
0.23745582576279767
0.05463085893591513
-0.08637316154260162
0.11208126726450746
0.06427929455486502
-0.0893330323754942
-0.06723659711048384
0.010103629203960574
0.04520428206139508
0.03618807834661016
-0.05596281722740329
-0.031244617036650886
0.03608643754286115
-0.04031332827067254
-0.1166832949885986
0.140240929423733
-0.00808942218250469
-0.10995596639549035
-0.0025598167194856337
-0.11169252757219124
0.03707609278054721
0.051521047527763444
0.08296476615129096
0.10264262198816432
-0.1053281095788833
-0.011611675792472607
0.10384945220479605
0.042059152086833085
-0.015437677379095627
0.013119446713497837
0.02807281365735983
0.01964486006251346
0.00151129413304835
0.0021630424857716907
-0.02908677614155672
-0.030577770073843654
0.017048920205113213
0.0029165511010251673
0.006943087581102011
0.02897936182734319
-0.05225919174664202
-0.02790584612813104
0.07570216060459618
-0.09607618605288991
-0.038426547244884146
0.09231216584384673
-0.009999934615115575
0.010358371566114292
0.2036977333751431
-0.04275944702333228
0.030058775096295242
0.020907421979520988
0.03945260405112528
-0.02859483078833408
-0.03973456588362887
0.008082080879064167
-2.8840448433394526E-4
-0.08666756540833356
-0.07092397996593032
0.02143128025127168
-0.018973214285714288
0.011120424767240348
-0.10045649981628116
0.059147044667513374
0.059385832767778673
0.014490881963180609
0.04086374815833188
0.006525450298102191
-0.12789457480597663
0.07530735054330046
-0.013263646407456677
-0.04878371425417055
0.055728461091233784
0.01825888871808424
-0.041606636331005156
-0.03133817647907192
-0.02856680718557076
0.08329616215596332
0.00885378484765397
0.07814247320142154
-0.05065038965649808
-0.0065932597599954335
-0.025384792665775743
-0.07229535203541082
-0.00476380667455838
-0.05477846377574341
0.08982412436727467
-0.03645992166936386
-0.011953990601399005
0.0815268542664688
0.055810716733136534
-0.026550750082178533
-0.003648985421393053
-0.04253928772431632
-0.0697076515726284
-0.02499411117265656
0.06015977658150243
-0.05972814923335672
-0.003662957272739655
-0.03351967144223897
-0.05283747944253204
0.03837643191160915
0.028094620350953184
0.017138919782456914
-0.002081758003475438
-0.06287006986820477
-0.057837221988036945
-0.009621411039437908
-0.01448038388792336
0.009932184777347449
0.03455410850287516
0.15664379202315443
0.21484545080485368
-0.027086224605747878
0.03452016275392271
0.050313564114897666
-0.00441694792436749
-0.044782410085731986
-0.023647898924967745
-0.02174271711843663
0.029304355961943578
-0.0229157446733677
0.03320276508023855
0.0022833969472972893
-0.0263831888866425
-0.050622791602372215
-0.032558601444463806
0.031182430733451928
0.014014982170252842
-0.06766669239136103
-0.08061339456157968
-0.011778152089253913
-0.04238655953105283
0.012957065354947478
0.06700729014199569
-0.0072673080750581195
-0.05192830421975811
0.0777243537645044
0.07137796330578303
-0.03225348042338697
-0.04980095468850319
-0.02062424994094929
0.04795159893894982
-0.03754902957151064
0.09060512797060974
-0.01854515886247232
-0.07233235449520113
0.04167669338908912
-0.03038672995048508
-0.02079687996531425
0.08994125358396265
-0.08850953596014864
-0.018315551673573113
-0.01383777804367516
-0.02974072303258595
-0.052663068802001715
0.016843648851950575
-0.00901581200058111
-0.0791500984746702
0.025243204273884066
0.022051387425444165
-0.012513671091134953
-0.07898103553878846
0.003773928423877776
-0.013114470132248675
0.0726573700049817
0.02820560579979704
-0.02593902169629521
-0.0841663817992709
0.041740130539355144
-0.06253960401162129
-0.02179040276684332
0.017268492984787772
0.03299983908662498
-0.017525026490220703
0.23619589313824074
0.11056534442862215
0.09302650344483804
0.006729822389673339
0.13119527810802684
-0.0016971337075505476
-0.04708020062751276
-0.03403886213283568
-0.04299555048281718
-0.005573421599294732
-0.06761072174867752
-0.10109337132239936
-0.02312910717127493
-0.03713269929179325
0.052066175562388343
-0.011590474548051025
0.08064303211606656
0.011614123405509852
-0.037283608925574765
0.0015077438082350492
-0.06614296582632426
-0.04525732887514474
0.030669575135419118
0.046723080513254106
-0.012100181464645584
-0.01042005502112562
0.06112616658434432
0.09932040371826292
0.011479735319306038
-0.03177995754210752
-0.03188623018618704
-0.016464132765259556
-0.06332826235638449
0.0015761821824268052
-0.05369543018318196
-0.02205373390042397
-0.050932899829479475
0.05285965684827133
0.016824223923472395
0.04700883308276496
-0.033981752267692046
0.036105822142250554
-0.0027858006280411553
0.0022189368668881493
-0.023238557039283195
0.053849736470191936
-0.06231389083933492
3.90242402032101E-5
-0.0959984249159949
-0.046748560698524885
-0.011341701741856471
-0.039196660854242345
0.05521492155621635
-0.02139118481277968
0.0017075990684491185
-0.005240103045770819
-0.022339325667176266
-0.05909224328150133
-0.03306928825101599
0.0350143134149603
-0.024134909352847886
-0.008137577341593491
0.08128685210435929
-0.054602754258711333
0.2365259780700117
0.04918921805591753
0.01393032882960731
0.005999947770488966
0.007887594662020126
0.002712395518698757
-0.07408884118182234
4.088812688905555E-4
0.061673326988457886
-0.018875839488569152
-0.022550805827039902
-0.023898802193545572
0.012312618952396746
-0.026269083600016233
0.0032632700814637927
0.04633919036940679
0.04600095715758512
0.0012508049617108408
-0.005450416652330688
-0.04741518686082228
0.0361288080042385
-0.022432662563977378
0.0212480449668292
0.014255643970190064
-0.010949828873214032
-0.0029800371437949235
0.01939466247381084
0.07266062022631745
-0.0346222971389208
-0.021257362282612206
-0.03915633684784983
-0.011735012850468357
-0.039268097901400685
0.015844767602610214
-0.046242641848768834
0.050166906297746845
-0.05874892981125935
0.009853424710150369
-0.0019974375673679767
0.03434392154704602
-0.08453955273321881
0.04161670213307429
0.0037688366425715734
0.0013506605793917829
-0.01127591667732561
-0.034200342535905474
-0.015577696561795862
0.001587163535211659
-0.010831962681610312
0.009588971856241444
0.0012890334981697851
-0.05048404342280642
0.016405540363092858
0.01930782993758875
0.018592620897613866
8.081712822872542E-4
4.442845237358356E-4
-0.023827868657620127
-0.007817632760040862
-0.08023149304134619
0.029258657127188503
0.018973214285714288
0.10882790291151304
-0.03925107034177311
0.06929227605824452
-0.017045574177265755
0.03001151978114007
0.07090529441584179
-0.007997477543236084
0.009979672243481497
-0.0026009054903800245
0.01721528601328078
-0.06106774893970469
-0.02143500200603857
0.02477082641533368
-0.05350362433939758
0.008435423714709601
0.030353916427144266
-0.02993347389030605
-0.004438924965694976
0.005691495646948895
-0.032513348723341905
0.02598058433509192
-0.024146570166970076
0.04012032215768055
-0.04271686609402951
-0.02708261151337421
0.010118199105704856
0.023435665616951675
-0.02312848186991063
-0.017723880993343405
0.06252858678446299
0.028140394147204945
-0.02686615486277779
0.02945506211813827
-0.019346427292745196
-0.016614250056854463
0.04123613910898518
-0.0333895439205883
-0.016051311748362235
0.004137673403055469
-0.012265180186184551
-0.01353537902438182
0.012175727353470576
0.006419892386397385
0.04562454952547985
-0.02434566332030012
-0.0051935389509416355
-0.046204361683420576
0.0195786573468834
-0.04010142258649309
0.02079940173851287
-0.004603574235564345
0.024301928669685113
-0.047341895798293274
-0.039713607004211476
0.0
0.044441892191480474
0.036988897439411
-0.008488696322007477
-0.015584953725552839
-0.023615645063011545
0.03131630614001563
-0.0077090753614762406
-0.00305131500315085
-0.01610759181472276
0.034206828062905065
-0.01982738870716052
0.06692132509179687
-0.03044684713500322
-0.011959588891476232
0.020988040116994323
0.03739754078754776
-0.005309576501119406
-0.059787176706075064
0.016280128264365853
0.02407728934017904
0.011445869546211969
-0.03906927567879627
-0.03063905233805057
0.04925626396693287
0.009259991357021654
-2.826471155288196E-4
0.050987414519572054
-0.02370424074356495
-0.008703335892337717
0.027638412295640905
0.0038686343133403286
-0.02336419256189564
-0.020699811414716107
0.031198155892370495
-0.006747171348560458
-0.009981171717818952
-0.05080986035349376
0.10377272003129935
-0.005062065029285467
-0.016880278498071367
-0.005723352223082198
0.0047676041530134855
-0.05560901123422847
0.009767614642388716
0.044612501768601764
-0.037021909751953776
0.0024911230745900854
-0.03263629450471896
-0.008413735357656542
-0.005836894500734968
0.0274511027950456
8.171153050516647E-4
0.013594004988965944
-0.013206714314817446
-0.0029500508103628906
-0.0013148917311380862
0.019128780439121248
0.008259281172867491
-0.027455731120189328
-0.012612189316456258
0.018117575117142667
0.019047689861937507
-0.015606468663114988
-0.014599969219438071
0.015098004086508732
0.005873248742288471
0.016918176385066416
-0.04426243550961939
-0.0016310184917786262
-0.02204162526037968
-0.028697774623330348
0.029557079148400833
0.034895049185385975
-0.02638652324746645
0.018845245160323112
0.024041225348084214
0.02789926401617378
-0.023714644076134998
0.020854090814895525
-0.0014588168965307818
0.05085277103599363
-0.015834286201499577
-0.0319380569151242
-0.005375824405221425
0.033949102278482336
0.007479150153963932
-0.02047096249009303
-0.00921596110054354
-0.01827026118067886
-0.01760744149423067
-0.01658163186536095
0.019256419041765546
0.021046789770159065
-0.04267928647294561
0.004049068101337157
-0.0017416905855339188
-0.018055200185257733
0.020405058561010037
2.59011490082877E-4
-0.03116153643798631
-0.015003385562108552
0.033557504116540765
0.03063915118602477
0.004708966355460425
-0.018083632638119768
-5.88088968589924E-4
0.015150975333301245
-0.025828456308799166
3.3350300993903806E-4
-0.002713692313194715
0.0037348219783029657
-0.02875563698514178
0.017493959443335518
0.022718815291701576
0.007713815090233932
-0.018471485047965135
-0.013729524607704498
-0.029807879363019534
-0.026616927548958627
0.002805388718653346
-0.007562652930884414
0.012695342637105197
0.041909101430643025
0.013576381749260432
0.008186248035774831
0.03857109495110529
-0.008170088514147737
0.018973214285714288
-0.05428530175064877
-0.004492494079990096
0.010252360678013321
0.034883150115511255
0.02007431415299986
-0.024571958904198565
-0.04344696207205427
0.03471252414873033
-0.008609530759938876
0.009332893383713438
3.509940063067558E-5
-0.00326605209395351
-0.020262500885758997
-0.0018111522593746258
0.04876503264355393
0.030774425333626426
-0.002002483010277509
-0.001056967147162309
0.03846717447619531
-0.06594425222992552
-0.015262883061298107
0.01844018817021967
-0.0264412328505099
0.04373182012197625
0.03166763446857268
-0.027738230117302292
0.006959067489522417
-0.023871402022285007
-0.04235581254582225
0.02420937110535506
-0.0050569946513856785
0.019209664635275507
0.014838836239215003
0.05303862668614819
-0.028593100963702815
-0.01648726839043841
0.01279854512394705
-0.028466847257617067
0.006308189458325078
-0.004352756981449095
-0.001409321954227119
0.02644526959475528
-0.03150223218441522
-0.013659411231774526
0.011335046322790846
-0.0036561073121125914
0.007213889814566943
0.01039767743642403
0.013384230255005396
-0.06706046065911052
0.03322672942817553
0.0071063169792163
-0.027995957118441328
0.006218254591586748
-0.012566395033548752
-0.025551603364677836
0.012286022803714403
0.01833262218089056
0.0035417546054038167
-0.0011494814677082098
0.019708810110921585
-0.04960849253961078
-0.026988859931406862
0.004362464850474146
0.01767640378407677
-0.00372533942517176
-0.018321249129074867
0.008202890328167865
0.025082163710678666
0.00885304146084237
-0.015683716107790298
0.022262055235483264
-0.013537638307383401
-0.009847125014982394
0.007038851600711434
0.02008420410992766
0.0038772832297913366
0.023446949845380448
-0.04228892454849057
-0.016609765524550034
-0.03160035957585789
0.007339682616520405
-0.023416031168888397
0.016810327122482913
0.027962275961260927
0.002969303055763284
0.044277715894288854
-0.05127622703598493
-0.0032116775239782527
-0.008048078607321155
-0.004228268969907304
0.08023225735700681
-0.02619827685362345
-0.026209688242314618
0.020543749280776142
0.07576120308318159
0.002328044032379662
0.02018655397617854
-0.027611558150021247
-0.01370718040383348
0.03869034261820402
-0.032665567396650115
0.018303454924475868
4.51323665563403E-4
-0.023225144811953556
-0.020895419282506926
-0.037210028319566144
0.014208279101046873
0.034797795671446204
0.03043976319167801
-0.019563978027130724
-0.05105171218110725
0.005296658317362857
0.004069678025573471
0.018806865077148294
-0.023128564455052934
-0.03421846187827776
0.0022698426797086004
-0.0085760568196219
-0.007858478515332834
0.0491244528860966
-0.016982142946335887
0.021266328035663216
-0.017319122964091344
-0.01766046884425564
-0.02710003262431062
0.02150440017645327
0.052262798302789584
0.02375448950880525
-0.01991955362525548
0.03060232790005797
-0.027244727140246616
-0.011930842890888188
0.017208807844515762
-0.01352270965885923
-0.005717813783545935
0.0063325799960082235
0.02182583664494226
-0.038575464823434144
-0.008179042429356442
-0.003661835966847247
-0.04075862201719944
0.016268116656565766
0.022968674530839363
0.035629407242144535
0.02642254799825477
-0.04531692323372688
-0.016158039836239188
0.0111604754501929
-0.02979541798785032
0.03159640125342979
-0.03276621183416426
0.006701659711986144
0.018926572192311884
0.00478202954733711
0.029952262228678733
0.01149937026350987
-0.016694325419140663
-0.05260023727673454
0.05757402471505521
0.02550127471087362
0.0018084318913839104
-0.02736050137639447
0.01172715576715394
-0.0032891988218283486
0.019791363322814164
0.025066058558564613
-0.043186619401253776
0.0049170886142058425
0.0010680679269396663
-0.039927041735121474
-0.013328259682674135
0.01279198019956906
0.015284851711969947
0.013456209849484084
-0.021029727950723925
0.014466153897657909
-0.023894670118120624
-0.0010030870242172564
2.1398942801751004E-4
0.004129679995649547
0.02049504356662618
-0.006620294024520952
0.022477974802528805
-0.010848136885575933
-0.012659804176884941
-0.03640476478795719
-0.004488489818882229
-0.007891554045109637
0.002872239221561784
0.009150171891109792
0.024889353478611067
-0.03504141287149235
-0.014914476772602797
0.05602667729821776
-0.030170591845344333
-0.008570225009332256
-0.011192554178722676
-4.490578540622056E-5
-0.038939749103783186
-0.026436066895452498
0.02321402439664874
0.043161539200601035
0.029002874362808614
0.06493984585815814
-0.021830005951328408
-0.07314651016699703
0.042774630711289376
0.006505892685215585
-0.007297819168863566
-0.02397687753869969
-0.014527052480460712
0.015815718708827725
-0.0271196857167866
0.025997076977671903
-0.02841884884928795
0.06913276095816064
0.016689726789116434
-0.006419689143507537
0.00499952617001219
0.0027892679607239793
0.020295617941443078
0.006917554287484562
0.010552982789532095
0.017646283921718547
0.033341551549842155
0.008997265445345338
-0.07056326791799081
-0.05110683070257682
-2.7268463794531336E-4
0.038807934993326444
-0.005082253988925124
-0.025041909504956314
0.008635572852125142
-0.011972448513065483
-0.006008701320515427
-0.011874831955149425
-0.00991637378750954
0.019975375748293802
0.005246561609047006
0.007709228312100064
-0.01447502881515237
0.013584110755141696
-0.007519875529222014
0.024009562727174145
0.026543366951278458
-0.04702570682785752
0.046470037151472195
-0.023854473172976686
-0.04543401056763102
0.03074922057161744
-0.05387534236768218
-0.03315226813454418
0.024108074657137542
-0.027114379727603485
0.010493117750173676
-0.04588371955521245
0.02444537691464214
0.016187253416119055
0.03579994956346662
-0.025668939877700615
-0.029682291625745885
0.02126539934522554
0.005697594383080453
0.036623908092676585
-0.03343979190466077
-0.00983723458830428
0.047791505490219446
0.011066871393938565
-0.027962656976561927
-0.012425600757367011
0.05202340006917887
0.037278861040822606
-0.04615452825437935
0.026943503300832974
-0.005410523227533569
-0.0016044814374176026
-0.00988510969040588
0.008520262172529332
-0.07039863090352796
-0.01028047918355262
0.027549652698698246
0.04112122199413383
0.010676897350762687
0.016771176155869094
-0.018329682132140136
-0.015546884064887717
0.003083075404980505
0.05863040578053953
-0.011609412585538284
-0.0023409835528448476
-0.008665929161688075
0.002561856061426414
0.0038548347445003066
-0.03401498019264401
0.042390041464623676
-0.04598262975178859
-0.01140822196017661
-0.008096504203521957
0.00867710955128022
0.013844468020340124
0.005308300464924198
-0.005910795804663405
-0.05019246182487648
0.0025049155129398225
-0.009606087674205004
0.015176187254425367
-0.03860631012235957
-0.0295335656843915
-0.0033363803087862395
0.04137405948406593
0.030540590997478162
0.02133542145039805
0.048012705843186045
-0.03773133109009699
-0.012950267507147523
0.00810647093260106
0.05110605933824745
0.011117133517825145
-0.013469377415769437
-0.002845854553949069
-0.0030608268005496153
-0.0623001216075936
0.014658300131042079
-0.026050605786800678
0.03810121290766942
-0.0032947548155354486
-0.00623600397859312
-0.018611431583402487
-0.05041569550889716
0.05028368806014065
0.011650427004193054
