0.001536635638189095
0.020695886522284483
-0.03434847205422827
0.0121159498937546
0.016118199592633168
0.013714281061046264
-0.04421833477786168
0.01438585412418263
-0.009648751134983778
-0.011808204941977768
-0.030907091691551265
0.05236404776851245
7.414931293903736E-4
-0.019608125102622796
-0.02807636823476787
0.04694300020800026
0.011636870845811251
-4.906430517076024E-4
-0.04782452280511063
0.03667829501100663
0.009038949150860783
-0.014431296241572428
-0.022461055046648137
0.02785340213735959
0.02542784339418293
-0.0037532933511841057
-0.029188228235936507
0.007513678192937811
0.008313580720793672
-0.009500529475302019
-0.027403714887893015
0.028590663642401416
0.03261054899653738
-0.017403693608347107
-0.035071443244998134
0.019864587856807978
0.05132828228317428
-0.03993604907082846
-0.019909467698945523
0.008517234486599825
0.09584937155689256
-0.10983355794703999
-0.06991881419463376
0.08390300058478106
0.08809625527835686
-0.15322545494384687
-0.06786574984162796
0.132994949507118
0.12263336138165404
-0.1963345196671803
-0.12107673742561834
0.19477789571114448
0.06931846838432214
-0.17076909029243284
0.044657068699820376
0.05679355320829023
-0.03404309983231762
0.05064044896558251
0.25639600643800287
-0.2729933555712677
-0.2815503559801361
0.23835438217663646
0.1014462783265115
-0.05825030452301113
0.012724775023504827
0.1483610525305853
-0.20611714766617506
0.04503132011208483
0.14703305485312645
-0.10642910041813347
-0.18431384056719682
0.14370988613220398
0.09908252877812736
-0.052095687504435335
-0.13229481013616612
0.0853079688624741
0.07288396362132434
-0.06292114154401486
-0.11365542226803854
0.10369260019072951
5.118170538949071E-4
-0.008219193487947403
-0.04799910325967306
0.05570647969372556
0.027391389742752383
-0.01771330305666641
-0.03241871969236114
0.022740633006274772
0.013611667672072555
-0.028749182802105182
-0.0075679103274556465
0.022705425457488677
0.015062447477311
-0.012495352625558197
-0.015946349793555126
0.013379254941802109
0.02591707089008455
-0.014855531711989424
-0.021213970783513256
0.010152431605418177
0.03397050146059078
-0.023880063198387737
-0.013647028372726654
0.00355659011052403
0.04127125417149739
-0.030135128919718413
-0.03515115974545378
0.0240150344936748
0.037192265706760916
-0.025108349725848463
-0.005724087849433511
-0.006359828131479211
0.04194253356528456
-0.04622022799256253
-0.01703775524404612
0.021315449671324618
0.020576472537844955
-0.016912570701764905
0.0053136571204254945
-0.0089775589565054
-0.00397278109020658
-0.03600978883100192
0.030628615409822306
0.03201666768430014
-0.003444237381659009
0.0037603506855642035
0.01169785048798095
-0.0032524868354757985
0.026905189776544016
-0.006714949852523621
-0.0032371757426635558
-0.015075980546914194
0.014331805819142089
-0.03318990816789928
0.009149290416565406
-0.02205582619338606
0.030033821969685213
0.014899604718820073
-0.04606924632008691
-0.0031188291684518255
0.004385905251472718
0.053764015873380075
-0.01570846202468893
0.03204415933807286
-0.04727155536255216
0.012589901018557444
-0.01067781138374214
-0.014986810767669022
0.0019125317725129098
-0.0160270506975182
0.01163520719958843
0.013290505104903847
-0.008323257682183678
0.01694808045391423
-0.00979171047252463
0.08838544735651789
0.005173207840706752
-0.03574547987995824
-0.01308309267398573
-0.07480231591622415
-1.2006409784647877E-4
-0.03126690133274681
0.013667092638585485
0.04044266173528928
7.951847335533196E-4
-0.0018651521772640664
-0.023979643233701074
-7.82529346360368E-4
-0.03372315623987075
-0.03464478302310357
0.022614575433710468
-0.043755060606707266
0.004872081500816274
0.04930763686635044
0.024968360669429767
-0.030223212740736263
-0.019370330174439485
0.017166066001955114
-0.030399990335403186
0.02413232364770741
0.018166902229341107
0.015220153401496465
-0.0023209517604378923
0.03010533502364603
0.034989134345993406
0.022599135626858752
-0.05067778446371804
-0.022895858551709895
0.01545704346674075
-0.03975596694583885
0.0196891293122144
-0.03419709251448749
0.010272415816986458
0.008796091268418318
-0.04922507286531071
0.027538799830827177
0.01640743639829399
0.012227968616987927
0.014899504277053655
0.02999331597332338
0.02031833899807445
-0.013671599631632628
-0.010212649171240377
0.014552867016135323
-0.00927182697202009
-0.01264882269190805
0.06825946940632549
0.02474770380293912
-0.008418911218618222
0.025698686517719567
-0.03194140224088982
0.022536283400524545
-0.034272508187686374
-0.008928895811111611
-0.032442680215419996
-5.897719401453732E-4
-0.054252814005075686
0.007771509904845415
0.005523073764479962
0.0011014704774562354
0.03192327531760085
0.006851069613790749
-0.019084443587244822
-0.027915785508904598
-0.021977061818063297
-0.014603673439086817
0.02833557513264767
-0.022402724698720927
0.006383099288298376
0.03392418231366458
-0.0028304452354271994
-0.0029646422981222777
0.03669886092582164
-0.011561548065755118
0.012446748755465486
-0.002377637060982578
-0.033442444491520076
0.01812273578306001
-0.02682259857714026
0.006280349644415224
-0.018593637328009432
-0.02097335651771386
0.008269121400511982
0.02578177506722617
0.008521092592573661
-0.03345564164492112
0.0377380860729246
0.0077539475682263
0.017603313890074978
0.01791562985907283
-0.01601783066618711
0.018252407181853097
-0.002072503915654028
0.006662891821206881
-0.005819528214630285
0.006366638143393889
-0.026625317350914952
-0.011407737399908633
0.005825185530497164
-0.010712741894686587
0.0023664246651192208
0.0033164163154161923
-0.025410104227285787
0.010108105127649453
-0.019356921943796682
-0.013427750645100326
-0.01945235723360383
0.056903077143302325
0.02049183671636372
0.010967679576760345
0.008460360434528344
-0.06735086096854871
0.0035611039650012763
0.030896980323763305
-0.02227632905422994
0.029859801319620197
-0.055926195108509394
-0.01778688639328447
0.023108121446833593
0.019520135478922493
-0.015613535361629089
-0.031093835780281007
0.03215235081205379
-0.024162174217848206
0.010910801978471808
0.005997413104877433
0.016366301278132368
-0.03435676853214437
-0.02905759795794365
-0.026161199288204224
0.025933173349120032
-0.01527615467601302
0.02964037190098638
0.011064199243852869
0.013828585701239227
-0.0010790232462215138
0.062381516148282815
-0.010674297293014542
-0.013639769898337515
-0.0410283288654511
-0.019253899992591625
0.032844859216712735
-0.02136004621544311
0.011536700465941751
0.01564109416510626
-0.0033013011574899312
-0.030952244474406726
0.03597691636592149
0.01694637904744439
-0.006303704556086879
-0.01857039137339084
0.04212056618531536
0.040891931574689566
-0.009749258893070718
0.01908488046829596
-0.005213180416982788
-0.009036084668367183
0.018290846020880845
-0.032166011021103585
-0.014369004190733132
-0.01887368538642534
0.013932725804786723
-0.01185374141592836
-1.6290598850769288E-4
-0.019616675198571357
-0.022442962031026897
0.04491111589351457
0.0071135025779397835
-0.047072204251830174
0.08354261095752638
-0.039996609595233004
0.013602437676126667
0.04621705499611719
-0.006265943718710223
0.052938836647348136
-0.036417104205197656
0.008795374341327388
-0.042154603399636656
0.005695726726487056
0.02531058961440954
-0.04582148813599191
0.012094737650330232
-0.029051335727665266
-0.021026204678030458
-0.024696252884415505
-0.013688680839120204
0.006072480823675005
-0.004168264278890386
0.00958983020901826
-0.03313867694137979
-0.02864327667234457
0.04221886588286658
0.03316287387957155
-0.022876665581614743
-0.00514031885440832
-0.026616104092567934
0.045681852911285445
-0.016089995246110208
-0.02909619663231287
0.03935216008197974
0.01116483514009568
0.008428065673131192
-0.0029068277361857
-0.023659092572000558
-0.02891260425908887
0.028488998145692796
-0.016036659890160985
0.006750290613454746
-0.027893288937045173
0.025513350957271662
9.438455146601257E-4
-0.005607695987490419
0.0354574798204912
-0.0383158448005228
0.042783036424713795
0.0307451121009836
-0.007587956127995739
-0.020776959440676788
0.02446108539525825
-0.01580786024804612
-8.986941086030452E-4
0.021177962036485858
0.03545526014578734
0.012798208824796497
0.020584787454200896
-0.006106576328265945
-0.002128001189541269
-0.03009628597584143
0.027504602860897544
0.011809360123179334
-0.019415778256088517
-0.03933628431973543
0.027862473727364508
0.042708313096552056
-0.07309820023549607
0.020385609689258902
-0.013786617437224376
-0.015458246175933943
0.004435174070031106
0.03218491304961084
-0.03622317559496527
0.027602258587173408
-0.0429987653118763
0.027712571383407162
0.05502736796555807
0.009870422526190047
-0.02764565499362455
-0.039069087397733
-0.05333128503095111
-0.009087292578730213
0.035670755189703585
0.02193909631740617
7.285231470859181E-4
-0.031754330258652895
0.015533375634221962
-0.01009276074184801
0.01928843555754196
-0.03874534701196378
3.5002784566201626E-5
0.0090674206406661
-0.01848474991617573
0.019920964869009482
-0.020735208145459226
0.01222287673846895
0.026873614428567935
-0.007239932180439591
-0.007694088302325087
0.003761575451410131
-0.0010827075574835372
-0.02383293950889363
-0.009692737763640758
-0.03014567959731181
-0.049361958877865125
0.02288371657520182
0.018428279258486533
0.03759658300242699
0.028315182904230057
-0.006724667681419584
0.04020127348406041
-0.005607218623998194
0.0368215238977034
0.0021281671899972716
-0.007160042387337582
-0.037972801703377496
0.03723651603411959
-0.01788104197776236
-0.013468957440330404
-2.8238771932136836E-4
-0.008859926839002972
-0.014405937429665226
0.01228734542923612
-0.009681929113427228
-0.0013499105426587193
0.03608492967887901
-0.007553635098642686
0.00309703717245147
0.0071795027002535955
0.03570909887364247
-0.06403886693362
0.006110769403498919
-0.06433579083536861
-0.002336057046630974
0.016653230908415976
1.5106306658899723E-4
0.010154382658072832
0.011581133344370262
-0.00921751881803463
0.03321307490199113
-0.031120193506663712
-0.006403856767276277
-0.00875150582915421
0.05102023763834171
-0.010260735051388874
-0.0025787899465501696
-0.007392528503662583
-0.02547985795948593
0.017393713520086375
-0.04093070845917782
4.5535346426688397E-4
0.028715693296970077
-0.004630696270121585
-0.018259436518309
0.01674610429054626
-0.02051945596048053
0.02648427002850662
-0.03850953289586509
0.018158707444030465
0.038146844473986835
0.04135691632595699
0.038746742287805044
0.030952604818779338
-0.01869385961803142
0.04448938274414194
0.0119548080529778
-7.127579879217041E-5
-0.021496835161368275
-0.027004681892179812
4.433679641404967E-4
-0.021841024974744626
0.02080697099167209
-0.0652406922506635
-0.004843415825877426
0.01683829454115092
-0.018543900067607696
0.07202313506980716
-0.014750403946222762
-0.009371691021075046
0.027196167770015774
-0.019566545074852212
0.03384656160397416
0.034976381768936665
0.024748820106836013
0.018667624535263223
0.012265036186267043
-0.04007977725848125
-0.038491716468889894
-0.0077453344281217945
-0.05959050618985029
-0.029666233494614145
0.020966324235190303
-0.0015587662202280923
0.008514103572426122
0.028439379723927585
-6.108956131463013E-4
-0.029031940473514418
0.016125661195992905
0.0038856685733272816
-0.04017238872639915
-0.006562564119575344
-0.009270838544329404
0.014625679110582344
0.0047760746868827
0.00794069296406081
-0.02702051122268842
0.02256223327289494
0.0036051184686021094
0.011580591868599834
0.043069493333890346
-0.09004057713047954
0.005049569584757807
6.143507377461633E-4
0.001325050739100768
0.007002963926754462
-0.029583238043064914
-0.01012292449024936
-0.04124453490752088
0.012390022129904636
0.03695234319486873
0.016684363452403306
0.028543075664690137
-0.012482766167518752
-0.008926012129819213
-0.03556969480492879
-0.032986430905513967
0.02098125815605574
-0.023651658717092273
0.014999073642281351
-0.003997713379217824
-0.027482551673569645
0.002809315600366312
-0.020235651383519432
0.016826439461258825
0.002562919050915452
0.019538153928729665
0.020494137721364897
0.010941823729395957
0.026625647787441156
0.0156586099789703
0.06132720535193023
0.004712040616155743
-0.00918593694075303
-0.010378043114082846
-0.0031099047447026816
1.284073930488891E-4
-0.002472634836884254
0.009300894243117763
0.005698225386897869
-0.03239746989067743
-0.021570311175247586
-0.0017220745925440664
-0.017857142857142853
-0.008975425033557164
0.0457224161850835
-0.010906665269848466
-0.036819388323872576
0.04664071036146938
-0.015373650704072223
-0.02743273250186367
0.0427852047612371
0.005518971374759724
0.03410793172595846
-0.03511254770210523
-0.002425148121779812
-0.01847114302337729
-0.014184375500226524
0.05346312924083242
0.002372864133250464
-0.0025161100195614378
-0.03659468094476084
-0.005459564231189899
0.015563048318810082
0.002455118092742771
-0.017049029432996576
-0.01922265243663717
-6.90413817789233E-4
-0.05505967987018935
0.06873375888592163
-0.034407563002267445
-0.018866873643413346
-0.008523365580334941
0.011274939987700718
0.0056141422689687075
0.009132793763658123
0.036146627869202974
-0.04374581325348772
0.021241246962217835
0.014541015636167437
0.024656036972603095
-0.0019522774109526006
1.2908451188929637E-4
-0.009738179943384221
-0.030655903448024574
-0.015261833352244503
0.008529798725200679
0.002035275595168945
0.005930788678405668
-0.014022416975475238
0.013095234100103818
-0.012620299211861473
-0.00952565356349449
0.011664446043491303
0.041785547284808155
0.048371935400091326
0.017559348994056402
-0.019870554962118068
0.008551151551005515
0.013301063179386102
-0.004179264669077712
0.018415402787675724
0.05092670474498687
0.05263926469508355
-0.09082963297021036
-0.03550040554289946
0.03012987932925192
-0.014210153908948801
-0.02392063754113711
-0.010823666771184045
-0.007949885319424439
0.04745480147374499
-0.019854175007971406
-0.019010585610246288
0.020656665399833705
-0.08171013909996157
0.02138793525903283
0.04085638692896709
-0.060602387638443785
-0.0012855840664749377
0.055019730878294995
0.020436212738017424
0.010936862872913906
-0.03077966442345445
0.012395559844796518
-0.015337409521119002
-0.01796790363627727
0.04221903837490647
-0.034480968642954676
-0.035737668162169015
0.014441077647090897
-0.0495612928611003
-0.02471761620480896
0.03835524579914604
-0.01753752654922081
-0.025157881151339847
0.00719530568449245
-0.017907182309714664
-0.002632405886686509
0.0470485963117501
-0.006970588524914455
0.0018346824315286364
0.0285377407989966
0.010773175354362093
-0.014582132423008301
-0.019736132432494054
0.004573305329044498
0.02201824968152066
0.011043448337512408
-0.012318537346896684
-0.005613721419546507
0.025015660050219674
0.024178427391379934
-0.03202815463752168
-0.040119564773751684
-0.010287697452892354
-0.039078298352522495
0.028453552416394363
0.0675730081350081
0.17930608986774518
-0.06844818005448094
-0.06605654594982088
0.10401758673966152
-0.04512334269578151
0.03110085281926555
-0.003393097626136564
-0.033942339577225464
-0.011753728942166669
-0.020165273143162056
-0.02083183553807758
-0.04160410354362111
0.0025456089408003608
-0.035684359993387454
-0.034603805392847437
0.11596475637240918
-0.01567386980256212
0.01233242293647343
-0.03901609841639838
-0.05359457381766802
-0.04626676797422425
-0.014777555175238724
0.10754525690318208
-0.0429664310310605
-0.019108711128385428
0.09442195526762015
0.08224985504869026
-0.07225460101903282
-0.027132196475483695
-0.033358906958525905
-0.018135660947034112
0.0457998335188195
0.14907915963230753
-0.0650863335416806
-0.030086261615911367
-0.0026951049472271407
-0.016001757000319645
-0.004958844920780936
0.05341499348895269
-0.036890560583895164
-0.018861628215281107
-0.05764019285853772
0.04183896111981861
-0.030336669798118266
0.0164286370192497
-0.05362429196243374
-0.07013829481664587
0.10564872130155752
0.002985834493195838
-0.035085065750381964
0.005078238442840442
0.01879207334080018
-0.0032844684047800207
0.028835953265070793
-0.020961756770367348
-0.062163692663700976
-0.041185461178814456
0.050925489151719766
-0.008353425425783271
0.0027405560084979314
-0.01785714285714286
0.017986875974613372
-0.04641627234608925
0.11647949920692173
0.24740591275071847
0.007264262386744456
1.497573783295035E-4
0.06087728167489402
0.010251254085377061
-0.0625053115599478
-0.04142907208583724
-0.06260402684966213
0.05439319293114863
-0.09042960997896939
-0.029669608130666034
-0.0643746423608034
-0.01608055691057448
0.02048881483532194
-0.05456447060206023
0.11667619399287932
-0.009184079402656298
-0.043803678125333284
-0.029505460664860383
-0.028183117882255467
-0.02101173459842868
-0.0017811025681290435
0.08505376357401154
-0.022060520419137093
0.012254745528513982
0.07259697664878902
0.09588813759806798
-0.044134463779740105
-0.08475111637599346
-0.040091443371783234
-0.03516068360693973
-0.015959780501165685
0.013989949350449202
-0.04827788009524949
-0.017035817374173135
-0.039585781345674254
-0.013779105881880931
0.007223485072258912
0.09719550219855311
-0.02309790297129092
0.03741685177749879
0.01662285514499132
0.02231226561941069
0.0185515826627472
-0.035722597024804834
-0.07416833305267478
-0.018730482014204745
-0.012833406260589906
0.010589777884952276
0.005379075149146862
-0.028760977324339045
-0.01322296908233659
-0.08784949471362785
-0.02434955808065195
-0.06819023232238157
0.07570860217692758
-0.026735225788634815
-0.06776914673783394
-0.05286235796892198
-0.02192730300722596
0.03144558776959684
0.12726607466614004
-0.045767001699607054
0.27094814966357794
0.12837587556586763
0.021559621656701094
0.11045879074178118
0.0024072726191137926
-0.05507525853002263
0.04539044689518881
-0.07130778018722818
0.0015543711373705443
0.044670462542469744
-0.006340180851053747
-0.09832275506322781
-0.015160024613231304
-0.01130852129030813
-0.055701138292509514
0.0040717587727342325
0.04282331417471111
-0.02211903926901822
-0.03400846390556536
-0.005571446334635105
-0.05069013159934174
-0.08939885761917521
0.06625659653044683
-0.034424865484733905
-0.023845360563007588
0.07308443799045101
0.05253742161434002
0.028656513085882695
-0.08164841132632789
-0.07736701286403229
0.005758633199979501
0.041624109151789955
-0.002069577550899721
0.0022068814799903014
0.013334462976744704
0.044728673451532856
0.01705954654025871
-0.015994288588401795
0.014661154957408173
0.05714918334623789
-0.12479497463826726
0.017241038660580594
0.013653472071944003
-8.314328551023977E-4
0.005605359240468424
-0.055762432529056785
-0.084583191884318
-0.0027273197662348175
0.031188117694587337
0.03136839159159957
-0.12115328831330256
-0.03988258779553822
0.024558801975465297
0.014669519559931
-0.05971647967395217
0.02457480583373847
0.05396726735728666
-0.03502129362374454
-0.06077665146635774
-0.06620514022346588
0.007780447390756361
0.11974856530719193
0.01835849419187287
0.052666562026289485
0.16805753536934745
0.00870464984127274
0.08415777417148028
0.11839825678425765
-0.07142857142857144
-0.10169568157173746
0.06245439947148372
-0.06316924262802552
-0.01785714285714286
0.05675345652989065
0.0
0.04866229586415357
0.0043176776690964855
-0.0388063861156607
-0.04945683604038693
0.07891131525836285
0.0026873964331808253
0.0033609012552784524
-0.007338216025540946
-0.10755137654653774
-0.03427019386086839
-0.07531884994939016
0.15843995392639595
-0.015810803762698188
-7.185815052158616E-4
0.02850004391656091
0.0
-0.0010683948496714966
-0.05144030555887513
0.018263396723277446
-0.03184080986870065
-0.06168414070405161
-0.01785714285714286
0.10126231936832948
0.04424309357383602
-0.02290178036721326
-0.022628987005195396
0.014953786020603032
-0.0016199520156910327
-8.578990058302413E-4
-0.013401873630209182
0.020462711305964054
0.0
-0.13601395917955855
-0.02115156718231891
-0.004435026242105732
-0.10323379082938537
0.024246187763156724
0.0
-0.04008079103232948
0.01737172317047299
0.01587680934279408
-0.01785714285714286
-0.01761127292088954
-0.13649365880480804
0.03793772894072245
0.0
0.025273918848559104
0.0
0.07643335776474156
-0.006072166428721874
-0.033630275809940394
0.013956768236426605
0.26498765176340033
-0.005314754502140317
0.0
0.0
0.0732470794325512
0.0
0.0
0.0
0.13843437489024832
0.0
0.0
0.0
0.003821909213300747
0.0
0.0
0.0
-0.14618489515177807
0.0
0.0
0.0
-0.17967201842141414
0.0
0.0
0.0
0.08278074257738051
0.0
0.0
0.0
-0.041900216455831536
0.0
0.0
0.0
-0.03197759799256791
0.0
0.0
0.0
0.13099013060097472
0.0
0.0
0.0
0.0
0.0
0.0
0.0
-0.011986700400334822
0.0
0.0
0.0
-0.07434636150081943
0.0
0.0
0.0
-0.058608291444429396
0.0
0.0
0.0
-0.1705746685020465
0.0
0.0
0.0
0.30646101408086823
0.0
0.0
0.0
-0.020484500926102347
0.0
0.0
0.0
0.0
0.0
0.0
0.0
0.0
0.0
0.0
-0.03404309983231762
0.0
0.0
0.0
0.0
0.0
0.0
0.0
0.0
0.0
0.0
0.0
0.0
0.0
0.0
0.0
0.05064044896558251
0.0
0.0
0.0
0.0
0.0
0.0
0.0
0.0
0.0
0.0
0.0
0.0
0.0
0.0
0.0
0.25639600643800287
0.0
0.0
0.0
0.0
0.0
0.0
0.0
0.0
0.0
0.0
0.0
0.0
0.0
0.0
0.0
-0.2729933555712677
0.0
0.0
0.0
0.0
0.0
0.0
0.0
0.0
0.0
0.0
0.0
0.0
0.0
0.0
0.0
0.0
0.0
0.0
0.0
0.0
0.0
0.0
0.0
0.0
0.0
0.0
0.0
0.0
0.0
0.0
0.0
0.0
0.0
0.0
0.0
0.0
0.0
0.0
0.0
0.0
0.0
0.0
-0.2815503559801361
0.23835438217663646
0.1014462783265115
-0.05825030452301113
0.0
0.0
0.0
0.0
0.0
0.0
0.0
0.0
0.0
0.0
0.0
0.0
0.0
0.0
0.0
0.0
0.0
0.0
0.0
0.0
0.0
0.0
0.0
0.0
0.0
0.0
0.0
0.0
0.0
0.0
0.0
0.0
0.0
0.0
0.0
0.0
0.0
0.0
0.0
0.0
-0.004144223665286136
-0.09587687236154128
-0.12070549729285944
-0.0608237626604494
0.32391304044549074
-0.08275867639849697
-0.012877225050901891
0.010077243180544496
-0.2578754563510638
0.2666843056797335
0.03980652793702999
0.05283090106081148
-0.04916858540563575
0.06031229561088982
-0.11234095325944343
0.04294693853117818
0.0
0.0
0.0
0.0
0.0
0.0
0.0
0.0
0.0
0.0
0.0
0.0
0.0
0.0
0.0
0.0
0.0
0.0
0.0
0.0
0.0
0.0
0.0
0.0
0.0
0.0
0.0
0.0
0.0
0.0
0.0
0.0
0.013712919191856717
0.03571428571428572
-0.053571428571428575
0.0
-0.016507160962651653
-0.07142857142857144
-0.03662756812621498
0.02868642815589678
-0.04609090895279039
7.490067003294784E-4
-0.039649309326112825
-0.03571428571428572
-0.01785714285714286
-0.03571428571428572
-0.022582211221101003
0.015329877132080186
0.25162412787781807
0.05894745914082372
-0.08703507231255123
0.1003765257394001
0.07246332749469374
-0.09025586090802108
-0.055015866371068145
-0.009950276614101482
0.03340414336337663
0.045764711676788083
-0.04752065118941062
-0.04452542890165599
0.05418462494543192
-0.039052137881727456
-0.11907299423860244
0.11401775035544241
-0.061585087128715216
-0.10377175412216154
0.016101746265365053
-0.10862036136555223
0.026663178624196017
0.011040806982972315
0.10064545362662712
0.12833486644593825
-0.11372161213675108
-0.016019739110182816
0.10520817402482766
0.06433970515913624
-0.018611484805867776
0.001514272106482313
0.022150925534380625
0.047777188225816336
-0.02811939190487158
0.027020454141928867
-0.01650473761077146
-0.03156491003192158
0.04526176052627613
-0.02362565456519305
0.025802053647942687
0.01287413600186406
-0.03396828951469274
0.0088765919771021
0.04427098736721285
-0.13152024308906565
-0.013819948907039584
0.0838113148712968
-0.020913342066291495
-0.006131085366787517
0.17028893264179848
-0.030260428055799215
0.009268380639377797
0.026335682810710914
0.03430371229627166
0.011211666661466543
-0.04574876114939204
0.018143827066530633
-0.023852611585880354
-0.04123309808647245
-0.09040170392593684
0.014477921368903437
0.0
0.011563501045721566
-0.10566128409641584
0.05428903739262059
0.056128665723920626
0.010668362152132876
0.055702312234380824
0.0053817655720798975
-0.11205508599915552
0.012192925276925594
-0.015285497749706837
-0.05912162144687655
0.07621786436282765
-3.521888499813039E-5
-0.024646829693134614
-0.01673174300740824
-0.01584407040757178
0.08543938826096836
-0.012409196219226842
0.10275903235542778
-0.029956915135421296
-0.03580717488556269
-0.03433245832002465
-0.06028011889984891
0.005755022207412783
-0.028381539972214508
0.07243569758354906
-0.010438608574710455
-0.00862373016587178
0.004770332634012501
0.09288521381906895
-0.026722615410692634
-0.03706859883960498
-0.01795583845997546
-0.08653439777693384
-0.005861417469356912
0.07011221277258323
-0.01932358710643849
7.406367266898813E-4
-0.04763321401745295
-0.058195054802044996
0.021519488000729455
0.03812539359710812
0.009109336585973318
0.0016173783559684882
-0.04691973011584734
-0.03802094054693094
-0.05709432968480452
-0.029745192647104998
0.01045526403091597
0.05158862474136175
0.13869503422137872
0.20412378070754858
-0.01865815484955009
0.034321685960897005
0.046785584183985526
-2.556430447722643E-4
-0.04950696259189821
-0.005142434808342804
-0.019817787450654236
0.035482007845213354
-0.01718291937879134
0.0013578053402682408
0.011721977473733573
-0.0030392642180411857
-0.035839506632811394
-0.049453134496706255
0.012136020813047784
-0.010438361872687707
-0.030976351348536227
-0.08062307774385807
-0.008153615332434066
-0.01980091651358133
-0.0319149792539352
0.053861177219964154
0.014397258514459447
-0.04016396512650117
0.09102386821401805
0.03948120897393999
-0.04081427977989857
-0.033839839706478844
-0.013347273304356741
0.031037587010485163
-0.02615754036873262
0.11907427882784984
-0.05040020996719985
-0.059252853057076366
0.03593768516347038
-0.07054596038386057
-0.04267615349803376
0.0887169344664526
-0.05891253503786367
-0.012008296778612877
-0.003510588212584341
-0.009046119307831085
-0.03561925604790514
-0.0074116480356232126
-0.012352752995513284
-0.037401566899295115
-0.02890479880357037
-0.011056728387145356
-0.007646517843466059
-0.0681768957490193
0.004222280085348952
-0.015311925509934463
0.09298248129213012
0.03561498303868209
-0.023783223943247257
-0.08252053597680394
0.03755849220830179
-0.0665821380321347
-0.04147207155057795
0.02059698179475547
0.02952638661821156
-0.0223685841844646
0.26212690227156776
0.06232469943058319
0.06580524434468368
0.037032598698019364
0.13654042680227918
0.010849043321136016
-0.049614021649578996
-0.03536102160325952
-0.03355523407704972
-0.02126313630495632
-0.08135784265867751
-0.08065810988186174
0.009547948256438878
-0.029196433180943664
0.06396000614747939
-0.022169005275659036
0.06619736640949409
-0.01805520894947335
-4.7291807213860684E-4
-0.011418855554384426
-0.07596746287615222
-0.048483647748500155
0.0029776318853541456
0.05130439222673472
-0.036913990415325705
0.01570526235174039
0.06744767356369438
0.10673951016399094
-0.0168417861626697
0.008066782399963588
-0.018421304787973602
-0.01564700467895032
-0.06211476085034539
0.01935345619894917
-0.061416923761299654
-0.03414591286552477
-0.02300140960882939
0.03769414008416225
0.05298774615968632
0.03740401034706646
-0.020197043759970872
0.0014941817532685073
-0.010348286909648848
4.0982997158110854E-4
-0.026344967840958324
0.045581386767380834
-0.06223852059655442
1.062518478184382E-4
-0.08963274792329295
-0.002758875778513605
-0.004971101378024789
-0.05423162102117392
0.038267828012324534
-0.033895688801362504
0.004561107207668825
0.006770532077924159
-0.009449096798700353
-0.01938773434762178
-0.046009745017781864
0.026989879342054438
-0.03977809854663157
-0.027516410141917615
0.06889206203516407
-0.06112457705404893
0.23894950907311502
0.07510651081702806
0.02954108640898253
-0.02271933660210008
-0.021064189722365068
-0.024146242608189025
-0.06446278479377904
0.01389634905405861
0.07365697948113008
-0.016188039727556447
-0.047965879924465105
-0.010065680599599544
0.011455809508557365
-0.032400713685357956
0.028367488838484972
0.04362367357909232
0.03624893359740275
0.00397657555616145
-0.0057354401519538155
-0.040213601349020606
0.008136312800248567
-0.0014754111263458134
-0.0029213133087038178
0.013497933618307426
0.0018112544198725204
-0.024417494083423533
0.034305217158626444
0.06687389625519623
-0.016643706281933332
0.010894672303887243
-0.05189548323062958
-0.014199954820842943
-0.04491459930346134
0.01386555552235728
-0.03425743640559405
0.024066723397660434
-0.027126269061992853
-0.021913828696555723
-0.005765950392420099
0.03400476082252775
-0.0765931827559657
0.03324756771745725
0.0184860211198334
0.014946309929985305
-0.013198789171511219
-0.020057424160722925
-0.01413054812083107
-0.013591693093239742
-0.025637238919026976
-0.02861902751264951
0.025530580849990315
-0.030260083719214764
0.0302838562263571
0.03281057116100064
0.01010811169413976
-0.01594602491461431
0.025219584857589347
0.015771900339963448
-0.0199022169678675
-0.08400987742468538
-0.0106941411082504
0.010936217925697989
0.0829852441695202
-0.012322113825871426
0.071800018439624
0.004255469059854874
0.01216639481922226
0.04327862536418617
0.004629125139633972
0.021342752791161535
0.012297682315966552
4.602568924907194E-4
-0.019021901298193842
-0.04384032920997283
0.011145096906743333
-0.055025376307762636
0.018594310338317092
0.030011724611074746
-0.00593992161830151
-0.01412707466866682
-0.019715018081858666
-0.043757412334912316
-0.0028561580069455736
-0.024826663693678835
0.0567153227654468
-0.03853914695257099
-0.023793175407391016
0.008708964859588893
-0.00941857930039005
0.019453242714414638
-0.01747027380643768
0.026509729604706603
0.016960320067595895
0.009727259028852285
0.025957011234388934
0.0010386524424148592
-0.012628286703029835
0.0383111699939475
-0.03786257182965841
0.00996555873138036
-0.002000222649228719
-0.012527751864335374
-0.00887937085883522
0.012240804239294469
-0.005910540129996645
0.023014041258428503
-0.0278159522205754
0.043507355088594796
-0.05096079596555139
0.03353668112585317
-0.06378422730695787
0.010969935798633666
-0.009803216670666564
0.010626766560094845
-0.018680901406709437
-0.02986455185247194
0.007291439082590889
0.024431023691372504
0.037379339412877244
-0.011940673806350686
-0.0045429876413545164
-0.022965808962360626
0.029851337188011518
0.010454754937738741
-0.013830371324251429
-0.03946801383883001
0.04953650778249692
-0.03891820795755431
0.06634682782842574
0.0066093089130422715
-0.016874936493469307
0.010095379277579104
0.009606241581832833
-0.023718687328499903
-0.04352071552279345
0.021691563781019
-0.001685397353816783
0.03661975065825206
-0.03447587102542561
-0.01296595325025724
0.009375042166846521
0.007106244638349494
0.002540648504451855
0.062408437177867676
-0.005419665982226086
0.009998691135343324
0.028512086486367272
-0.01506224505762841
-0.028741654898454486
0.00448584556741992
0.02606020394177874
-0.012755686473660868
-7.85887572920245E-4
-0.03819780155528711
0.07584062754264692
0.01108767269519307
-0.03926114649752953
-0.01258815438888725
-0.0012276812041401922
-0.04194536660761374
0.01686719383070612
-0.004612701974627008
-0.028650029538849073
0.007790697790054542
0.0011331795239312784
-0.007354871680339778
-0.029165511195164858
0.026026726216336078
0.006203864726910348
-0.0038213541081124243
-0.02865649495411082
0.023562174340607454
0.03436213804489331
0.003757918122698141
-0.01242856846353883
-0.0010365219030525064
-0.019529364639996636
0.03908861921719725
-0.001318810875055535
-0.0026187756574363704
-0.001343381757755148
-0.020768199810045688
0.04645373840216885
7.024784914026871E-4
-0.020618646991899373
0.008379803429733766
0.006410922393445391
-0.06429852269885072
0.008471102490498966
0.010078036641074128
-0.001994960623869637
-0.028628407915114687
0.044745638270780944
0.03553181977813378
0.004452063957790419
-0.0015695985059294183
0.012669632060961038
0.044836957568530164
-0.002133236283916637
-0.06081494136763323
-2.204703379869652E-4
0.041678551724996446
0.012315833853451093
-0.026079498607765577
-0.027709830618113124
-0.039719282562744596
-0.01877816840621495
0.011676200704862204
0.0274756347136518
0.010314231014031335
-0.04676290716571012
-0.013304457488653994
0.0023972203888673197
0.002002956268725521
0.0069659858805134825
0.027447113260837753
-0.03658833978408745
-0.042700796682140676
0.0019966968132687675
0.04961995995467839
0.02674922192929036
-0.004072672240462167
-0.007191750354414581
0.01579913004365999
-0.02142077464050927
0.011175647584609809
0.023165825127654197
0.0024234097607179475
-0.03378448404839567
-0.00228847994649472
0.014510722178371835
0.037509468956705545
-0.03061252723202674
0.006561256098028736
-0.028638961846329653
-0.02682623980274744
0.00628931663774094
-0.0191009587368972
0.0011491354143881444
0.0032881639459314497
0.027610795581286873
-0.014496499990560113
0.03143825816450378
-0.01145985795751395
0.0028721447968047924
-0.05297651562539986
-0.013101729656942344
0.009996614904175853
0.04297106859106954
0.008761819893707772
-0.015987583227608494
-0.021044375890801527
0.01906827997678899
0.040409036744020244
0.021744283839205753
-0.017875062694037276
-0.007614456409924364
-0.019121874509273433
-0.012643024304096839
0.0533852794158493
0.020904817783735805
0.022118676347543362
-0.01761152760033305
0.041117258682558055
-0.033331167345530065
0.010877945410065369
0.004584262598243614
-0.04182533322041822
0.002452621020729795
-0.005011049079669295
-0.006016570019529197
-0.020813489916528323
0.015995622213964278
-0.020070288730529632
0.012531100347921164
-0.01305448555860517
0.012168592206574791
-0.0052348531370125725
0.05072641207503249
-0.013617108408802352
-0.025632708411191182
0.03585220245349865
-0.036931297212240255
0.013989802736581427
0.0012275477762461254
0.005172006043503166
0.033475118226301614
-0.03523241988898696
-0.027864973143849486
-0.01760221185826044
0.005850094048355688
-0.009120289978826402
0.035173238823323474
0.003033229469229957
-0.05513191445117599
0.017329676608138948
0.004454993966588809
-0.01611499246598796
0.003353005359714091
0.0032654888927836374
-0.014833656133145912
-0.016537811816846926
0.015275180194951964
-0.005406261700140504
0.031065881247742625
0.03423185822132258
-0.03562464887775235
-0.03064342215069826
0.009552336011044295
0.03040237362984445
-0.012319817615321884
-0.019603925081186288
-0.0015551304403719005
-0.003633868587614544
0.018727780491344513
0.013072183356152275
-0.015277663259465866
-0.004390839929221905
0.007875783540196638
0.03351001783940216
-0.010943762205871885
0.020481382691258418
0.02149995561269692
-0.04390518239852125
-0.02063867278217499
-0.018534683502757658
-0.02168340116290637
0.006027919976355843
0.004303685903735821
0.018736959550717764
0.012502616990505557
0.006406055574907027
-0.03707855038841093
-0.015373925416822101
-0.006790663841895368
-0.008801413280770286
0.10876498736416614
-0.004256530441292683
-0.01895770249805551
0.013144186039028147
0.06038947320992527
-0.01048332149833938
0.019630248611799878
-0.023752329837377066
-0.019731444867881934
0.017774586064447737
-0.01592418018516504
0.0034488490309071904
0.019926646890518474
-0.014754660214552715
-0.012148375170944378
0.005382199583014413
-0.03454317642802168
0.009306445063571863
0.05129437158825882
0.008828090524605536
-0.04244762036647474
-0.0061047399509861905
-0.0038588204590943318
-0.008047898168131064
0.007745209815273572
-0.015251549833938624
-0.02861041244529775
0.008666996131762951
0.023697107912572592
0.053571428571428575
-0.011662955832285177
-0.0308827065839885
-0.037456916750790784
-0.03970461462356836
-0.033513949729312834
0.010034924738038076
0.04241594483260815
0.044645554580772566
0.002355412161179425
0.032247330616160905
-0.028638785416191873
-0.011461675690714325
0.0029845657632270057
-0.0038900672299012756
-0.015574976508865034
0.012680598822272605
0.01274816167757055
-0.010058114461544325
-0.007117877926313269
-0.010169423353517454
-0.03812455223398288
-0.0021717889498337004
0.036292447227303265
0.03338223998489834
0.019499496931059367
-0.017871695618942307
-0.014687366323428026
0.027578405860102115
0.010477047521206866
-0.02379048398573029
-0.0261629504924282
-0.013797632719512187
0.0034896669342010522
-0.0014673135116268568
0.051494404190821685
0.00599761111225041
0.03012294799664904
-0.04722290102419484
0.02062515154398475
0.0133839178151062
0.005261804325641037
0.007458336429373688
-0.029660619419142296
0.0056881462772228365
0.008848865746551082
0.023358994812809803
-0.03142098424957511
0.009641617332960126
-0.03124275663678369
-0.005247301076164484
-0.00947289418507637
0.01602112783388975
-0.03205855247981132
0.033301262595484105
-0.007465517859049996
0.003749584718347635
-0.013419069484935901
-0.03200962146975794
0.012631696359615988
0.013477914603657475
0.009202963325085925
-0.01752261438882014
0.00947356996775263
0.014537201397406496
0.01447860981244942
-0.033319272642154604
-0.004726310661886217
-0.017389841172040038
0.021195604600542255
0.022614150809115347
0.00970352752470879
-0.01695983620958569
-0.006095874733465164
0.026598874078158575
-0.021396996302662064
-0.024801599017756012
-0.03434329247261421
0.030060158588638367
-0.015275301841556867
-0.023147168756668828
0.007598741122358445
0.03150712750421191
0.013688316389138842
0.06703812653419663
-0.012084089064901417
-0.0599351082723326
-5.594547763799881E-4
0.022021767515148852
-0.0016699506785760286
-0.04067635753152083
0.0014599885783451103
0.042244539207010545
-0.02955643564021403
0.03262050300146435
-0.03878788313768999
0.053571428571428575
-0.006951898001268095
-0.009442041105224482
0.021978118972010813
-0.020974615548198305
0.004430427663697932
0.026981353882520362
0.023118740310746524
0.01921934632519626
0.047430277927921635
0.001202189705858411
-0.06260545692067693
-0.05420428617600512
0.007664863186570069
0.012096603808349923
0.018618712599917125
-0.025067924919801282
-0.025041940476473127
0.01703987977440792
-0.020043300063749946
-0.019940935617578967
-0.03243406326687646
0.03053533028910429
0.043782536318577564
0.0019396701619778644
-0.033965355602690775
0.04334101159796856
-0.017129742037026042
0.0021185257733661537
0.009434203302249738
-0.03293530576894859
0.03348863172023048
0.0021492561846576073
-0.04233814650424074
9.315366650219127E-4
-0.024128312961246325
-0.030068591180767882
0.05458068571684234
-0.05666814243427481
0.019390065152385953
-0.05603363083505019
0.025310179273925065
0.017140788436291306
0.007906924357059052
0.013649161329325938
-0.006772291538556293
-0.018865302268747733
0.0034616727522440473
0.024280696240377837
-0.004256694289972579
0.019595304976015616
0.01136420880657706
-0.00370618703081059
-0.019306519206746656
-5.840295956294414E-4
0.01965072002083816
0.020266706786201617
-0.008870779180808006
0.031391252331506164
-0.028294218888137386
0.005975989043924268
-0.023998115512793048
-0.0038334252733988796
-0.03723101479271515
0.010398841636467334
0.019277407895717538
0.013536475312337284
0.0425191621608079
-0.006285535163902175
0.023841389265046718
-0.0276065427490158
-0.002802158184855956
0.05266747635482974
-0.007535721768464582
-0.01508209932395451
0.007055495658169281
-0.02393487349160146
0.007274287555273014
0.00620906651343928
0.03145915163148659
-0.03742974380937184
-0.02067632056727155
-0.012587523989183783
3.25302343528424E-4
-0.007963050053189437
0.03532778507158919
0.0025009414619043824
-0.02605773634660662
0.0033594502864219764
0.03453538114791041
-0.023683174474718082
-0.03344131764956484
-0.010299929516315271
-0.036406590036262954
0.013669609232972241
0.025953409091723948
-0.00951997141543389
0.029581707013587685
0.007950593558059337
-0.011231195221511479
0.02504318987508324
0.026945470993234435
-0.0011529984557446527
0.004097793664089735
0.008905754230549064
-0.020776235306854525
-0.05757610915117568
-0.00914208904447342
-0.01518397292201544
0.034259880967582285
0.016720901019242708
-0.007672128754588546
0.008282327727007845
-0.090385599032505
0.05544072070378478
0.01583326535530397
