0.0023768943235141747
0.025074478989818225
-0.040318001615294724
0.012866628301962307
0.005689254464005464
0.016635618680097525
-0.04541656213148934
0.023091688987386325
-0.006456583736845056
-0.015302008483334413
-0.029243905787868115
0.05100249800804703
-0.002857854863992969
-0.023599652003787008
-0.03345097436122012
0.059908481228999805
0.018398491112987594
-0.0053462143394952324
-0.03883192217868971
0.025779645405197206
-0.0010977954001941716
-0.0023521236660221136
-0.02705010636921212
0.030500025435428388
0.013913425199779943
-0.009392419991814279
-0.03826311222872626
0.03374210702075982
0.01597442922220252
-0.02582268396459264
-0.03965886867775967
0.04950712342014957
0.028459051228819067
-0.00971669096539584
-0.056865061052347884
0.038122700788924616
0.05400893481806855
-0.0436999028009589
-0.024675882733601242
0.01436685071649155
0.0804441119742079
-0.09970523722300993
-0.07321693675479897
0.09247806200360072
0.09714597287203476
-0.15539327014492038
-0.06215311614142901
0.12040041341431444
0.12165370678093569
-0.19919922096783516
-0.11306133949402508
0.19060685368092445
0.07395850580134997
-0.17688272971178898
0.047631354986143834
0.05529286892429459
-0.03809303100378231
0.05826964403035252
0.2573055122783419
-0.27748212530491256
-0.284172800256261
0.2393500758668605
0.09517324681342074
-0.05035052242402039
0.007741411684923115
0.162106330144461
-0.20852896601131465
0.038681224181930006
0.1540187014666265
-0.10900408434763474
-0.17237283885044125
0.12735822173144964
0.09728878041562286
-0.061739944912037145
-0.12109463524977888
0.08554579974619295
0.08706183541701619
-0.07439010960014458
-0.10634419900729472
0.09367247319042321
-0.01695742880382116
-0.003986311992411794
-0.036669100352939146
0.05761284114917181
0.011310189298423801
-0.015549586801462983
-0.01605221372842859
0.020291611231467235
0.01864609584827519
-0.03728454579148066
-0.012035156839284519
0.030673606782489607
0.029303306942945456
-0.011732153119711694
-0.021452797198327767
0.0038816433750939383
0.019228443749963485
-0.008654547544763289
-0.013063585927656978
0.002489689722456355
0.036779890045725294
-0.03509412516556705
-0.008924456085014586
0.007238691204855565
0.03988163174594888
-0.029649758214211345
-0.03585835366832651
0.025626480136588053
0.02834144532155719
-0.01489644239461112
-0.009593529072452672
-0.0038514738544934216
0.04764984609702038
-0.03552879390146316
-0.017226003656642674
0.005104951461084799
0.02039280261802153
-0.0062343455407529585
0.0023915493723958917
-0.016550006449664555
-0.03779690513978229
-0.043873359520941624
0.01950906683609952
0.018756180168385407
-0.005624503329719564
0.0014819333855433832
0.02017732473880464
0.009859937119608204
0.011877436064543993
-7.549878032507805E-4
-0.0014267654786905529
0.017867090318475592
0.018973214285714288
-0.033869394084684395
0.02606351080250479
-0.01884288403909641
0.03105361707982115
0.017142922539704876
-0.006607894460487498
0.0015505290754920902
0.01730652799344657
0.0427924687152045
-0.02427199957804854
0.0311263975339783
-0.019044659404048016
-0.04381949669969916
-0.024666629919345227
-0.010201953409085786
0.013384585410877206
-0.017800644432001463
-0.006091282295626818
0.023221990839635952
-0.028221471051060654
0.015441970082302173
-0.009063069439949466
0.07469272058591998
-0.004700967944632116
-0.023890202317776013
-0.030573627315672577
-0.05172610702841219
0.018121749410117693
-0.034376859364588105
0.011676272739503906
0.02731314365486473
-0.017557561712869596
0.016559328340393514
0.017198402736137784
-0.02121172298957372
0.017196454852615537
-0.03397770881422338
0.024101851258172772
-0.054215649588063186
0.007267368446791728
0.06473758489585217
0.01512676268923984
-0.05245327932411083
-0.02694748864676609
0.053015702064646286
-0.03783723945337037
0.013788123795202674
-0.0017439800518947411
0.00588873453018369
-0.022558589647139998
0.0414779812948262
0.012031597536725043
0.0021391830585818505
-0.022474361866392182
-0.009464722987320984
-0.02015806696337185
-0.020884746751471152
0.008184906733465475
-0.01240826873178041
-0.011336488363929953
0.019402308139748935
-0.047109976315642454
0.0669841107336588
0.0
0.012787590514493744
-0.01767023909035713
0.04566642881759765
0.01207515754657902
-0.022527575017312833
-0.002382238579908536
0.027083081216528936
0.008288591871012737
0.010031150747344397
0.07491455583689516
-0.008112513776428281
0.035274475264287446
-0.0121447250046081
-0.02627019603984995
-0.016401093685506043
-0.027325663889853656
-0.016736754900762922
-0.01569116962500458
-0.003439463283315375
-0.010119112748987101
-0.010543314350921613
-0.015272259218858657
0.019941723742614922
0.00497207002939741
-0.0016252694584201546
-0.005462707885577256
-0.023819734488291763
-0.0431286723651427
-0.024579816007728135
0.0423771758080116
-0.026923049547043058
-0.003492280798554055
0.034934023649026716
0.0025007624939470396
0.014823899015037504
0.0033678806309584697
0.015489439027834175
0.0029735041468115925
-0.008774565873777077
-0.020068802949214502
0.031197449034916377
-0.0544753124420395
0.014124690710228982
0.023986146144505595
-0.037462412292178296
0.030842877039280854
-0.0027545692957323814
0.032775314191595205
-0.0030761823923299916
0.0115637046439982
-0.016617471337471386
0.023574455289071553
-0.008400110654982355
-0.01967760415334216
0.021858782484528404
-0.03716041190278546
0.03146728699397131
-0.022391558145294123
0.012642415772289837
-0.022257784467741907
-0.01575017528507428
0.013416449384378745
-0.012563845149910317
0.028158367231085953
0.030491175006811276
-0.016374589213578195
-0.013489436926273236
-0.0014406475365805315
-0.028940551238481937
-0.027295341423005194
0.03071033218589142
0.04966557627501035
-4.385944141072737E-4
0.012192995395562602
-0.04270139368409619
0.007026760221859342
0.028111014649370908
-0.012910368330150399
9.340357016640512E-4
-0.0701803372060677
0.006356649761298294
0.024677527553585148
0.008930333604912768
-0.019831552958421234
-0.0040809814460263365
0.03286566218056722
-0.0041576670963992726
0.005741319451687897
-0.01784936103130716
0.004421272515687179
-0.047097876100833484
-0.030274050338692765
-0.029500466375473752
0.04673300333191069
0.012881393874055888
0.01563084447044784
-0.01431863564886375
-0.004402274242391025
0.023995463626184262
0.03898331134974445
-0.018999728319741067
-0.011497251238906967
-0.0065289622879089225
-0.044213369697085905
0.04549551873291241
-1.769820392495125E-4
0.026803509873850544
0.025480864357710513
-0.016965898891616187
-0.032624215371063386
0.004812308327552611
0.04949514657374503
0.00797664382181498
-0.02578864838340049
0.008750251199688865
0.05032600381715243
-0.013631382262139556
0.01779316279295138
-0.01320221820415004
-0.02544325495171383
0.00979078786443429
-0.006887997286099692
-0.037880907285852444
-0.038581830251636806
0.015628209412879207
-0.004072865385595689
0.001421951589666192
-0.021431565370526102
0.012418426883372125
0.04445450662900233
0.0064411171442632755
-0.054133346848989836
0.06520057457727078
-0.02718614798934359
-0.009847965612110456
0.033991041345913034
0.00784479962991639
0.06225441319561627
-0.04541540388997646
0.028714024422092498
-0.015150751064124349
-0.028203450671085085
0.00868590503982307
-0.0545735323379893
0.020181674249446443
0.006535915010276963
-0.022497401060523392
-0.008510872754756583
-0.003766816485332669
-0.00907428545532743
0.001327764468551912
0.0035493546010507485
-0.05081673469245594
-0.0508532068376783
0.06401506102629012
0.014854807764824077
-2.2823049624082561E-4
-0.004203527606643942
0.00419181935313636
0.04332008435364965
-0.03599450758513523
-0.01368187213862935
0.012420188123477182
0.01402090756838597
0.0031041710713747422
-0.0032062105159212507
0.009185152945371663
-0.013885479625866708
0.03509342212988363
-0.03921520682787644
0.048513097264920306
-0.02589104028275126
-0.012142605822204777
0.006831717896132343
0.009313943923039119
0.05257690315096788
-0.03988316107696643
0.021664948821009233
-0.006172079390498019
-0.019543338419483663
0.006740533668196793
0.026283242707089066
-0.01177774617401018
0.014829834032742625
0.021482289196439082
0.028169943545260964
-0.013575519873269264
0.022990459194915075
-0.018699403794925955
-0.008314550474480462
-0.017649986093149536
0.010762441946241076
-0.020960020416204043
0.005350440324036497
-0.007690128256410461
0.020083119329523343
0.05292127324138976
-0.07346519014915673
-0.0013275410523731416
-0.02307955022104862
-0.012705626188299764
0.009718123439593447
0.02797932790153331
-0.04652436393062957
0.018629958339842198
-0.04170954501049525
0.034901952845244485
0.038208441951589796
0.016474484265556665
-0.017076475734280054
-0.00837460336748488
-0.037559552776069066
-0.007590738375898236
0.01127222782434079
0.012974024980155052
-0.006546830614701089
-0.04743396217319004
0.05284457321897797
-0.010757158400777594
-0.030426678550816075
-0.021810648262625645
0.013329790783870005
0.009259410262379378
-0.02446971039758311
0.030589423806118794
-0.011713933153022313
0.029207839650151373
0.06646203942762349
-0.04931867913274313
-0.008942677258751891
0.01169120675997368
0.004378674232412134
0.008252027635108176
-0.010209764961745485
-0.045698504435057956
-0.01470408823123321
0.028128405437950067
0.006192410126315107
0.039356770988627186
0.03905252822629682
-0.01409173723852885
-0.01999172745627742
-0.014777238714771495
0.03461352511392716
0.016993825915629448
-0.0037717813574567605
-0.018393302110505726
0.06589821977318569
-0.0412165086316314
-0.03630371267950222
0.014374390938893132
-0.039684875052003125
-0.009010360660157542
0.022003293989327828
-0.018160455153645918
-0.01221294971662194
0.024996245172922097
3.130688182925046E-4
-0.0015364197608472435
0.009090008390896489
0.015833853741335783
-0.04321177516090114
0.007870040458073949
-0.0477529035473615
-0.006365787965581387
0.016194481892576263
0.007518938090424157
0.03124872981946808
0.008788232376534734
-0.0028130026468634814
0.04329891569294746
-0.024608574033344526
-0.02995646680525113
-0.01951210413220334
0.032025290163227485
-0.022778767650801834
-0.014599959338515253
0.0026146687384697794
-0.03390061326691645
-0.004039283783143929
7.71881756786344E-4
-0.008100983363939846
0.017616697110538093
0.027294550064673982
-0.02683000343773171
-0.014283150613264196
-0.016683290588468704
0.011743690987860926
-0.03433268025671048
0.019003338602876937
0.06945379866907413
0.013048514873631779
0.03024214110070085
0.02741884436397917
-0.0071557986117672225
0.03355274640537964
0.01251307241574065
0.012932002863600071
-0.046985671267777765
-0.045558843470636975
0.03536359553838254
-0.03832957403830282
0.0050931259510139625
-0.01387935895290745
-0.009013764887046354
0.02618751604555197
-0.004928522894113628
0.0260503276076723
-0.014850246523593517
0.01631684032854877
0.006456359315026056
-0.011958196295532394
0.023040121417372716
0.030175537461368335
0.00721239883594218
0.026281301970935644
0.01027368952345542
-0.04650902698110932
-0.006996007929190754
-0.008806881556707648
-0.043095360096601996
-0.021561432435460413
0.021884000557654604
0.0035701912896593524
0.04240366532370593
-0.008572285217439156
0.010257207452133769
-0.03905556169018791
-0.012240637761848031
0.007208264851135019
0.00979059217621502
-0.02456389237943014
-0.009804917773823
0.019740435237457356
-6.498363714699355E-4
-0.030203001850576686
-0.01779930820737171
-0.011692073489293096
0.05221873841931909
0.0014402491717647528
0.029731852467091518
-0.07346165623446685
0.01558911595711255
-0.009669812809066508
0.026242439249232863
0.029759558256908212
-0.03802072088004652
-0.004349458826576897
-0.033322310913125
0.004597243264728516
-3.479068341293119E-4
0.03337967891829709
0.019315775332797075
-0.02367651828590123
-0.015470640063346065
-0.0012712378236649294
-0.03634557031913024
0.015219177944793058
-0.016559561517010886
0.010311987774534417
-0.030499885340950876
-0.02536242946401202
-0.0027563397456574074
-0.005592602038604316
0.01787374805555167
0.01863400520411803
-0.004923331886547319
0.06289595976630313
0.01936025460184123
0.012319298506276935
4.3863330291942903E-4
0.062024879108112
0.013634590260541129
0.0030380208853136303
-0.0489079600085353
-0.023066496954513106
-0.001240269465225225
-0.010497490297717967
0.055743957665529996
0.01628980718365878
-0.04021929627182439
-0.0101745081769983
-0.016393925913400262
0.018973214285714288
-0.008719918943929823
0.014309331524674333
-0.008819505659197313
-0.0705293399019869
0.05556235542534184
0.001048246215759975
-0.03645284475936732
0.026543151247776363
0.005159632072160494
0.05013676305757524
-0.07529750881370534
0.025124690963783797
0.0023884876156137214
-0.012560338578452263
0.026828091104454298
-0.021152621502393082
0.011650888849064196
-0.018692464384851934
0.004420127424634088
0.02624820620005823
-0.017226397045059218
-0.02800200465490489
0.010755544226230158
-0.016241234581285
-0.04217846417538377
0.06684105964014483
-0.023401151991417027
-0.05617184716866732
0.028007297261688015
0.014645934281950997
0.009981272350222906
-0.0014434822145209004
0.025156522195919562
-0.053149873391416566
0.0165197503886806
0.005564219791971872
0.016537392815185015
-0.009736454054237995
0.044900596724397016
0.016965953392869472
-0.02341260442069589
-0.01780839770787586
0.002036410366366887
-0.015442290005930729
-0.019616950693389843
0.0017689188491500918
-0.011320403854207316
0.060322124973420654
-0.04918316828096458
-0.015842625941714344
0.06377440146580532
0.010988865030353581
0.015817702562092355
0.010628897135761695
-0.014127499530052436
-0.0046748913518741865
0.010938828460487236
0.011856459988235334
0.05038754435916036
0.06318974108840471
-0.07762420157206021
-0.030370137775398702
0.011152406650984853
-0.020819370640020964
-0.004627061740965773
-0.022783557255798313
0.018525325819509608
0.06716086339973967
-0.060558359117360475
-0.01200933023153922
0.009608199054007768
-0.045628691799713114
-0.0031863915250154584
0.04363207248535874
-0.05648869514977456
0.022429223184384964
0.044672605722578654
0.009200705513874353
0.01236940027128827
-0.023111189521659983
-0.007263054457661965
-0.018294424622691246
0.0077503758287877245
0.012098977239740516
-0.027417958617744348
-0.023808349709364667
0.00892769206021302
-0.03358306851443614
0.003995440434210616
0.01856597016464421
-0.018418804172331233
0.008433512218026885
0.01114157265504142
-0.010712010898388621
-0.015183067599029147
0.04718195019423475
-0.045419627233989505
-0.017044291851794076
0.024377002578618433
0.04890331265707436
0.011187982445954807
-0.038852419934286425
0.03546036037347822
-0.0077572932986180315
-6.319239897676354E-4
0.0091795466469656
-0.02188600553849057
-0.05268797018447262
0.035747721773452104
-0.034255455228458395
-0.022179928553829588
-0.011679857726956268
-0.006478513022261791
0.03184938881808079
0.06220375555105996
0.19014465356765836
-0.058798026368174015
-0.051333977968513585
0.059139369095937394
-0.004949814454127385
-0.017387833633153334
0.015368951580172235
-0.05400193621994917
-0.025901900275481636
0.006119814127442429
0.002557947714642574
-0.04681706430603197
-0.024921369391580586
-0.022499084310698192
-0.022630961118195222
0.10992016677812057
-0.01273377135160951
0.005388370348953906
-0.04463512025375241
-0.03966342370823346
-0.026579433040227383
0.01563050279918126
0.06754758203049124
-0.04548269840953031
-0.0028471959871166977
0.06582398647330283
0.08373770105323208
-0.06348044225421433
-0.044860243487682666
-0.050933355660501424
-0.019456747783316852
0.06884438643006491
0.14423340827161923
-0.06915000135890273
-0.03873735279754301
0.005018452191170371
-0.01382835211021861
-0.010907488210889216
0.07348244236450643
-0.03480890346438658
-0.006344610798346362
-0.05171341344622148
0.035863533279680476
-0.04394240742348402
0.027090570655299483
-0.048205223771241965
-0.11272303719115331
0.11999650107651014
0.018408030672529614
-0.034759670270883586
-0.0024588334641514713
0.01038200536810297
-0.041683150156723914
0.04381744367967369
-0.034647048042433674
-0.031275501935395134
-0.050330346369922764
0.05965966585444324
-0.029389922986449345
-0.0062122814102739815
-0.027750502872034566
0.0125210436027483
0.01530172744135478
0.11278419160590725
0.265976954762767
0.0160563164952073
-0.01559545659802608
0.07361450650024966
-0.025548430766781975
-0.0648619920423786
-0.04095199824517155
-0.02595690659467431
0.048465093206183876
-0.0880831035817571
-0.010591530513517758
-0.08695574359486952
-0.022855160981752005
0.0461230953955058
-0.06693803751895344
0.07854650605217693
-0.03328418707753785
-0.008104814394816194
-0.01990796981092644
-0.025743778478016795
-0.003198112784882176
-0.023236595157706222
0.08953970411704862
-0.031952371539647834
0.005842065977082436
0.06687221773070678
0.06966924105871658
-0.020631596833769552
-0.06633904001099836
-0.051282459485455976
-0.03178112585049738
-0.01616641468230949
-0.005936351122722963
-0.0556237599871644
0.016208362015405334
-0.040072304336385436
0.021165729620584887
4.069821377577394E-4
0.06429838555031905
-0.005981044299694614
0.006651900347712398
0.02528005828879079
0.03521017470845744
0.02562712571614519
-0.013528572477690369
-0.10929463287083326
-0.01643970263307542
-0.02118928741240526
0.01327099037547559
-0.014886441725685859
-0.03236685262129492
-0.03645924112449315
-0.11035318457190314
-0.015901159700024203
-0.043125083045132975
0.06026280717736703
0.02137315940903085
-0.060448485503554264
-0.08534964161644268
-0.015084050940344491
0.019950852876367477
0.1377855534335728
-0.0249398084909338
0.27874864807159644
0.12062033030379594
0.02228382087359948
0.11443509606507664
-0.017311840304490345
-0.039481237487323545
0.015422750773786277
-0.03757011287145805
-9.301000274638573E-4
0.04345093624053768
-0.033350424418211955
-0.10151826561486359
0.039755836777695716
-0.0025596803429720327
-0.10518665972812787
0.012347035952963756
0.06673848667949044
0.005461452780199681
-0.05391820241915246
-0.028780911467978593
-0.04069633739605101
-0.10044131233244835
0.04027025084117201
-0.037257532822940524
-0.006164170448134429
0.06072911111523016
0.06493922414517711
0.01875771375487441
-0.07466504063821852
-0.0318624554871048
-0.004239383613441373
0.040579297260141305
-0.008104973416244853
-0.007729054740814083
0.045083662646375186
0.05413573627191299
-0.009158125237464558
-0.03975282911261207
0.0575307274916965
0.06335198637984195
-0.13750919782474016
0.007188854572385338
0.016817274012469578
0.019528747123704636
-0.03459663207134592
-0.06723235184811216
-0.04978630220382453
0.0024081817372559404
0.017566206661842367
0.02390436435925669
-0.13150682230240235
-0.02853614766399665
0.053366685013069085
0.02180306175501072
-0.045981200510751497
0.015464803801208375
0.032044891427321774
-0.031672647403223606
-0.038464694754035696
-0.07052581487337942
5.644825371786989E-4
0.11153196342954454
0.023203249453882906
0.010811541953780875
0.1743926971918502
0.011396923403010108
0.06938466599202704
0.13736836045025824
-0.07589285714285715
-0.08938501588337965
0.07137591290076191
-0.06210200964753386
-0.037946428571428575
0.030672637688266464
0.0
0.03355490448726236
0.04702623102948558
-0.03682682422379384
-0.05500722493894654
0.08160564622013254
-0.0035712149823290146
0.015180056957778597
-0.01609819777797829
-0.10631986162106173
-0.05063431473611182
-0.08760897208201592
0.16763724156708598
0.01392052436075954
-0.02670626524992628
0.03767217898678185
0.0
0.0021357164478923232
-0.035818750948022386
0.011526343885691568
-0.048125315472894364
-0.050485638910261615
-0.025473966375552264
0.0725245087884534
0.06081169485170365
-0.034666734829513185
-0.018973214285714288
0.005636005260607972
-0.01299395350453842
-4.760846624904322E-4
0.017775411891819824
0.031537484031829904
0.0
-0.1336700196263286
-0.0316250840151652
0.0015968719209720691
-0.06613032015893877
0.01456530912899097
-0.018973214285714288
-0.02538580931915828
0.030607451431268976
0.02362904792495915
-0.018973214285714288
-0.008805183258675062
-0.1395642771773274
0.011626046415027569
7.34317929463997E-4
0.03573170800506805
0.0
0.06836077747050237
-0.037946428571428575
-0.043555945165219545
-0.0036280336818714856
0.258259528669747
0.03951686729428218
0.0
0.0
0.07371567983008381
0.0
0.0
0.0
0.14470561449702135
0.0
0.0
0.0
0.02001081192464243
0.0
0.0
0.0
-0.16447360045039755
0.0
0.0
0.0
-0.18016316596346268
0.0
0.0
0.0
0.08645492378598213
0.0
0.0
0.0
-0.03703152353423718
0.0
0.0
0.0
-0.04614296400007105
0.0
0.0
0.0
0.13561400871194623
0.0
0.0
0.0
0.0
0.0
0.0
0.0
-0.0296186212206717
0.0
0.0
0.0
-0.058364032505130586
0.0
0.0
0.0
-0.06725955358234974
0.0
0.0
0.0
-0.17289089425265117
0.0
0.0
0.0
0.30394484510860875
0.0
0.0
0.0
-0.008501528349313385
0.0
0.0
0.0
0.0
0.0
0.0
0.0
0.0
0.0
0.0
-0.03809303100378231
0.0
0.0
0.0
0.0
0.0
0.0
0.0
0.0
0.0
0.0
0.0
0.0
0.0
0.0
0.0
0.05826964403035252
0.0
0.0
0.0
0.0
0.0
0.0
0.0
0.0
0.0
0.0
0.0
0.0
0.0
0.0
0.0
0.2573055122783419
0.0
0.0
0.0
0.0
0.0
0.0
0.0
0.0
0.0
0.0
0.0
0.0
0.0
0.0
0.0
-0.27748212530491256
0.0
0.0
0.0
0.0
0.0
0.0
0.0
0.0
0.0
0.0
0.0
0.0
0.0
0.0
0.0
0.0
0.0
0.0
0.0
0.0
0.0
0.0
0.0
0.0
0.0
0.0
0.0
0.0
0.0
0.0
0.0
0.0
0.0
0.0
0.0
0.0
0.0
0.0
0.0
0.0
0.0
0.0
-0.284172800256261
0.2393500758668605
0.09517324681342074
-0.05035052242402039
0.0
0.0
0.0
0.0
0.0
0.0
0.0
0.0
0.0
0.0
0.0
0.0
0.0
0.0
0.0
0.0
0.0
0.0
0.0
0.0
0.0
0.0
0.0
0.0
0.0
0.0
0.0
0.0
0.0
0.0
0.0
0.0
0.0
0.0
0.0
0.0
0.0
0.0
0.0
0.0
-2.0752929581036028E-5
-0.06686496803099959
-0.1405370218210183
-0.07675005747466215
0.32602188900640017
-0.08691711073270227
-0.0075663597330022925
0.00781165732616473
-0.26986613700454903
0.277006622009413
0.028016673753398127
0.06001608805515867
-0.04839358738734681
0.03888178689874988
-0.08844225821069207
0.047603536275268823
0.0
0.0
0.0
0.0
0.0
0.0
0.0
0.0
0.0
0.0
0.0
0.0
0.0
0.0
0.0
0.0
0.0
0.0
0.0
0.0
0.0
0.0
0.0
0.0
0.0
0.0
0.0
0.0
0.0
0.0
0.0
0.0
-0.020196793469440685
0.03914925482557394
0.0
-0.018973214285714288
-0.010072284168866342
-0.037946428571428575
-0.025206535136680967
0.006360279845976299
-0.07069169642244115
0.013219385434606452
-0.011916613609182579
-0.07114809722400095
-0.018973214285714288
-0.037946428571428575
-0.038803628903233564
0.018973214285714288
0.24533944718231138
0.0523851346818231
-0.08889877080350068
0.11719607794576631
0.09365749632315862
-0.126688438618559
-0.05519324748262543
0.0013070790453236104
0.04326039699503773
0.033277404730813157
-0.048284851181260864
-0.035819310277592255
0.03264227109670924
-0.03807462141495473
-0.12754588018700747
0.14078988783141766
-0.03348166839153213
-0.09014253002298282
-0.0182080998296274
-0.1280338387604066
0.028007653492903288
0.027138850933340935
0.10006607028701099
0.12179404729615781
-0.11111070003167037
-0.011368262024363631
0.085737151684986
0.06475848412444608
-0.009619891614545593
0.02000683758190246
0.024081835184011094
0.025547306903790742
-0.0015191753785969535
2.569626312880352E-4
-0.02815816035432361
-0.018973214285714288
0.013702936004687985
-0.018400027374206634
0.006176985402013975
0.037401892866254546
-0.016302257896758092
-0.025316886957629264
0.06492251556871001
-0.1117456289250147
-0.01062381796861607
0.09144570838857047
-0.011141609489730978
-0.02207674465495458
0.1773433678923204
-0.014746388101090071
0.012290406917756451
0.015254423233754848
0.023970431612530457
-0.03839444209804897
-0.024858512534515632
0.040931345135736305
-0.01939186853546439
-0.05190601041277415
-0.07168015339902582
0.007713001359812698
-0.01840905078578088
0.006291941176594569
-0.0929272286070609
0.05626014883017835
0.08760527600572557
0.005496477582421569
0.03484174737199416
-0.0026476993082576567
-0.10192996587389087
0.055344260796724824
-0.02679823245467358
-0.08251210609901366
0.05543255650961336
0.004016421562213927
-0.05349733643238398
0.019891631430275232
-0.016516616450603927
0.08294870368003171
-0.002680094899189068
0.10311130672347354
-0.042490177402343565
-0.036484090199165264
-0.026137553428066118
-0.04973243632625683
-6.035538561055291E-4
-0.032005689388782496
0.050593097035170995
-0.008172212606856267
-0.017253755133023126
0.054428586883624244
0.0879672745922725
-0.03468390387962106
-0.03614465490657845
-0.018658644355613825
-0.07122748165217777
-0.027923771387791778
0.03606868246109645
-0.05530869082527847
0.04435794315208171
-0.03169258756006644
-0.03840289881879368
0.050146356609918785
0.044102893932494766
-0.020414855739530335
0.007231957214551766
-0.06971876718037648
-0.05047776372687282
-0.0404447097032634
7.790504823693874E-4
-0.003189970642436966
0.02503635888241621
0.1406082256436194
0.19959646963018235
-0.023175348800271167
0.03680737590234125
0.045298652224546515
-0.009415071546536168
-0.02981450771204526
-0.03871937302000923
-0.023093739264521577
0.02641217303853839
-0.009335815289422013
0.013012910030601052
0.035263276234048735
0.0012521352614182218
-0.06798666140683753
-0.02452978881690289
0.022446015001496115
0.022309353839821265
-0.05062156351205556
-0.09038645368917513
0.0017326764251497963
-0.04346394089964942
0.02264154157241526
0.07358962959484418
-0.017676744347797806
-0.07456089152418624
0.09667079735950261
0.04697287758528751
-0.026043537442127382
-0.043037609461986426
-0.004949262840503845
0.03104792078068863
-0.0532288777878623
0.09404190567997175
-0.045293503152036396
-0.06195522873615175
0.03922571626389401
-0.05046330667231835
-0.031039389973641668
0.0959882481155233
-0.07766532061687571
-0.014145385177430407
-4.0572170519913645E-4
-0.022198348703955473
-0.05093852337942509
0.011656367960387944
-0.023882674572343984
-0.05055585094696051
0.015258176766120013
-0.008223076324337775
0.012806239178197454
-0.07536890579198191
4.944712775283577E-4
0.0024913893547189626
0.06904764377570474
0.023088724435826297
-0.027235727707674483
-0.05233206329948538
0.00770538283812576
-0.059070249624376785
-0.03810151619027509
0.024943385557907614
0.003242734640266077
-0.0040676861228931445
0.2479374757341991
0.0690568354625973
0.08192018616006704
0.011453557479284511
0.14529407372368863
0.005388092327640162
-0.06457019717061971
-0.021535197724221824
-0.025566873718964305
-0.020371447970653607
-0.0753639097376476
-0.08986665736728913
-0.005301197239377206
-0.046951587161425085
0.06848480580253169
-0.023475821767673585
0.08869411931768566
-0.020632492290523486
0.0016329741676447754
-0.008432331492850203
-0.07341908014805607
-0.03993188418282513
0.017055048127130178
0.06490654432898837
-0.011194420610860397
0.016340208471645287
0.0890297862231637
0.09695846188287492
-0.048381227451499455
-0.003022264462660105
-0.03407505073908256
-0.01169223121550524
-0.0968819855196216
0.0421914919753184
-0.09001351426862665
-0.026780723784256142
-0.04002342088499924
0.0525504457151261
-0.005766119870779341
0.060212538608078826
-0.012362221249418368
0.039691492074586894
-0.02954929710045881
-0.0024781020172091883
-0.028946903669362582
0.045632386180569244
-0.044996942790363766
0.005077690055159324
-0.08553343422314365
-0.01784454712379574
-0.0022372539862986207
-0.051608947521051544
0.06650502794887325
-0.04779833831864935
0.023033384483021554
-0.0324799506274154
-0.03633095971637611
-0.04601684172398894
-0.028166886707898818
0.030921196908751756
-0.004842873582931877
-0.045238977776783124
0.08959667541580528
-0.03784912609860463
0.2259042181735354
0.04700262478801501
0.0064625590826741415
-0.0041885638122604076
0.02349466796516776
6.228094054400307E-4
-0.09376322429136887
0.016219038273723355
0.06822376868499201
-0.02868304753923688
-0.05033948619122529
-0.008745713369180508
0.012399801780769257
-0.008164250010257505
0.023110524815589936
0.06278806747982965
0.020622258354344516
-0.0016329945723410986
-0.010681190247132053
-0.03906974432327426
0.02159224468403917
-0.048061233941845985
-0.0016009960397044276
0.02165667980964244
-0.0022423342593393156
-0.012904620468697052
0.04782316405174886
0.05762279216613404
-0.021437401163755872
0.009318372060943176
-0.06590390081906966
-0.021706362863562922
-0.007162583673929721
0.017646227156147234
-0.011415814702083305
0.025706432975396005
-0.0422934345778703
0.0037761082878836304
0.01738052202413502
-0.0043482362727577245
-0.06085870136210246
0.036064866860090944
0.01972134585919194
-0.0025775237424366625
-0.01767378956971785
-0.023246788568141868
-0.015827229127979407
-0.009202995870649445
-0.039195188376400424
-0.039511621473198144
0.008331290319200758
-0.0319750932502307
0.01357498118392901
0.04888415262202553
0.03018538695696596
0.013506223594997221
-0.013566275485098131
0.012261313201380932
-0.021880791703275143
-0.050420950039091646
-0.007899060485638244
-0.002061728509784073
0.10284825321086896
-0.041316264484707106
0.07271265753207795
-0.008270933715204744
-0.014451619386220443
0.0376449309587238
0.008581858041324367
0.016638376156170094
0.013501731922248088
-0.004624278702405279
-0.032818984923353334
-0.009680193700222339
-0.0019375892599995392
-0.03217567163868601
-0.005733513811461519
0.012069379296020125
0.004779773784353748
0.012262088455444957
-0.01274278228055319
-0.06912986081680605
0.03336945729923951
0.015128662232961228
0.025853577658108508
-0.041458231474109
-0.0304623176573402
0.02155200573195351
0.0025702320495233286
-0.0020120964639017275
0.022423887478367748
0.026600664457788165
2.1249933351126515E-5
-0.009675039053585592
0.03245314902196296
-0.03352168324836036
0.002300030858435098
0.0484533698947702
-0.02458445109234866
-0.016159249634476267
-9.71157114407345E-4
-0.026689120116382192
0.00936488869566858
0.007655718711134529
0.004992744726019462
0.031139402815813497
-0.03647648168899855
0.02217556030646338
-0.020959876417853077
0.01433050083489898
-0.054233512337637776
0.011097822549770507
-0.0058052604853744
0.03715917525491776
-0.028624837646808184
-0.04969279372657205
0.017004061091222208
0.03854260333697133
0.014882830906965967
0.003320434719476726
-0.012518220884004203
0.006428474868967575
7.298891669608107E-4
-0.018372092583294482
0.0017761728082762718
-0.01919971127004272
0.021980655002105477
-0.014927275429207111
0.05912347553323673
0.006751213627770605
0.0050041731527939275
-0.013722067948952404
0.01017843178606503
-0.038399172765986485
-0.038999002876969835
0.03421449680746105
0.008892228009357489
0.0284395095642569
-0.02592563803344864
-0.010854293116358483
-0.004738028583813059
0.0043500887364121155
0.002710532906419618
0.051576741194093154
-0.00816902316067715
-0.005630216647552096
3.231068090657971E-4
0.010935564028511346
-0.01859482628737482
0.008936662478999352
0.02538902789495656
-9.987872198586462E-5
-0.02693867778442766
-0.050857666547559424
0.11526589733455028
-0.026152506187061608
-0.010351844139769726
0.021149955577250912
0.002165465545131806
-0.04779634745011514
-0.013293302704082313
0.02453339285238597
-0.010302727698552817
-0.006196749193424902
0.01784167156024878
-0.008232991454024124
-7.678473337663048E-4
0.014468584085897712
-0.020728039601776813
-0.002391800257773708
-0.041176163639123374
0.01546135887595422
0.026335065563213904
0.026453856047721137
-0.031842716582538316
-0.0034574327374218387
-0.01604967421544818
0.0307580961180315
-0.018764377673417876
-0.01112740553324911
-0.00334118310407373
-0.012006471141316925
0.03189577611097135
-0.01599573287338601
0.0010864933745159868
-0.023524363531384568
0.0014534274368012828
-0.020459407914534256
0.01744129633676554
0.018973214285714288
-0.028161086472584966
0.007752279486244337
0.04431105632637068
0.04429608805650504
-0.008778416495352097
-0.005391721290237407
0.02628653567972044
-0.01072294908500384
0.007569098082691045
-0.009577177946873626
-0.01100879646092456
0.015674474965864972
0.020048939426637453
-0.0031264017116639092
-0.052707671327953565
-0.014960479418575768
0.007938124414935918
-0.012543812191858007
0.02565026115036312
0.008865970731462246
-0.01320826915980768
-0.0037799302672331253
-0.04157974418674962
0.011530032951849772
0.004755426082405173
0.0059565535813288495
-0.004724058820392025
-0.039126596786439434
0.02394885493375662
0.029114138108218647
0.018651073042451064
0.014653235136878873
-0.04414511215957133
0.004736375968424758
-0.01293249494806331
0.006205714435722737
-0.020227618070771253
-0.0028905038721804763
-0.031421913265231805
0.017035248849300563
0.02085186171740866
0.028836730091080648
-0.017106317559010306
0.0023318871050193694
-0.04218995559280711
0.003800875417253609
-0.0059476552714660055
-0.042368037701772374
0.013163766486085735
0.03435979754653298
0.023530962845550302
-0.008349922209266648
0.04240073739550608
0.01790308517514474
0.018973214285714288
-0.023275360268708023
-0.02176758418332845
-0.05449950812937416
0.04441464797783875
0.005001438821187712
-0.0076045882389382796
-0.033484751166436025
0.04416314107698695
0.03243769816593866
0.008590187816386177
-0.012477335239784539
-0.02175149449637727
0.0024990137742018914
0.01094991291591372
0.01819391715360808
0.019375007170699655
-0.015518210664941872
0.011900549952373033
0.051508424062145154
-0.04770432968000124
-0.009956811295512024
-7.561048311865333E-4
-0.019414720250597216
0.03596856612278952
-0.008809702617839853
-0.033469055418776886
-0.005742722504769884
0.020279573054839926
-0.026130148992688527
0.015074643266127572
-0.018252664925873942
0.0238751430998734
0.007780535817227976
0.03186936861962897
0.009173111957841429
-0.03741421469552197
0.028297430134265233
-0.02295249190210453
-4.91362710933529E-4
-0.034136977925065475
0.003606777548469813
0.01406182955528995
0.0034046908781384
-0.009497822844386283
-0.018444085709058256
0.021340192402303868
-0.028894745180805544
0.00987984259319253
0.034885383514546446
-0.05033728664979877
-0.008004451228656385
0.01765960489255747
-0.010795283645787586
0.002890977455385378
0.015244499813765786
-0.011036332975991214
-0.005187308049234375
0.021435584240557096
-0.01902681181733644
0.006937423146032171
0.04936472425086873
-0.06824414898553419
0.016976776385765828
-0.008334935468630978
-0.009176810360668431
-0.004536531811965588
-0.021806947576637366
0.021067256307107922
0.0064786927760010216
0.014969454287067627
0.006411556143339655
-0.013784677123093104
0.00788569356587527
7.089817391524502E-4
-0.008203006284008121
0.014105565530453258
0.033799541285666576
0.02633856187442999
0.004942038110389915
-0.05779063794716263
-0.06805605334668251
-0.017179605529557048
0.027144092709391235
0.03721216576565928
-0.005891524702114542
0.007103287213513894
0.021023154662856355
-0.03421163374156125
-0.014969843621195588
-0.03450676782680265
-0.003577818091126726
0.09784948693425956
-0.016368032692702976
-0.010548635632055357
-0.031727479336790244
0.07661504596771274
0.016209311677846908
0.00548192060344261
-0.022505569482900938
-0.010289562688150922
0.03457555101027271
-0.02669854376848817
0.03680727095290393
-0.01381414097999566
-0.02936918147499987
-0.0019185394794914781
-0.009143539394029086
-0.005960422827337407
0.023900435399153167
0.03250535041066649
-0.002344364809143011
-0.04003739303171003
0.033529916584985706
0.001818804580418918
-0.025311803764230457
-0.015885082392012223
0.020563855336524668
-0.026678953231249795
-0.004365571170628954
0.012230642060928817
0.03667215392445464
0.017066859491572932
-0.02174178440496658
-0.054986650912421234
-0.059192098343190655
-0.045654296780759177
0.041950907263120805
0.060390948308099865
0.017722350024860924
0.011341590166965763
0.008318401560489734
-0.0346450016360938
-0.002770680943418199
0.01625409159658817
-0.036523132568689116
-0.006528127812456944
0.019525931626488663
0.015625118096593765
-0.018803155904973008
0.015476845068829646
-0.021216567054707397
-0.0467677720989183
0.03413887377635447
0.01598531102619735
0.00931886731586732
0.014959295212701798
-0.03186031950342934
0.010223136847142171
0.029206869546606937
0.013992294299897894
0.03588918919457661
-0.06626725181350396
0.004875994781969447
0.011495557197156461
-0.015178629612003842
0.03798504092981787
0.018481168873783198
-0.0030774482352134737
-0.07026705650485122
0.05426886080729254
0.026915575797428183
-0.01204240617452364
-0.008708889400737857
-0.0047015704008965195
-0.006761170594131571
-0.012501955895639745
0.009035294087547475
-0.0021270465750265477
0.007634349577802915
-0.0412011908282842
0.007069536113854205
0.002889824186029394
0.02233684502166794
0.024383478760305846
0.01860993780607351
-0.018853060886782694
-0.0035066256695367335
-0.005567788576552959
-0.016436705951341442
-0.004508997992204777
0.010018478317804988
0.016137819557645615
-9.394465805755235E-4
-0.008275129418432853
-0.006378498514304831
0.035883110310656816
-0.048058774746514585
-0.02376909752292239
-0.005272134213031184
5.417953010537404E-4
0.01045893342648985
0.006130465940235436
-0.025692606431315622
-0.007680042308128818
0.018389643582995965
0.01124967543832105
-0.004501686168576066
-0.028277966728604633
0.007993626446543674
-0.028480271344458366
-0.027117415265770307
0.024826777811836676
0.04027125879256527
0.014398636924698916
0.09838866179553679
-0.03230932674372217
-0.051757324753093074
7.302328990946294E-6
0.03852430630042572
0.019867346708249148
-0.06283790512673872
-0.020473694154708354
0.019766402102533012
-0.03136902040924166
0.04010254632676425
-0.03555923951598901
0.05119496708590056
0.021344535414885506
-0.011268778858903233
-0.0037391467549401846
-0.007230772054853472
0.03292642059689207
-0.006148371660856973
-0.01251206586873849
-0.002991787315330341
0.022820781107467523
0.010689427820515358
-0.04084936345915617
-0.07180410392424334
0.0147839706353791
0.029049835199377372
-0.010645973183025778
-0.011759464010282002
0.022408006781496043
0.0035936413218532765
-0.0019799402007053876
0.005528346021531119
-0.030674671333805442
0.029203988090039042
0.023904828323939586
0.01872294868727349
-0.05670547596334444
0.03377424456497765
-0.006441526055607591
0.00345951860515687
0.027858668821115897
-0.005658023240754928
0.02631849896257436
-0.04191304769636615
-0.05912502121384918
0.012895808063461762
-0.01700743830466819
-0.04839794377835729
0.044326810736994196
-0.03913215727355624
0.022217720894616565
-0.033527412144758725
0.03163188425397396
0.01590832798126381
0.016991454400886744
-0.0034257223555643306
-0.03171741470369252
-0.007681322641540859
0.026927850248698718
0.033114948778418474
-0.031596288590260695
-0.007959939469451149
0.03794568379891717
-0.003890888768749226
0.005776997217428276
0.024670788260715518
0.02173139527446264
0.02905445547548604
-0.028520401633280835
0.04059341048012599
-0.026858231065972543
-0.0010441157243778754
-0.05389041737859807
0.017330402059536683
-0.030229734554027998
0.020709722246899626
0.023389320386466014
0.0038622426632387748
-0.01434349961779581
0.008963308405944764
0.015013575033130777
-0.04259153847784812
0.03934271056638275
0.03719414201215719
0.002666025998520463
-0.001380578006459958
-0.020865053897871397
0.025373987514306036
-0.03711560562959446
-0.026156095563091834
0.03543180891839834
-0.049482174987097116
-4.4126122087806766E-4
-0.015385739461362681
0.014536046400752477
0.018789234837511357
-0.0065976730486358125
-0.037863122318563425
-0.026332345042429914
-0.003066048525277646
0.04860762926345822
-0.012557620951315084
-0.053427755443304685
-0.025343910975103294
-0.022498334700747198
0.03447449259622263
0.06918078872347373
-0.010393395299197326
0.03691669695348511
0.014473932468631158
-0.033956097610660645
0.0011179039027321338
0.0815918350571427
-0.02982521048757473
-0.02224712431462921
-0.02130712198621823
-0.02549188747190778
-0.03826853312480322
0.038098774975200894
-0.0037077028321276344
0.024383973121475402
-0.010169852794257885
-0.013245686438129192
-0.0025745926788672286
-0.07002481748821739
0.08118457202920203
0.006633996676486023
