-0.013466317817178525
0.019645145686423206
-0.03052649250698912
0.024347664637744796
0.007580218009880395
0.01587583231458474
-0.04226933925299288
0.01881328892852737
-0.013596000754278099
-0.004697087791784084
-0.025306274377556587
0.043599362923618205
-0.0010713447385228315
-0.019866490272562556
-0.028621783614258968
0.049559618625344165
0.0021327379048045464
0.0023548874375507924
-0.03055198306373176
0.026064357721376094
0.008038267586479683
-0.016838728077735746
-0.023785929014346237
0.0325863895056019
0.025490870073050686
-0.01186326891565187
-0.03231619604583
0.01868859488843085
0.017459785769261826
-0.02390658505073531
-0.02520113631307802
0.03164793559455081
0.018439115699739637
9.549874018122059E-4
-0.03639571812965195
0.01700161502810013
0.061498777604246456
-0.05610206744811876
-0.017060371641436388
0.011663661485309479
0.07839040173738027
-0.10043832158036878
-0.07030548092812319
0.09235340077111114
0.10221985264160025
-0.15275359651425685
-0.07244676423153062
0.12298050810418719
0.10257123978996319
-0.19443184738438823
-0.11733281026003961
0.209193417854464
0.06828961899230278
-0.18539823983931936
0.0516139049802063
0.06549471586681041
-0.028037777459676914
0.060443004413477316
0.25294413918887765
-0.2853493661426784
-0.291008417240159
0.237672567289632
0.10593149004873761
-0.05259564009821058
0.021075325930333736
0.15540634551022742
-0.2100887080318904
0.033607036591328826
0.14972273193230845
-0.11294605253272862
-0.18125460080585065
0.1444779214062706
0.1142942947985332
-0.05331820940405122
-0.14819433275277988
0.0872182473582979
0.07994269432763593
-0.06427757230484038
-0.11855228449054349
0.10288716246774765
-0.0010956944482567975
-0.025986285124661827
-0.04295217429690231
0.07003415386982087
0.008102067108935226
-0.027504092832296857
-0.016390710315503914
0.03579273603886477
0.005037874094221993
-0.0140966464496966
-0.007176118895114471
0.01623489125058812
0.02948820405996662
-0.01922025297073251
-0.013247232608362915
0.0029792815191280186
0.027850344186237316
-0.021313876986212076
-0.008586168007145928
0.002049700807120112
0.02824880634202637
-0.023529762317721067
-0.013944527388418684
0.00922548336411305
0.05087646920173698
-0.028432699051083317
-0.02396337094577395
0.0015196007951196674
0.04010863556933176
-0.039294649798472844
-0.006662557553611604
0.005848571782751964
0.0309683236254754
-0.03833425419453584
-0.008376685399763523
0.01574261596882407
0.027250927510021235
-0.021019519496391127
-8.00852097690069E-4
-0.005430555915940561
0.0013669491911537726
6.489586670505917E-4
0.008947373648014338
0.01077867006361376
-0.003403923861798243
0.046230661309362917
-0.03396118208562198
-0.006629480952446705
0.01942693180766244
-0.005460190525544518
-0.029605773259813124
0.012363096671657315
0.018683263175838596
-0.05190668728879194
0.033229303272716115
-0.03417428765023189
-0.010444488114837523
0.022821065744880874
-0.02241714014250134
-0.01159697606966413
0.03476944184947012
0.035745516466636325
-0.0033124250286732486
0.061352074992291686
-0.0510099112433314
0.009187915741282887
-0.019971032556470376
0.00663573672548012
-0.00984523007772292
-0.01419045004020144
-0.01045440889943236
0.002375456339215591
0.009896576764689358
0.008588888956773882
-0.009018261653428106
0.06082917104155746
-0.01099865715467055
-0.04777296024670849
-0.01041489498712465
-0.08657235200411349
0.017549711476947158
-0.04160896916841813
0.03978284686226101
0.006635656755849484
-0.02130654162373949
0.030372310352417484
0.012255634944333599
0.011255347176383953
0.00831993866858402
-0.05570161855363749
0.026963912661087306
-0.0424028028634562
-0.012903315955137273
0.03675623540442225
0.05844661710934411
-0.0414555225406483
-0.03713448517734359
0.02727501999860782
-0.029536234990153593
0.03320034162833369
0.03343773951995742
-0.005682784609917188
-0.03624060927209402
0.061005233609795935
-0.01220665204907484
0.028604059563090187
-0.031186919050643587
0.023928488046217895
0.026433030883487998
-0.03811165006665656
0.01327404314113241
-0.025238129142895988
0.011431363052660593
0.0035599171918572897
-0.05799608396567442
0.047480688234328716
0.0
0.021964703011019004
-0.021134666475339528
0.01677802563637141
-0.0048860886435517364
-0.024470878897316303
0.00947042831407921
0.0273500841046529
0.009191785580879967
-0.02711893994844356
0.06745687913037827
0.021429728170898395
-0.01660095925621719
0.010364990391401478
0.0010160624065767287
0.015978021466163228
-0.013703278497065739
3.681371812629189E-4
-0.025701452735351432
-0.03426868645376252
-0.03160191855649848
-3.181021611073564E-4
0.012796624122200739
-0.032044356540660304
0.01285724543025854
0.00364624632401973
-0.008790264269221963
-0.01831945143912821
-0.0024916723771004415
-0.04683905607644101
0.04068556175908627
-0.030685027249720904
0.010357647264231124
0.02563645663075348
0.008991117314423919
0.013849610571912098
0.02756092074073603
0.0
-0.0027289658013667263
-0.0038627239450356957
-0.03817207294793368
0.025946651013874507
-0.036661882196050516
0.0074796925436165975
-0.027094235371405612
0.018771007974885748
0.010394153893896203
-0.0032810064518530233
0.047853540008070836
-0.02187003240476216
-0.008506419202384805
0.02298466107423972
0.010855137353201235
0.00910525282643726
-0.010455773679395113
-0.030638355008632434
-0.03120941189075072
0.03668863841451611
-0.03507729104304662
0.033413143023947746
-0.03473591369308594
-0.0052918329732069315
-2.4135673163352966E-5
0.028403049923725887
0.02455357142857143
0.011595336946476123
-0.002543149878851911
-0.01823426683102085
0.015805593969465057
-0.030686694242312934
-0.024888112580577194
0.0500792018001179
0.03147175687568837
-0.005136544099199553
-0.012645090531459569
-0.04932781492223515
0.006318946793270178
0.025664950876787607
-0.01486585689040014
0.01816073502658057
-0.07394240220468183
-0.008954711163576164
0.0183583214538674
0.049890632046881385
-0.025924095925303113
-0.009785224779594884
0.04111170044640255
-0.04015788369356718
0.007019628497350779
-0.015463327893951363
0.009020977802556767
-0.014720418924252646
-0.036605831593744934
-0.018952391136717213
0.0381386803309258
0.011519236493421153
0.04452745182804235
-0.008819281929403166
0.017547911897934677
-0.02376340579765586
0.02760974734775837
0.01862188096192796
0.0
-0.0017237195344501103
-0.01658962133202016
0.035000932765616916
0.001314634938064007
0.006373318046612522
0.02089999261205691
-0.03270935048413128
-0.037076464682648386
0.002534401456070902
0.032078187838986416
0.001477253347882481
-0.018468334973940626
0.004256504615832435
0.044909064693265166
-0.027892237755655882
0.019665408633173953
-0.008335852825661714
-0.021791114504947175
0.017746472247466456
-0.020725943730095092
0.012025800754033207
-0.02893134367445619
0.021945928195215857
-0.007834927708937803
0.020588157374608347
-0.04294846241862224
-0.010898491963925089
0.015464923529939303
0.0159412744160762
-0.02300921688788412
0.045674643125827544
-0.052813919575068445
0.02084084548739329
0.05751646040900414
0.012162497610573923
0.019955940847162484
-0.03854519967975839
-0.0027360191251885758
-0.03643602647621923
-0.025728636255508343
0.02751391302303073
-0.028042930668095156
0.01844449583253812
0.006257992662066803
-0.020921330602437282
-0.007793177113548532
0.010290328147950119
-0.0015132396732562906
-0.045106717242649065
-0.008387542019227484
-0.04041655666234173
0.0013952609922477776
0.016120213972053564
-0.01878189462078783
-0.005611422617519894
0.006213059872836178
0.004352480450185416
0.06746073340640436
-0.029036968486687777
-0.04449119686810748
0.06668485484818944
0.03136794504057816
-0.009586061173357864
0.0054349250236980775
0.0
-0.029437337097234766
0.035361651502979735
-0.006535604053194706
-0.0040901131511710195
-0.0018808976657366666
0.025174614063895248
0.010124123062137502
-0.018523090961286626
0.02052399983295665
-0.043761593668475214
0.05134590422655975
-0.015958846357004064
0.026180365590740055
0.012697897471590796
0.007834411572750546
-0.0012380589026707166
-0.0030289463400297147
-0.002399660776422192
0.025270890565604845
-0.0013556111043889693
-6.38158538108356E-4
0.016766128661158574
-0.019890958695629943
-0.025463837018872896
0.01710722912553469
-0.0010676421152289693
-0.005143785233420581
-0.04349752635780264
0.02575985754640953
0.03051690055201812
-0.07497863659224828
0.016602345281415357
0.005034429933404746
-0.006677334514914708
0.015811168674215607
0.010685800605972743
-0.015356560254882579
-0.021460781661987966
-0.02464169505901603
0.055548691032007075
0.02896399739351363
0.009769944896737319
-0.030286232792614033
-0.022937007602479575
-0.05363227184003922
-0.023589921159052667
0.03280215106011119
-0.007910113147188551
-0.016730186059214013
-0.022839071900159612
0.04880011476638415
-0.004157763641638507
-4.959468203043771E-4
-0.010127812891474852
-0.0012681099236220971
-0.005334511394071118
-0.012525625454660523
0.06873135788209887
-0.030903115242415985
0.00862884270151553
0.055147712033823904
-0.029079491203495216
-0.005203411624664825
-0.003871469053020247
-0.021696564807589372
-0.023125699064929256
-0.011915091673312957
-0.008515202740718424
-0.029029824492783105
0.017093413614413876
-0.012479194882036075
0.05299322931086364
0.02043136305723542
-0.02707149670600402
0.05387529903408486
-0.001489213080491986
0.0709028912892061
-0.008999083712768582
0.009215604725591884
-0.017663748971095135
-0.0036046174482361974
-0.00442285919394983
-0.049073460635362
0.04764632293860901
-0.026243186441721744
-0.005466543998891835
0.023917799270834185
-0.031753554414271946
-0.0041192390193770835
-0.009007390005700253
0.018600251144231195
-0.0018909179406180186
-0.00835501786652837
0.025913812078399035
-0.05377008027063821
-2.0998121466079406E-4
-0.039570743289282284
0.007557082667850429
0.027364048140605043
-0.050392153775598914
0.009169156518806634
0.006538467185901051
0.01512626689224761
0.047133191735936344
-0.012493123787192986
0.002043014255764331
-0.040655131348941935
0.04776246399959746
-0.015824243921871137
-0.020545392395731225
-7.502920355285934E-4
-0.008400561752947455
0.015211320496211118
-0.03516433489902658
0.007226669560123082
0.014997292564802006
0.002941152214018203
0.0012414183271238716
-0.029885716804654093
-0.03257681229679216
0.0024168075931734027
-0.03198422663395202
0.03086650433288954
0.07644448663781578
0.018811417406687105
0.045652821666357
0.016379503252398044
-0.026866778203818924
0.0696585299753593
-0.0014733861092820662
0.01339709989730238
-0.031220079805776447
0.002541168337639073
-0.009388994422852945
-0.03400666771781236
0.02839665956866051
-0.06398248628762931
0.013599010140024728
0.02084646528363643
-0.02975789347529053
0.0333533450960163
-0.024867302427957844
0.03585028862926938
0.021198715610165886
-0.020517708789583814
0.022100013208141568
0.03684387782994112
0.003595975387757357
0.02416720969899766
-0.022425806355293145
-0.04936635479417818
0.018699687122296756
-0.01979200942866435
-0.004320596412259126
-0.0372998769973139
0.008271412695715082
-0.016717181881831272
0.05024017356483348
-0.0038714321922275474
0.01204293024327733
-0.020006018964865195
0.015178653685925213
-0.022901450853933452
-0.0057746814015346105
-8.737200569478003E-4
-0.03058408286283973
0.028887647940318062
0.0014845119421379646
-0.005673340644459065
-0.006592817834668127
0.04119358315047842
-0.04789604274931558
0.027343087513065405
0.021788155583218886
-0.080526351466983
0.019803398999440894
-0.006744048877586357
-0.001986233012250878
0.04100737820461429
-0.039352749223496915
0.0034367708680591996
-0.022992642234048913
0.011091141836273827
-0.01638358882966883
0.025185789631758798
-0.004894403654521699
-0.01923908316988639
0.010147181786182015
-0.03744664249201547
-0.032704394682294954
0.010076440722131371
-0.018103445048846926
0.026328550746566624
-0.022080431133852062
-0.04287666175073671
0.01327894989415896
-0.05258832471179308
0.050506546791968504
0.02329421178521619
0.008445655546423632
0.05898335799302196
0.014590155177711103
-0.008559077002635439
0.027543703053407052
0.046888369176947775
0.024823100519997518
-0.024411264755497236
-0.040767596706213105
0.0022172482796150167
0.0038506642834920633
-0.01356934753031027
0.02195806700500278
0.035741080527409624
1.6403273176579525E-4
-0.05768167986318401
-0.016694487703801227
-0.01714225451113822
0.014741551243767425
0.029304969390184114
0.008037333681223856
-0.042170705300150726
0.05840661941841541
-0.028440102277687354
-0.008735037726046054
0.013756347752828166
0.009059903243748578
0.05957577789289632
-0.06918002614150923
0.009114880734541898
-0.013823271069865861
-0.0011789315804782083
0.01796046534568749
-0.01459722763461592
-5.479987820268539E-5
-0.01032804050822616
-0.0032724373220704255
0.025428510069286512
-0.013187165327163006
-0.030719037834050826
-0.007380371109756707
-0.024320263695176716
-0.04364068612172145
0.06249945829251695
-0.020034493135832075
-0.02237225085955459
0.020540247215166816
0.01528120273538583
4.574476766318822E-4
0.0023412174255689894
0.022594675785824685
-0.03044724315123193
0.017757615721027797
0.019000961160737642
0.0019180297016851526
0.03308266495504696
0.0047021417341876455
0.026598180146537434
-0.041803736707649974
-0.010418324560045369
0.024406218397420118
8.504513904849E-4
-0.042641535576789284
0.0021831687965797666
0.015703461370367273
1.642329409247377E-4
-0.057049696910590045
-0.011793641643335502
0.0667453603989894
0.011559816862942942
-0.0027777243642921334
0.007572970609907505
0.032792071998262895
-0.03155493341180396
0.03433085465550109
0.026321888174256434
0.0428627748949815
0.06461543644757654
-0.09692210480445128
-0.01931449456490692
0.0011334230095932235
-0.014734224080235309
-0.02843756633556229
-0.01373541522121802
0.004726341829187384
0.06345969547591862
-0.05254193083546928
-0.034967314699415775
0.04230106254277033
-0.03276613348717984
0.014219700795848748
0.002749705488662678
-0.0567371280994624
0.024194389259709757
0.06031406312468909
0.005890368092631684
0.007688743618027079
-0.049704421334579994
0.02060566157729877
-0.011156808216077053
-0.002594665901560173
0.07852385333778954
-0.04329782414433155
-0.023136832974447942
0.011244965573871734
-0.012707852239386891
-0.02561053218018028
0.028451317546349206
-0.025893459826504567
-0.01633603219352842
-0.01096292609641169
-0.014131494364380158
3.4212742623629736E-5
0.03334685522765788
-0.04571568134260656
0.007704181917544304
0.02209153088628978
-0.018159605389709964
0.027768067596173632
-0.031092891068111382
-0.007749602917612695
0.016853482832846056
0.00972891918161313
-0.04139500426213027
-0.004955667511529547
-0.03672495640649538
0.03858475404004236
-0.0031494349701241195
-0.02197431857603234
-0.001474969164141313
2.7594755176980207E-4
0.04308377758333667
0.04738311650820547
0.2495878793416714
-0.06881113026240904
-0.09592139998714996
0.05052841119482869
0.0010149241399905334
-0.007366137826403697
-0.020474600987029856
-0.04402359707447633
0.01966491948181167
-0.02057735393258696
0.023869738626581732
-0.10458137230787404
-0.025961221161252573
-0.032100368634556606
-0.013143632931132555
0.149793719924234
-0.011928934774861207
-0.007887175167970835
-0.009026815535813798
-0.031332510826878796
-0.05968163569894457
0.013369425983615594
0.10407185113915829
-0.02509069897104664
-0.046148915022453336
0.0827042571148092
0.029009504276873908
-0.04943693942209172
-0.03284728386883676
-0.015559429289170312
-0.0449742189750972
0.048657451590589276
0.10460159673031222
-0.06950024247475914
-0.017124734765700936
0.017772217617410338
-0.011163838439697316
-0.012433689862358838
0.06472690105361362
-0.050115586487689
-0.008835534237611934
-0.042736049763413685
0.04009144739627877
-0.019224919202032703
0.021688286211348766
-0.05656907079000108
-0.06613805253784491
0.08790089791070883
0.007178380450287843
-0.027055083657159355
-0.012690056144427224
0.0
-0.041572308825505284
0.05818398105231251
-0.0186170220697826
-0.0512662887061249
-0.03882289025608778
0.05611179629370132
-0.022823555858427512
0.03143038588439992
-0.02455357142857143
-0.002527325297905985
-0.013282116931630322
0.1119693369802302
0.2888627986366335
0.015002401628251217
-0.007721484159497544
0.05329520564202316
-0.02242890777968371
-0.04637518288793134
-0.06682800315323845
-0.03762153774144488
0.037015112368155856
-0.07300783040312053
-0.017165558713408646
-0.0816047296847186
-0.03145205643600199
0.048136252998466106
-0.10569245018179257
0.12597637160468872
-0.04391903073817568
-0.009815975001145984
-0.02614544257859137
-0.03152241050624359
-0.027543022768915553
-0.0026599931569886853
0.11470114991774562
-0.032744554644675766
0.020144335436680524
0.07787576173796851
0.046878986841880396
-0.015191954880569968
-0.08012996042850404
-0.04297966923308114
-0.04385129446914236
-0.003535247108609316
-2.512742805444862E-4
-0.051394216395852774
-0.01065314098650702
-0.011843788371437089
0.02661843713869281
0.0035535662148535735
0.0617648449553792
-0.016434198596415664
0.030185406150765336
0.0013948246455419873
0.04565485768195794
-0.007087954036958444
-0.022485467076865405
-0.09181748139130583
-0.007774528143312712
-0.01973536843611463
0.029085463013331876
-0.039503966423285304
-0.016144972709986775
-0.03511031412737178
-0.09558087825742191
-0.04592628014087403
-0.051457144063646626
0.08620810845030857
-0.03402273509154467
-0.0619500621038141
-0.022377965675342597
-0.019187258505003628
0.028473019903360784
0.12503600252793057
-0.010520664822536219
0.2553330487970071
0.12115300871414039
0.03822855907225281
0.12305475715617212
-0.00865836831132017
-0.03894092330037552
-0.008109821124777788
-0.03546706358774749
-0.0031939481791320584
0.00567281381959956
-0.010236771260521348
-0.08517236029457281
0.02907127730091188
-0.007487934925220925
-0.06447161954952131
0.005627352891904639
0.04115089421980832
-0.004728281865542106
-0.05025626893607977
-0.023159342275721632
-0.04079047858998487
-0.09089898268933319
0.06427605406434622
-0.05657999748939548
-0.008204963856558084
0.08652734260837792
0.05018329292214645
-0.008830239584090906
-0.06969954829019376
-0.0639365856252406
0.016705611097915248
0.03642968247439335
0.010209109520704338
0.008278760386818261
-0.020097792226877374
0.06807718132371901
-0.0029360306196028457
-0.02233906824714022
0.034745575230179
0.0721439051668114
-0.14023771827327428
0.02280341255945642
0.04367903626850135
-0.012322411671945102
-0.001169717020925467
-0.06581811450998011
-0.09560721918402815
0.004873016959360096
0.033480419627397506
0.02041946359411502
-0.11143872791126108
-0.04894225878710741
0.034367059066242836
-0.00919304773540442
-0.029722276847660246
0.03783734583494574
0.0394530836501287
-0.04063266787781556
-0.05246602597162018
-0.05111122810690427
-0.023629015660443876
0.14741042408584784
0.00919015451768642
0.025155564970385274
0.17628266128305226
0.024958245224830373
0.0789470822916155
0.11487833759880003
-0.0736607142857143
-0.09997748653945465
0.05220926290580551
-0.04668886351117337
-0.04910714285714286
0.054546883705212254
0.0
0.050591453011611436
0.013892000700238336
-0.058716671494349136
-0.04957919144415577
0.09189856258832932
-0.0016205181044894774
-0.02622798376548875
0.006038200344333963
-0.0954248264889561
-0.045757412062142455
-0.09579284290708553
0.19727849920463214
0.0015414281116422138
-0.04183755308710167
0.0409908275225306
0.0
0.007010172068976604
-0.030066809666893048
0.0012277835513496904
-0.05347809564434052
-0.056130081298323156
-0.003803153267521734
0.08947851781025094
0.03227821884996408
-0.02122531206561203
-0.026160523484984637
0.033454102183752096
-0.02908114749142867
-7.641993337684258E-4
0.027550776599951296
0.012194548140318843
0.0
-0.1505271194843043
-0.019103668313527646
-0.014668131633281963
-0.07401500025903318
0.020058058647054858
0.0031980695746090942
-0.011031087695067658
0.00817874826013331
0.013020128460340556
0.0
-0.001209391144507209
-0.12542968558474632
-0.00754399638869426
0.0
0.028730016969060627
0.0
0.07764862718584158
-0.03429302685885885
-0.005995107387747392
0.017096112980697697
0.25460177008711266
-0.0045796910291005105
0.0
0.0
0.07717769157452492
0.0
0.0
0.0
0.12544224974604687
0.0
0.0
0.0
0.011248327504572402
0.0
0.0
0.0
-0.14557864983284138
0.0
0.0
0.0
-0.16352561840729535
0.0
0.0
0.0
0.09497692903426258
0.0
0.0
0.0
-0.05345563112199394
0.0
0.0
0.0
-0.06339391934429323
0.0
0.0
0.0
0.1364622763371223
0.0
0.0
0.0
0.0
0.0
0.0
0.0
-0.015276867217874685
0.0
0.0
0.0
-0.06957150413904123
0.0
0.0
0.0
-0.07815212696402882
0.0
0.0
0.0
-0.15997617436683184
0.0
0.0
0.0
0.31042831002417337
0.0
0.0
0.0
-0.0068052928265026295
0.0
0.0
0.0
0.0
0.0
0.0
0.0
0.0
0.0
0.0
-0.028037777459676914
0.0
0.0
0.0
0.0
0.0
0.0
0.0
0.0
0.0
0.0
0.0
0.0
0.0
0.0
0.0
0.060443004413477316
0.0
0.0
0.0
0.0
0.0
0.0
0.0
0.0
0.0
0.0
0.0
0.0
0.0
0.0
0.0
0.25294413918887765
0.0
0.0
0.0
0.0
0.0
0.0
0.0
0.0
0.0
0.0
0.0
0.0
0.0
0.0
0.0
-0.2853493661426784
0.0
0.0
0.0
0.0
0.0
0.0
0.0
0.0
0.0
0.0
0.0
0.0
0.0
0.0
0.0
0.0
0.0
0.0
0.0
0.0
0.0
0.0
0.0
0.0
0.0
0.0
0.0
0.0
0.0
0.0
0.0
0.0
0.0
0.0
0.0
0.0
0.0
0.0
0.0
0.0
0.0
0.0
-0.291008417240159
0.237672567289632
0.10593149004873761
-0.05259564009821058
0.0
0.0
0.0
0.0
0.0
0.0
0.0
0.0
0.0
0.0
0.0
0.0
0.0
0.0
0.0
0.0
0.0
0.0
0.0
0.0
0.0
0.0
0.0
0.0
0.0
0.0
0.0
0.0
0.0
0.0
0.0
0.0
0.0
0.0
0.0
0.0
0.0
0.0
0.0
0.0
0.010553113017459545
-0.08337738602074944
-0.15294930073378488
-0.06523484350308437
0.3072640325369806
-0.08525671307264737
-0.0029344082116932605
0.018599656036991534
-0.2684018617337005
0.2823959055459187
0.02780095494544829
0.06413649129107091
-0.02833995789040621
0.04164453905770539
-0.08200595403186062
0.016105732766350897
0.0
0.0
0.0
0.0
0.0
0.0
0.0
0.0
0.0
0.0
0.0
0.0
0.0
0.0
0.0
0.0
0.0
0.0
0.0
0.0
0.0
0.0
0.0
0.0
0.0
0.0
0.0
0.0
0.0
0.0
0.0
0.0
0.02455357142857143
0.02531297655810281
-0.0393134349692147
0.0
-0.027405234542991597
-0.0768245342517313
-0.014058955173592876
0.034911337947566345
-0.06837265223281357
0.034065331592016274
-0.020427694378701875
-0.09821428571428573
0.0
-0.011872859717470177
-0.06501919445879631
0.011657210673182133
0.21892507418453563
0.052922480744061515
-0.057109617476308994
0.09252609508469274
0.09397857866232805
-0.10483296785442311
-0.05999811833966029
-0.014404205540891928
0.02069141176523265
0.03283205873682156
-0.03622972759904607
-0.020228151114701283
0.026145269871976268
-0.01354227729555907
-0.12596238806561524
0.13195905152618964
-0.023584423147350413
-0.10229013482165891
-0.027866788086857865
-0.11466051567783334
0.02808765607587889
0.05321782164299595
0.09821428571428573
0.10287614211275813
-0.10582629896885454
-0.04859700209676785
0.11076794483417585
0.07145631117689488
-0.003055265692394159
-0.005398162277154596
0.037905218640507714
0.03468470062011193
-3.416933073865057E-4
0.005125641206732763
-0.020749000711089337
-0.012374905078663158
0.029016733866055258
-0.007356316736299625
0.025530146471911604
-0.005546024543961865
-0.0314697618004294
-0.004692929490660559
0.0514031203969209
-0.09724638313769154
-0.031620234230049796
0.05898482152826576
-0.038340397604768754
0.027081543072903717
0.1947652317084945
0.010088810735712734
0.0027987997846005176
0.011899686929562489
0.013368000982982239
-0.023130454508579847
-0.04141548550825465
0.03224890272109043
-0.012969036623286002
-0.07049670097159674
-0.046964227910735935
-0.01460887573785223
0.03423437747040142
-0.011522421385821218
-0.10624768483253022
0.04902640307614627
0.0765705756191096
0.017074598061453596
0.047208784070491644
-0.01717622368978415
-0.13423376503325798
0.04502618688454582
-0.004143482944524525
-0.04244493610622139
0.06899507115287638
0.007718537382901923
-0.020900485559121138
-0.006125764303712925
-0.05523888369929606
0.08736194253582016
0.009811179377090131
0.07590301176185646
-0.05600630558726151
-0.051285437174374233
-0.026735882220428202
-0.050949676254800895
0.007490221045331288
-0.025644769208235753
0.07651891571573399
-0.04475690881142008
-0.0119790376109822
0.05316868343090955
0.06302756252267719
0.0012964349107442395
0.00432344400951516
-0.04321941070608728
-0.0813072238763444
-0.024029318216867095
0.07122621584816735
-0.06767763309103572
0.008493513180353685
-0.020572325987953
-0.033012501475221674
0.04140200363841492
0.021000649608406488
-0.0012186295335178416
-0.021496506929624834
-0.04917321288688398
-0.08735777307830965
-0.03338926859385419
-0.031742806079414376
0.0269910678588048
0.0380185089181153
0.17211573519488166
0.2331341848398821
-0.014097196099785518
0.009831439886625166
0.05768728896178815
-0.001806334261895217
-0.052221093973361596
-0.019495636569447722
-0.0182765966635391
0.018466076604814318
-0.03232424284816773
0.0159825545480715
0.029640826510299555
-0.03222106128139117
-0.04232556056739777
-0.03182704981113396
0.029575132656947334
0.004329917698635945
-0.08856690854873371
-0.059731909928937434
-0.0024191437011309436
-0.026878237010962175
0.009200686863099515
0.05897193703132539
-0.0036414200773176655
-0.05945174206326988
0.0898859983787737
0.05248798193030403
-0.030961641374446576
-0.04262598943991437
-0.0034993032999126525
0.030870524818212126
-0.04091680380845396
0.0904412760255488
-0.05739897126037834
-0.04856652825923254
0.03807471348304542
-0.03448243037534341
-0.026060554097408033
0.07705500237756371
-0.07529471094948156
-0.006070095952576744
0.009214736282230287
-0.016614553416611732
-0.07872501093853135
-0.022770083017846374
-0.009594766156044675
-0.03936018744235455
0.01889756289157051
0.021090652736449906
0.015583039720144042
-0.0648612160671625
-0.020236344688225306
-0.02674844944185855
0.0633823987621066
0.036009621594535066
-0.013032392612066679
-0.0740722103117083
0.019049828641797807
-0.07938478759845086
-0.005318051145307892
0.03960721957907103
0.05549433589819774
-0.03991947758384924
0.21783375392259777
0.07595929253218403
0.07481574109812704
0.04059995825940272
0.15762103941080288
0.01326139894256717
-0.03787518527217958
-0.06150747520939636
-0.05835877464974476
-0.02967499977021462
-0.052179092566925926
-0.08343322020695725
0.0019590981753905487
-0.024254760934386176
0.03726317342144565
-0.01781717778050498
0.07791527934892281
7.648770207495936E-4
-0.009004462088993831
-0.017519195497419718
-0.06415667052439541
-0.05175548945336261
0.019936829544430913
0.07430765973934171
-0.04818756227597342
0.002789559979733276
0.07574789083228628
0.08920620069651951
-0.01520272707456252
0.004419665085840619
0.0026079021776060293
-0.021391684709236948
-0.0958810028566147
-0.008278832502012713
-0.05401926663439268
-0.028708976733021453
-0.030120895853313748
0.025643510588200774
0.012553565374470351
0.07551979665640726
-0.02789055216444431
0.023811683860801087
3.086648572655608E-4
-0.004828220051750589
-0.046820933203003144
0.027262822700347685
-0.04695359342942661
0.013558053520132146
-0.0792311597390395
-0.019652466479411625
-0.02279882183883443
-0.05967094862584995
0.04411232278401513
0.019145760780214946
-0.014639182928739662
-0.008103410229336035
0.0036715382527034157
-0.03330592183862642
-0.06333170273030567
0.02353165180415779
-0.00713021725435131
-0.02723179496088189
0.051581255059504824
-0.056695185929390095
0.25773537149342884
0.027006742363136407
-0.015013948346850589
0.01763998097564353
0.019160095579579945
-0.007888479112559271
-0.05321502561705372
-0.012458406844467813
0.06255510210998688
-0.03138928329249758
-0.024983265654697245
-0.053934916797196246
0.045008303147502704
-0.03879613127268004
0.03329424661695759
0.07145539393328282
0.04150228653954854
0.031692914201108834
-0.010718446997745093
-0.036367060218054664
0.021687773872311203
-0.018191262881577012
0.004741200925935926
0.015072543453096526
-0.02164645477947342
-0.024061183138835422
0.02609911534889913
0.07321355012665698
0.00496508862029588
0.0010675450752036407
-0.0812155600964695
-0.009013123267694535
-0.0416042125484987
-0.010301851317541265
-0.029518888881225662
0.05404755378199151
-0.05060649135153127
-0.00780663568758232
0.009068726494814352
0.0199091775616755
-0.06062550797658727
0.041702174644070396
0.04329653488210035
-0.0028632806294754927
-0.05765901665472574
-0.03558465912363909
-0.00146589146503847
-0.021030609897886837
-0.009113618869962077
-0.0200934443395959
0.016564830692989276
-0.03605672522351687
0.01978127076104373
0.06310208274263836
0.01561754648370026
-0.015081755954087415
-0.01913913604312137
0.023463878409339826
-0.030982199544047573
-0.07062322286279027
-0.004204450901501806
0.014179659839945753
0.07092693232543452
-0.010299808452680803
0.085731704533998
-0.018492518697537937
0.01157890695308817
0.04557233993757109
-0.010354367286013265
0.049361523725395054
-0.02082378011010179
0.006873001133304791
-0.07409719828143012
-0.005263866721634409
0.016903786341164226
-0.026650462453359027
0.014274292149892722
0.022012333511479274
-0.02287467190264409
-0.007439280526870647
0.018324267779439067
-0.036407271088078556
0.011302057058161182
0.0034939703602664407
0.05082694873057066
-0.06925177046774908
-0.0020149951610980293
0.04203555612808814
0.00544365778815583
0.029043819078284877
-0.04220631465777085
0.012521120111683041
0.008082933684019702
-0.02350097546303955
0.013046365499669687
-0.0017168571677080371
-0.026684529558117308
0.057885921633480414
-0.028044805501994244
-0.013705697919824036
-0.0064198315895849165
0.01183442908522735
-0.025527461598286713
-0.005434244559763397
0.03255746210507744
0.0037361777941095223
-0.02103003677752547
0.014789661734739862
-0.05170367291412893
0.014989636101409602
-0.010201147078227994
0.003581789712559305
-0.020260354524169896
-7.200761106048344E-4
-0.013161906198619004
-0.03427582699082023
-0.010975776181125677
0.013567885671917797
0.03200337254006581
-0.017554557989341378
-0.006476972841758145
-0.032719855191337424
0.030492595860136872
-0.008662031621516804
0.042001143267738045
-0.01103751876710001
0.05646138828428592
-0.02060459878412333
0.05169688892202315
-0.0024080603731280806
0.0038337450450969222
-0.0029419603384580576
0.003782331403748316
-0.002783996436849536
-0.07078439732085182
0.007967296873840686
0.047275349194496774
0.013793183481644038
-0.0029982049966075595
-0.03511115732496402
0.025400964227120792
-0.002353575391694396
4.155847565608106E-4
0.04857509845488593
-0.02356013414590554
0.00963105878324906
0.0408439057213992
0.003902930042237307
-0.04886582653209448
-0.01446298830484458
0.024432544772218602
-0.004711461866540506
-0.02162095893025423
-0.06947265252010329
0.09045368124541207
0.01297711527804302
-0.008038389291063597
-0.021694731657895178
-0.012701260572432694
-0.05443764237523454
0.046260583375607456
0.05181947839542889
-0.0480574460049263
0.01077979513246179
-0.019745552563541796
0.019116952360866718
-0.026493362650744576
0.023656838101896137
-0.03212039704601352
-0.0015150220446610106
-0.035364725334628436
0.021075772296014574
0.007802262854821995
0.01612313946604433
0.018067044673018683
0.010759254228061586
-0.03229474217960305
0.021745851348686347
-0.01702058082046793
-0.017359048682744176
0.015097253537275094
-0.014320540343334487
0.03979516539282407
0.01685042585170484
-0.005893116098110877
0.01240999643485835
-0.013462973846710384
-0.05362850662630824
0.02850253727201756
0.013860110861699687
-0.010178973029892615
-0.00160198165325918
0.02099711644062714
0.051707625724204405
-0.024996140712320123
0.01650363952594772
0.0375732036164042
0.03923423313718519
-0.027676152980952093
-0.04691135464230584
0.014952898427174628
0.018606182186496175
0.020306398113837373
-0.020898728130389285
-0.023632136016447404
-0.02796070802746061
-0.03813811246939804
0.007858775574896146
0.008508250767349658
0.013896886310876405
-0.02666061818229572
0.013588680008360492
-0.013275520861103096
0.017351274246768536
-0.008153162346120346
-0.0064529232957015355
-0.03579523841150036
-0.020332793498718672
0.028063719024611564
0.018302523536484698
0.017729649898523554
-0.0013464511916366634
0.00378505093509586
0.005580305449801027
-0.020378028073142068
-0.010836326441708614
-0.011940992199790524
-2.4240632856901978E-4
-0.02176476967819379
0.010892758867385163
0.023591862292555818
0.03601509755098506
-0.03187194164346033
0.0017880884175761954
-0.03540322099881153
-0.007780481947531531
-0.013291161848447773
-0.004310886919637429
-0.032886022648157834
0.04155368352247092
0.049310601108221074
-0.02291886225790228
0.06193099817049262
-0.01909332996346907
-0.013983862670966825
-0.04851651687978317
0.021448993039358127
-0.020751063294753142
0.04342098296243238
0.009350072553586108
-0.009186862816731103
-0.011688209312762108
0.01481972823036088
0.00124576795900673
0.03460038679241413
-0.01417037626061029
-0.010272955000084558
0.016885477757580543
-0.026881106742996673
0.043925827038502153
-0.002080874717616088
-0.02193289773119017
0.016653575145913136
0.04910112426137826
-0.04548855460001497
-0.00657118616590658
-0.0051331920151422294
-0.01906689455907183
0.041527855982390796
0.011401795756980339
-0.00681249572715633
-0.0069517240001282805
-0.009088525623555225
-0.0419459853158091
0.023469010573893608
0.0030853086085933113
0.03435341550487791
0.0048118275784315954
0.035967793152058815
-0.011840680942844108
-0.019727399782804786
2.564749287806839E-4
-0.016685864685448148
0.007010937879292092
-0.0286817918044001
-0.02303678427369286
0.02258532846834975
-0.006281332778112898
-0.0025605100818976954
-0.01708509405348305
0.0039807844059666
0.011288935033479247
0.011226924272977012
0.02707720561058368
-0.04663465973025123
0.01705484735977824
0.006282640082795565
-0.018731860141175616
0.019568666378342522
0.002127815295703858
-0.025029517387068996
-0.0052261105571022445
0.009719830153863771
-0.016705282182561162
0.007837642849788926
0.04114266474390913
-0.05106624265008086
-0.04030373034201671
0.017855030068460467
0.01722539588833915
0.011264596283577843
-0.04238769265248996
-0.01874099690947293
0.028815577827459162
-0.01930771879087429
0.0025490740981373022
0.028765455151835626
0.015162304488321765
0.005781933462262835
-0.006551059506058055
0.012774690357817536
0.004771390203184681
0.02917986491525406
-0.01866430384689221
-0.016289888139348965
-0.04345767306467212
-0.005485139460365846
-0.01916296235102595
0.017608220462846547
0.030568672440303216
0.02365285883369244
0.022325556082146036
-0.05855074701758367
0.0
-0.007023493688242531
0.0126493197612615
0.05572866905568034
-0.01085927958527838
-0.00666242329202938
0.00883267724080175
0.03587055698267031
0.02231740760584043
0.018112016001959816
-0.016713391149977788
-0.006464727606523918
0.015886309549973984
-0.04379829886860867
0.03815693047469756
0.0016826568697595537
-0.027530664492882204
-0.02004860780623862
-0.0565616228346954
0.026466583924319075
0.02874521083536096
0.020292110628029707
-0.011217750125194822
-0.03405056488903821
-0.016474103525005078
0.00821379620902427
-0.011123702019850999
-0.0021740997772903264
-0.010082885626805885
-0.042625611623075786
-0.0035713040695564318
0.048900734033499496
0.06466658369459347
-0.01146419471320681
-8.377905624029208E-4
-0.035782596476226405
-0.024447395118171344
-0.02097500296065035
0.018466482302011245
0.02525712119131743
0.007161849897452277
0.01642328273156413
0.02521372344619291
-0.01752425971788931
-0.014523605264155887
0.014181041949475781
-0.013967832014466225
-0.022179003137714065
0.024134651651998858
-4.048979076652949E-4
0.0022125987211778133
-0.01697905496335783
-0.01052004968047143
-0.044977908356830056
0.024482178963173527
0.02922570540922388
0.05485180787964491
0.02033594588298463
-0.05217084714392927
-0.0011823573280962257
0.037180097997724884
-0.006185739520097639
0.003921112722711143
-0.03749836562961243
6.820134598063679E-4
0.010192360038776445
-0.037626512701561365
0.03753936434857909
-0.033389168427627874
-0.0026486608172689493
-0.043859924788887956
0.049445234947400316
0.016509418708641074
0.008685200797247232
-0.007641743603300999
0.019711079579595052
-0.02225547091103658
0.0038475843503457396
0.006929578096008984
-0.010308023609979976
0.0021720121121655694
0.005823955652706273
-0.015436159205348151
-0.001114675198380724
9.645073499564838E-4
-0.004595758444453733
0.02836515838035357
-0.0028854161865408817
0.012137990750284261
-0.03382080069644369
-0.018082327494064056
-0.008824872268292816
0.0029889398082549173
0.03805335183937988
-0.021506473042489288
0.023407531867675482
0.011507184845943754
-0.001260093644623747
-0.009803512192370127
-0.030589938260988603
0.05715229251031231
0.011829160597698396
-0.007710882254300572
0.0
-0.06625729376425733
-0.003719709950651521
0.03294478385436859
-0.0019089742548130534
-0.014190160085572731
-0.016465693710119904
0.051332994185314555
-0.06321463530428093
-0.00942548698443661
-0.024387843817122112
0.059200018670710015
0.004046913671263877
0.06139109043067722
-0.03658621560005297
-0.010178373301882164
-4.1891977657257384E-4
0.017853021929588334
0.0012519651760686968
-0.042991359396537886
-0.016506794729973503
0.02849883396173921
-0.04088874008848259
0.027811728202489214
-0.014145291775407319
0.037904996796599075
0.0028188751065914997
-0.02056983646434791
0.05563148873124066
-0.04207030053569117
0.05156763534657727
-0.007251886646921769
0.014996475410348587
0.019554794268390734
0.038925354038086016
0.008410482388043674
-0.07540999466138375
-0.08159133083549307
0.0023673254858625455
0.013587814480367073
0.020686056482337692
0.010621826425305847
0.018354915535077173
0.0176940004483776
-0.038875866680367584
0.021781740426332463
-0.0589115367768626
-0.0034044003184627064
0.0442576034783633
0.0022312768864618422
-0.04264161067815927
0.044657821148358375
0.015002015602847169
0.041964592760291665
-0.006692635054051305
-0.05378347428097895
0.05918872853628395
0.019131674949515873
-0.042571762483610116
0.0115986913437456
-0.07577209648584915
-0.03393891708341917
0.041614706161476576
-0.018471682952585437
0.015731617308007116
-0.054990916779083236
0.010893155991950728
0.012164071430551673
0.022302067586317774
-0.029349639460641952
0.02783411416692226
0.028602179824493593
-0.030752819959343505
0.011975579484901938
-0.0056698005219302065
-0.016252461304473387
0.01982834690197527
0.028733980898518228
-0.020542012167021874
-0.018158243738384185
0.017129888244787117
0.03314731647955142
-0.02013811280897864
0.02252803292413013
-0.03785264746356462
-0.010242368853504422
-0.012558814454394128
0.011957820992243507
-0.028462980904197015
-0.007661388503672725
0.03245972951333478
0.014960682380926271
0.0348077530295581
-0.018709088244815337
0.012843633029704026
-0.02803369757462875
0.018547329095097705
0.05439056557921985
-0.013756841852332108
-0.004234605794141772
-0.027970253404799753
0.0035104296322710643
-0.02765823226242615
0.014515893681637252
0.03187292451893366
-0.01755809879401958
-0.03797652137397524
-0.0029198676932426764
0.003841781659045203
-0.01600118427826098
0.014305728614040341
-0.020281199137290446
-0.018500888772593066
-0.007560009498494743
0.037612752447176837
-9.327867874544848E-4
-0.04649989165097676
-0.021920721200184196
-0.01933397630191061
-0.0018499910281309512
0.05932293675659669
0.02298467946460113
0.0376265637350454
0.0014056417375622639
-0.027040211653337913
-0.008538058750878479
0.06979444371307693
0.009640500762574448
0.008737191931549818
0.033331070615811365
-0.003883793374725545
-0.05192958233036824
-0.004585467274589242
-0.021046276573682493
0.017686327201932264
2.399505083763914E-4
-0.004409607113324308
-0.019609920462438892
-0.08750039315493727
0.05229059899850135
0.015631587085874005
