P, C	0.005580357142857144	0.0078125	0.00892857142857143	0.012276785714285716	0.015625	0.018973214285714288	0.022321428571428572	0.025669642857142856	0.03125	0.0625	0.125	0.25	0.5	1.0	-c	-p	R^2
0.001953125		0.721027900801558			0.710661560644681				0.6999064283620694	0.6542179963823361	0.6415573037485719	0.6394374705820883	0.6337887957915822	0.6129421414305721	0.00892857142857143	0.03571428571428572	0.7200258654014547
0.00390625		0.7029744945068788			0.6991603054187537				0.6834298992604734	0.6709842700654002	0.6455349475645306	0.6419923783012441	0.6232293311253216	0.6376119948292702	0.015625	0.0625	0.7013986359443927
0.0078125		0.7174647223751347			0.7218926808082995				0.6883818665370849	0.6613435787649177	0.6593145919691484	0.6502740577086609	0.6386965981260732	0.6434511924593053	0.022321428571428572	0.04910714285714286	0.6801439955749686
0.015625		0.7198326583593193			0.7248657801601692				0.6980516116983713	0.6534041853801941	0.681451321601313	0.6825306838748681	0.6535362873742048	0.6686313811731921	0.015625	0.03125	0.695716155146249
0.022321428571428575	0.7141320619593328		0.7208399165047907	0.7186706801928412		0.7055614757972227	0.7054289178614396	0.7205261519920588							0.25	0.0625	0.6733390474944675
0.03125		0.7123598496300106			0.726139942560336				0.7210289279669565	0.7017743841189298	0.7013173992530266	0.7065916009825556	0.6953152227475097	0.7029596912030834
0.03571428571428572	0.6987797783855064		0.748591264464646	0.7208310638870994		0.7087776699040164	0.7193426671558467	0.7211812882761067						
0.04910714285714286	0.715282833904367		0.7094269232870885	0.7215789172650459		0.7172084041120591	0.7319192701758616	0.7008015338344865						
0.0625		0.7070138226559379			0.7429627081675976				0.7156831501867592	0.7173363814628343	0.7131030559299045	0.7257463637431972	0.723297550944425	0.7160163516288719
0.07589285714285715	0.6920360256334646		0.7041884004750769	0.7202380671710507		0.711120705668686	0.7160983751559007	0.7150023271262421						
0.08928571428571429	0.6973430709548858		0.7055421147238129	0.6958596347115763		0.7094169220106644	0.7026617448364956	0.7040702338463587						
0.10267857142857142	0.6848808867052719		0.7075581818222771	0.7064559290194659		0.7193956096273412	0.7069239904355634	0.7129673175425828						
0.125		0.6670731771160683			0.6873159853269963				0.6882830374187869	0.6754951621655643	0.7001764917030182	0.6784545452423878	0.6902015911882141	0.6800951935969034
0.25		0.5579005621151824			0.5533647623036675				0.5720331505406434	0.5546205348108434	0.5627943650084675	0.5760700545581721	0.5863070583776594	0.5671076066929184
