P, C	0.0078125	0.015625	0.03125	0.0625	0.125	0.1785714285714286	0.25	0.28571428571428575	0.3928571428571429	0.5	0.6071428571428572	0.7142857142857143	0.8214285714285714	1.0	-c	-p	R^2
0.001953125	0.6980736140078455	0.7160741603119216	0.6848334368487423	0.6406579748611242	0.6411227960504798		0.6610908950343203			0.657994240393078				0.6375912567505372	0.3928571428571429	0.04910714285714286	0.6923651833224779
0.00390625	0.708859484299804	0.7047869442538868	0.6700442547276574	0.653999003862966	0.6336458231755027		0.6541944457550232			0.6387580860901348				0.6516784617833674	0.5	0.0625	0.6987261590511521
0.0078125	0.718465610880148	0.715025163534415	0.686846396822178	0.6694124511315159	0.6660709039616765		0.672312479985344			0.6533281700460651				0.6610312881128867	0.28571428571428575	0.04910714285714286	0.6923651833224779
0.015625	0.7085707477820753	0.6904068148312056	0.7074950413526505	0.6880035337387805	0.6916897377355387		0.6555317535631573			0.6704432580785455				0.6891766539859318	1.0	0.0625	0.6987261590511521
0.022321428571428575						0.7017918993304778		0.681939530730802	0.6717846414200354		0.6717309347334685	0.6968407195355258	0.7025256547769382		0.1785714285714286	0.07589285714285715	0.7034955622545629
0.03125	0.7154448927949286	0.7217571178319983	0.7174591514812703	0.7020012557657074	0.7035460896894284		0.6891661459142513			0.7098554086116993				0.7061443744282685
0.03571428571428572						0.714836278078215		0.7066377692103	0.7100376863964784		0.7196308983614973	0.7016543885663634	0.708907579309387	
0.04910714285714286						0.703734774179079		0.7280650000713281	0.7313824594602849		0.709160424876063	0.721502643082181	0.7157803580823044	
0.0625	0.716517364772962	0.7132978060991301	0.7156701883338845	0.712966339411222	0.7103291000625775		0.7208215796003938			0.7303886059585082				0.7250134223049518
0.07589285714285715						0.7230834562581682		0.702370187050842	0.7055121902034389		0.7167236951202505	0.7214230553338444	0.7105373788776462	
0.08928571428571429						0.697204984194977		0.7074014861203107	0.7097600168243885		0.7067880815355514	0.7100170178805493	0.7171024555992307	
0.10267857142857142						0.70535028770742		0.7007580992507777	0.7036681102392867		0.6861989343013447	0.6756467781205542	0.7045943531431339	
0.125	0.6776269123917013	0.6902985477309911	0.7015943753352986	0.6878480907125245	0.6848585520678787		0.6825995257494823			0.6925937835148384				0.6871252412592652
0.25	0.5722429380711808	0.5766048890518137	0.5821517245987881	0.5406809655489266	0.5778440209367143		0.5742694101466725			0.5598566522559606				0.5625281217103033
