P, C	0.002790178571428572	0.004464285714285715	0.006138392857142858	0.0078125	0.009486607142857144	0.011160714285714286	0.012834821428571428	0.015625	0.03125	0.0625	0.125	0.25	0.5	1.0	-c	-p	R^2
0.001953125				0.6827312017933271				0.6850607190112444	0.6552446036885463	0.6166515843353664	0.6165927922685174	0.5927523595175686	0.6024281402214142	0.5992957508394425	0.009486607142857144	0.05133928571428571	0.7759234189206156
0.00390625				0.6981043612044342				0.6909769871582692	0.6708190920226769	0.6177252942773046	0.6259720854235364	0.5809836546293158	0.5944194949908219	0.6064115477960409	0.011160714285714286	0.037946428571428575	0.7823710070649483
0.0078125				0.6914715515128922				0.6863449224995547	0.6660916081279069	0.6295266658819993	0.6273713949856864	0.6123768800511857	0.6240478410880173	0.6250106896645024	0.0078125	0.03125	0.7863182037461943
0.011160714285714288	0.6504131960182012	0.6730948707858765	0.6928984812382067		0.692870745171377	0.7061310432019788	0.678367778815831								0.0078125	0.0625	0.7701264780704842
0.015625				0.6900704080333833				0.6955278531247231	0.6593487188763951	0.6427391576531175	0.632278415481613	0.6354105994202308	0.6181908372392347	0.6330563535187743	0.011160714285714286	0.05133928571428571	0.7771325420616103
0.01785714285714286	0.6538007223865558	0.6777324208555415	0.6950891891044699		0.695707065320694	0.6941924034184088	0.7079292243386427							
0.02455357142857143	0.6640014284569924	0.6907274543977091	0.6969835500796876		0.6928303010916755	0.7046897124472907	0.7004726781280458							
0.03125				0.7130816439510426				0.6912792111378148	0.6846963346250737	0.6771332177509195	0.6702751104686484	0.6803485999116027	0.6730203527869324	0.6474194999244811
0.037946428571428575	0.6553366421998029	0.6613035779988299	0.7015951856001243		0.699094086391467	0.7132548470157175	0.7055621001012822							
0.044642857142857144	0.6615778701340298	0.6834040014168694	0.7052186158053361		0.7005992184491497	0.6957717295855151	0.7016124410886503							
0.05133928571428571	0.6635002356618442	0.6890227779882077	0.6991758113683016		0.7156672644280555	0.7081028075272227	0.6955773635759525							
0.0625				0.7103226014441758				0.7072352266656482	0.678753599039574	0.6754780395877232	0.691627695693908	0.6880245526211911	0.6825896343274134	0.697773280110677
0.125				0.675995037786205				0.6422932462522271	0.6621924906325496	0.6514828597390904	0.6551808822893352	0.6623262725080912	0.6425665795608057	0.6501158764991996
0.25				0.5190476162587875				0.5502686556242667	0.5239435116644542	0.5359028628480605	0.5179652712370618	0.5478102726302435	0.5554341054827011	0.5505915696836026
