0.0	0.0	0.0	0.0	0.0	0.0	0.0	0.0	0.0	0.0	0.0	0.0	0.0	0.0	
0.8797983823704065	0.8767897223375638	0.872670569182686	0.8779660803707908	0.0	0.8762762221871583	0.0	0.0	0.8800715581148472	0.0	0.0	0.0	0.8725453960925228	0.8605140105120841	
0.0	0.0	0.0	0.0	0.0	0.0	0.0	0.0	0.0	0.0	0.0	0.0	0.0	0.0	
0.0	0.0	0.0	0.0	0.0	0.0	0.0	0.0	0.0	0.0	0.0	0.0	0.0	0.0	
0.8897506425734986	0.8892990624984768	0.8866146213539607	0.8882256611444238	0.0	0.8909519844462375	0.0	0.0	0.8939871162712354	0.0	0.0	0.0	0.8892853367995194	0.8762318199624944	
0.0	0.0	0.0	0.0	0.0	0.0	0.0	0.0	0.0	0.0	0.0	0.0	0.0	0.0	
0.0	0.0	0.0	0.0	0.0	0.0	0.0	0.0	0.0	0.0	0.0	0.0	0.0	0.0	
0.0	0.0	0.0	0.0	0.0	0.0	0.0	0.0	0.0	0.0	0.0	0.0	0.0	0.0	
0.8844366757481861	0.8840397540541467	0.8861034901393466	0.8891037369956384	0.0	0.8869250346033297	0.0	0.0	0.8872743326289444	0.0	0.0	0.0	0.8855746334786498	0.8794236569294014	
0.8690924461926435	0.8705098839423044	0.8735353990811503	0.8763997006869682	0.0	0.878683677157171	0.0	0.0	0.8806812000456417	0.0	0.0	0.0	0.8771576030884377	0.875595996425336	
0.8517812018272496	0.853666504923885	0.848083222917885	0.8531147332874657	0.0	0.8517683833556497	0.0	0.0	0.8601491165999114	0.0	0.0	0.0	0.866354928313912	0.8663825720258299	
0.8214491921292212	0.8203880833890496	0.8191158114653684	0.8280287887079859	0.0	0.8257592819124093	0.0	0.0	0.8443751087268027	0.0	0.0	0.0	0.8451356521439937	0.8732912067432879	
0.7902811103023851	0.796406629224542	0.7949549297534819	0.7908613195993979	0.0	0.7932413581288946	0.0	0.0	0.8214766342991244	0.0	0.0	0.0	0.8253943483709967	0.8692601774363967	
0.7507669599479135	0.7586383753697973	0.7639254851847771	0.7737794289566918	0.0	0.7775422531951095	0.0	0.0	0.7795311641167801	0.0	0.0	0.0	0.7882704385503898	0.8718565892323331	
