0.0	0.0	0.0	0.0	0.0	0.0	0.0	0.0	0.0	0.0	0.0	0.0	0.0	0.0	
0.8738158143073067	0.8733381138816572	0.0	0.8720257607983811	0.0	0.0	0.8746801705054638	0.0	0.0	0.0	0.8758550590113809	0.8694707995788884	0.8688395726705082	0.859510757152536	
0.0	0.0	0.0	0.0	0.0	0.0	0.0	0.0	0.0	0.0	0.0	0.0	0.0	0.0	
0.0	0.0	0.0	0.0	0.0	0.0	0.0	0.0	0.0	0.0	0.0	0.0	0.0	0.0	
0.886170383642852	0.8867491398830314	0.0	0.8864219881746817	0.0	0.0	0.8872857599245375	0.0	0.0	0.0	0.8865029872301621	0.8866796958522549	0.8850160892925494	0.8716707687610111	
0.0	0.0	0.0	0.0	0.0	0.0	0.0	0.0	0.0	0.0	0.0	0.0	0.0	0.0	
0.0	0.0	0.0	0.0	0.0	0.0	0.0	0.0	0.0	0.0	0.0	0.0	0.0	0.0	
0.0	0.0	0.0	0.0	0.0	0.0	0.0	0.0	0.0	0.0	0.0	0.0	0.0	0.0	
0.8801452497560529	0.8793858307359176	0.0	0.8842013415223312	0.0	0.0	0.8802868506905719	0.0	0.0	0.0	0.8853004315391033	0.8868892903273911	0.8858112174866186	0.8758243780343721	
0.8700240693710385	0.8626041027983549	0.0	0.870790569017975	0.0	0.0	0.8697696796335979	0.0	0.0	0.0	0.868744491214911	0.8727737511411003	0.8759177754725925	0.8722692987302806	
0.8455622548911218	0.8483068818307875	0.0	0.8412933152503209	0.0	0.0	0.8480279047395527	0.0	0.0	0.0	0.854036119205461	0.8547456623168213	0.8564362351746458	0.8620567546911202	
0.8169324322386802	0.8179416468506059	0.0	0.813219065773619	0.0	0.0	0.814733681059829	0.0	0.0	0.0	0.8347479004883386	0.833155142287857	0.8276090608795841	0.8564041912869774	
0.7839197407133729	0.7844221801455996	0.0	0.7932548449107174	0.0	0.0	0.7954951251213389	0.0	0.0	0.0	0.7930257187860256	0.8032997031683259	0.8082572204259633	0.8532796702959567	
0.7560432061349426	0.7604096395655664	0.0	0.7637112010487831	0.0	0.0	0.774110967274269	0.0	0.0	0.0	0.7639646659405516	0.7858450489181936	0.7807017906117868	0.854557555054246	
