0.0	0.0	0.0	0.0	0.0	0.0	0.0	0.0	0.0	0.0	0.0	0.0	0.0	0.0	
0.8833605736003621	0.8834437983488967	0.8831416917448096	0.8842712194076917	0.0	0.8801682797059974	0.0	0.0	0.8836584867354514	0.0	0.0	0.0	0.8813035455103391	0.8647289593158618	
0.0	0.0	0.0	0.0	0.0	0.0	0.0	0.0	0.0	0.0	0.0	0.0	0.0	0.0	
0.0	0.0	0.0	0.0	0.0	0.0	0.0	0.0	0.0	0.0	0.0	0.0	0.0	0.0	
0.8956399103738957	0.8968336320165088	0.8959367608586591	0.8947375858625449	0.0	0.8960968047161862	0.0	0.0	0.8971712389651657	0.0	0.0	0.0	0.8939851144474846	0.8832885440461995	
0.0	0.0	0.0	0.0	0.0	0.0	0.0	0.0	0.0	0.0	0.0	0.0	0.0	0.0	
0.0	0.0	0.0	0.0	0.0	0.0	0.0	0.0	0.0	0.0	0.0	0.0	0.0	0.0	
0.0	0.0	0.0	0.0	0.0	0.0	0.0	0.0	0.0	0.0	0.0	0.0	0.0	0.0	
0.8924079892263403	0.8918173504185245	0.8921957935039999	0.8948423778824421	0.0	0.8940202921765396	0.0	0.0	0.8928388194686766	0.0	0.0	0.0	0.8928477959415637	0.8848061920110524	
0.8790517570976926	0.8790530563643263	0.8794847138227623	0.8823977674238256	0.0	0.8808665957699752	0.0	0.0	0.8830925520113023	0.0	0.0	0.0	0.8860040533231173	0.88417092600326	
0.8596922349540094	0.8550194684133642	0.8558583047262099	0.8680528942366854	0.0	0.8603604417769254	0.0	0.0	0.8710886846770898	0.0	0.0	0.0	0.8744633517954431	0.879565565018896	
0.8331324101399836	0.8283202377084277	0.8401512978138393	0.8423822706802819	0.0	0.8375037268647223	0.0	0.0	0.8384616020215498	0.0	0.0	0.0	0.8545292890816425	0.8757094467959838	
0.7982151875296223	0.7988531396415361	0.8015934819378424	0.8003173242272427	0.0	0.8181076173834891	0.0	0.0	0.8209930904423464	0.0	0.0	0.0	0.8324140605243329	0.8744157199325292	
0.7633297851840563	0.7772806824005255	0.7676168350535135	0.7961796723574307	0.0	0.7818372510186327	0.0	0.0	0.7969677239234784	0.0	0.0	0.0	0.8037362552637134	0.8749330622989921	
