-0.001475361
0.004099966
-0.017246525
0.01462192
0.001676892
0.008473618
-0.016229954
0.006079444
-0.014378257
0.006042312
-0.005951504
0.014287449
-0.01052418
-0.002248432
-0.008015207
0.020787819
0.003168635
-0.001445246
-0.013587163
0.011863773
-0.009745442
0.005462075
0.002625377
0.00165799
0.001699345
0.004941551
-0.01141565
0.004774755
-0.000329358
0.007340519
-0.011994958
0.004983797
0.006160575
0.009723409
-0.008371612
-0.007512372
0.00099721
-0.004696395
0.005110671
-0.001411486
0.011969803
-0.014590805
-0.009249535
0.011870536
0.051395658
-0.069929429
-0.0192635
0.037797271
0.054387556
-0.092586957
0.032934393
0.005265007
-0.018022193
-0.013762714
-0.012482995
0.044267902
-0.044243829
0.040986748
0.111996729
-0.108739648
-0.071289787
0.08305533
0.062219175
-0.073984718
0.020302545
0.056335945
-0.048963063
-0.027675427
-0.014015678
0.02355911
-0.07075692
0.061213488
0.028090675
-0.022095484
-0.046095413
0.040100221
0.029015943
-0.009851698
-0.017681687
-0.001482557
-0.015219563
0.005516009
0.00681337
0.002890184
0.005322733
-0.002799997
0.004622928
-0.007145664
-0.003373963
-0.004109392
0.013778362
-0.006295008
0.000237378
-0.002366879
0.004148663
-0.002019162
0.004841842
-0.009709681
0.008223076
-0.003355237
0.012923753
-0.007013451
-0.003856274
-0.002054029
0.0060289
0.00241333
-0.005918058
-0.002524172
0.016847518
-0.012953886
0.003044756
-0.006938388
0.015703081
-0.009438296
-0.005652591
-0.000612194
0.012772657
-0.015517906
-0.000923441
0.00366869
0.008009177
-0.020288262
-0.012245958
0.024507879
0.007974532
0.014294651
0.019798223
-0.002799155
0.006518091
0.00101017
-0.012393453
-0.024409911
-8.32007E-05
-0.016900755
0.005254604
0.000278007
-0.017672069
0.001277448
0.016811242
-0.002888313
-0.008472909
-0.010847415
-0.002125968
0.004220613
-0.000149818
0.012380678
0.006084975
0.01890505
7.10263E-05
-0.011257177
-0.010758274
0.008520876
0.022402587
0.004929504
-0.019532536
0.015732022
0.002095367
-0.015282351
-0.002370536
-0.005543762
0.016048046
-0.023030966
-0.035597694
-0.001714077
-0.00255334
-0.003069293
0.035076851
-0.004836348
-0.017032406
0.001688949
0.016390943
-0.020413315
0.003534545
0.023570346
-0.008782344
-0.010790219
-0.018077528
0.019049275
0.001071425
0.018075784
-0.016990357
0.028517511
-0.002633005
-0.002557682
0.002843623
-0.001630169
-0.008849651
0.003343486
-0.008324151
-0.017166149
0.010365315
0.002732623
0.010169129
-0.017507796
-0.006759152
0.01552151
0.019435001
0.02517334
-0.016041065
-0.011629003
-0.005644206
0.008881026
-0.012986043
0.014880758
-0.00053894
-0.002626233
0.004484279
0.010416125
-0.008754006
-0.001294437
-0.002612561
0.01918038
-0.007748411
0.004936005
-5.03173E-05
-0.0120498
-0.011813863
0.001463967
-0.000974405
0.015663091
0.014114996
-0.007444971
-0.002012214
0.004751346
-0.009515084
-0.004768117
-0.005558509
-0.020993036
-0.002287251
-0.007797938
0.010351121
0.010590913
-0.001241536
0.005266178
-0.010164112
-0.013416402
-0.009995639
0.014978708
0.015713713
-0.023406496
0.011132784
0.007519725
-0.001581593
0.009869259
-0.002356626
-0.010231572
0.018659986
-0.004666934
-0.016888179
-0.001622792
-0.001026808
0.003681798
-0.015959101
0.00459297
0.009810227
0.015536907
-0.036150812
0.003014889
0.00203477
-0.001873058
0.037390166
-0.003351246
-0.02125702
0.007689032
0.003439357
0.00555966
-0.0133484
-0.000394351
-0.00375831
-0.011075254
0.005146786
-0.002571866
-0.007619246
0.003898136
-0.003296297
0.0355685
-0.014103834
-0.014662774
0.001127856
0.022132349
-0.006678821
0.011037093
0.003589752
-0.004915201
0.023372025
-0.016523574
-0.022883421
-1.56554E-05
0.015902493
-0.0141456
-0.016882029
-0.001386679
0.007613888
-0.002330435
0.023285086
-0.004990426
0.010819127
-0.00727821
-0.005553827
0.009055623
-0.007647388
0.010335629
0.01843323
-0.009041637
0.011101263
0.025394429
0.005273051
-0.028849018
0.002336006
0.005711834
0.001959882
-0.027762546
-0.007825113
0.013209494
-0.000521544
-0.014171353
0.008274982
-0.004492175
0.013827948
-0.009915006
-0.028281374
0.009651183
-0.006499718
0.008790626
0.003972384
0.015148038
-0.011152593
-0.00053996
0.020254337
-0.002069279
-0.011668538
-0.010509294
0.000471796
-0.007059763
0.009847758
-0.015930021
0.010365454
0.018825222
-0.009568397
-0.009115458
-0.004354885
-0.016323651
0.011000672
0.013585614
-0.017260547
0.022274732
-0.015323179
-0.006457307
-0.001809641
-0.015989316
0.025711547
0.010249265
-0.00815181
-0.011697729
-0.009802951
0.016781985
0.000561301
0.007636734
-0.029625964
0.024887673
0.006491293
0.013777021
0.011229104
0.001738807
-0.010771215
-0.015331286
0.002198912
0.009270968
0.016440406
-0.001878605
-0.00944508
-9.16243E-07
0.001877189
-0.020218545
0.032417399
-0.017007634
-0.005849171
-0.015033376
0.022624499
-8.19817E-05
0.009196061
-0.008868808
0.024185634
0.022679081
-0.00627958
0.011840603
-0.012495303
-0.009349877
-0.015789409
0.015813455
-0.007215137
-0.022208055
-0.008644493
-0.000261118
-0.001270292
0.006341827
-0.024683634
-0.004623708
-0.005976893
-0.007588306
-0.015327646
0.02351103
0.002873162
0.040529619
-0.011943992
0.005190889
-0.015193041
0.01562135
-0.0187382
0.013880253
-0.007128273
0.002358895
-0.005042215
-0.007575633
0.015176069
0.012341851
0.018776364
-0.030983686
-0.022715667
-0.000393158
0.020194489
0.018340524
-0.019506469
-0.002572307
0.012455695
-0.007256967
-0.005124284
0.001981547
0.036705044
-0.016941706
-0.005772551
-0.027748211
-0.001754135
0.017302131
-0.006165957
-0.006742525
0.018424166
-0.009392331
0.032288854
-0.020394995
0.01885408
-0.004836787
-0.020045415
-0.014748047
0.030307927
-0.022368062
-0.016194642
-0.000416431
-0.023268213
0.024581347
0.006891043
0.000897473
0.015106216
0.015489381
-0.009903997
-0.010091313
0.008029052
0.00815388
-0.017264975
0.017257299
-0.02513268
-0.019609506
0.021341584
-0.014609253
0.002301447
0.004901858
-0.009369187
0.029778141
-0.011930772
0.013505823
-0.01448646
0.012595824
0.004415542
-0.01285947
0.001935471
0.00192346
0.005663479
-0.035558493
0.032855496
0.018709596
-0.004055154
0.001326761
-0.013165334
-0.022610037
-0.017034588
0.018186028
0.022718974
0.000173645
0.016004578
0.029821035
-0.023383328
-0.011557031
-0.000154319
0.012640552
0.014204459
0.003261844
-0.002420692
-0.002716593
-0.005437902
0.000949393
-0.017015261
-0.023317234
0.017309255
-0.006530767
0.025397876
0.000923965
0.004499008
0.016482404
-0.001167966
-0.007852311
0.012127329
0.017171605
-0.011147758
-0.037720263
-0.00808132
-0.001808906
0.004539257
-3.89243E-05
-0.013793079
0.002168427
0.00425353
0.0108764
0.010622524
-0.015068047
-0.03675009
-0.012532456
0.002759804
-0.018372769
0.016274263
0.030038855
0.000892287
0.005001493
-0.008252435
-0.002265795
0.014051464
0.003412522
-0.001821121
0.010864799
-0.022598151
-0.013888141
0.023001805
-0.010736681
8.2847E-05
0.015745402
-0.007077072
-0.007596671
0.008800854
-0.015208491
0.008055137
0.004050733
0.003885562
-0.006976462
-0.005424604
-0.00322148
-0.027627136
0.005398814
-3.13865E-06
0.022530031
0.004158697
-0.00282159
-0.009519407
0.020961042
0.013599862
-0.009403725
0.005802297
-0.008557836
-0.011752163
0.010655091
0.011658078
0.001619577
-0.002557596
0.011685622
0.008169288
0.002979242
0.001867505
0.00642765
-0.000449812
-0.010662704
-0.013520206
-0.010471033
0.001234721
0.001500321
-0.000724012
-0.009085999
-0.000917493
0.002592916
-0.006206451
-0.010388362
-0.004317585
-0.014180746
0.031996666
-0.022089751
-0.005662638
-0.000894697
0.005679739
0.020006273
0.009166514
-0.004556641
0.00332807
0.003784706
-0.013086447
0.006556996
-0.003947359
-0.000993164
-0.008346898
-0.019154578
0.029473478
0.003710961
0.012042406
0.0129507
-0.007558812
-0.002222612
-0.031795383
0.01122739
-4.89037E-05
-0.000802732
-0.001970259
0.005821052
-0.016836837
0.023130301
0.019869619
-0.008381283
-0.00463875
-0.013661406
-0.007624965
0.003770612
-0.005128229
0.001374366
0.013028067
0.004115446
-0.00606763
-0.001816304
0.011443313
0.000627014
-0.01505103
-0.001335418
0.004347427
0.002176726
0.011450856
-0.001384467
0.010195679
-0.020963852
0.001651959
-0.020432028
-0.001227745
-0.001498282
0.003764604
0.02239582
0.015007548
0.005341031
-0.016123625
0.01114947
-0.032775006
-0.008512024
0.011708084
-0.009158419
0.008239595
0.02333747
0.000124984
0.02699685
-0.011235236
-0.012470246
0.004501544
-0.006408609
0.012980725
0.004192882
0.006902716
-0.025771332
-0.006917537
-0.015070438
0.023307251
0.003844635
-0.000210143
-0.007299263
-0.010155511
-0.002862592
0.018159891
-0.013230326
-0.025220089
0.028977519
0.00952745
-0.011794029
-0.013861531
0.007762028
0.005824515
0.018861221
-0.009022979
-0.00337624
0.008066708
0.015480784
-0.007232232
-0.019827736
-0.039457379
0.006230529
0.024005464
0.001301056
0.054444811
-0.023546406
0.000218714
0.017841917
0.00036626
-0.012742637
0.006944436
0.003798839
0.003146054
-0.031688415
-0.016654859
0.007063749
-0.00961103
-0.021788933
-0.01590364
0.039108351
0.020838176
-0.004957606
-0.018639739
-0.026761432
0.003594061
0.012445608
0.008484199
-0.027068384
-0.010160934
0.047209423
0.022134386
-0.021739663
-0.01516435
-0.022049058
-0.008354313
0.035493229
0.037560902
-0.011317769
-0.017164757
0.017213463
0.000988891
0.009537711
0.01126528
-0.011236742
0.014550315
-0.014405691
0.003217018
-0.018972442
-0.024486548
0.008717236
-0.002653081
0.002296887
-0.025641443
-0.018112445
0.013699997
-0.003706578
-0.010918622
-0.010317295
0.01160569
-0.011338099
-0.003396822
0.012242014
-0.006134079
0.004340411
0.015285939
0.010844833
-0.011328752
0.031463766
0.106349414
-0.004666072
0.005233709
-0.019714605
-0.020750089
-0.012181728
-0.010978058
-0.014024351
0.022858064
-0.018204471
-0.016623274
-0.009916106
-0.009018288
-0.007213782
-0.037563747
0.058383187
0.022857797
-0.007220741
-0.006548728
-0.015057738
-0.002690075
-0.032344335
0.069881234
-0.035923437
0.009685894
0.014148914
0.026467773
-0.012002976
-0.02880916
-0.002585481
-0.01463144
0.000181695
0.029037882
0.00093033
-0.012018005
-0.013811595
-0.000524905
-0.018430342
0.049959525
-0.017646946
0.031816383
0.001209852
-0.012821212
-0.017642556
-0.019014753
-0.035983799
0.017562606
0.008128001
-0.016155978
0.01857997
-0.020061227
-0.016338755
-0.027332531
-0.000703296
0.00127694
0.002482965
-0.022569479
-0.01329508
0.002520558
-0.004895784
-0.02135262
0.025373105
-0.00872226
0.113064008
0.046558464
0.044516971
0.049599451
0.001414229
-0.010892074
0.017085919
-0.02268869
0.024118333
0.006028976
-0.046186021
-0.016750625
0.023513419
-0.027941115
-0.026979577
-0.00427544
-0.005726561
-0.014488503
-0.011399779
-0.005657288
-0.019752031
-0.022407947
0.018656097
-0.025249178
-0.034658674
0.030041971
0.067795546
0.01081815
0.001483974
-0.042953235
-0.026395205
0.012991116
-0.008754444
-0.001107882
0.012689325
0.019115175
0.011094244
0.000244271
0.009241298
0.038477453
-0.064103807
0.008198464
-0.022661773
0.012715415
0.00129174
-0.011060731
-0.04471791
0.006831319
0.0044899
-0.022720379
-0.035507736
-0.017744657
-0.00222205
-0.004637882
0.01945372
-0.036110302
0.000884507
-0.008189392
-0.011221084
-0.044159827
0.020215462
0.0573048
0.021867497
0.009604933
0.090979661
-0.009379363
0.014445722
0.065917484
-0.062742142
-0.030197206
0.04254433
0.02008868
-0.022137023
0.01722687
0
0.057520493
-0.029434681
-0.009240943
-0.059796692
0.101811645
-0.042239617
-0.004617699
0.016004602
-0.087636789
0.038556254
-0.031989366
0.132540768
-0.047732065
0.011617696
-0.001491546
0
-0.060160939
0.016081768
-0.006343613
0.012611536
-0.095233185
0.015205621
0.030552818
0.045529012
-0.020856313
-0.019145498
0.00913571
-0.021087153
0.032579058
-0.032900947
0.011091762
0
-0.027905802
-0.020562846
-0.002239339
-0.052846135
0.121581458
-0.019991389
-0.027250265
-0.008383129
-0.003930161
0.014913275
0.003254315
-0.078968834
-0.032553494
0.032042817
0.019296308
0
-0.006927977
0.012783597
-0.012052272
-0.00160728
0.095434639
-0.000786531
0
0
-0.010694509
0
0
0
0.067596207
0
0
0
-0.046505779
0
0
0
-0.028418112
0
0
0
-0.049796547
0
0
0
0.075029111
0
0
0
-0.027617821
0
0
0
-0.011377457
0
0
0
0.046123394
0
0
0
0
0
0
0
-0.037474226
0
0
0
-0.021132162
0
0
0
-0.029876167
0
0
0
-0.101638571
0
0
0
0.223594556
0
0
0
-0.047811916
0
0
0
0
0
0
0
0
0
0
-0.044243829
0
0
0
0
0
0
0
0
0
0
0
0
0
0
0
0.040986748
0
0
0
0
0
0
0
0
0
0
0
0
0
0
0
0.111996729
0
0
0
0
0
0
0
0
0
0
0
0
0
0
0
-0.108739648
0
0
0
0
0
0
0
0
0
0
0
0
0
0
0
0
0
0
0
0
0
0
0
0
0
0
0
0
0
0
0
0
0
0
0
0
0
0
0
0
0
0
-0.071289787
0.08305533
0.062219175
-0.073984718
0
0
0
0
0
0
0
0
0
0
0
0
0
0
0
0
0
0
0
0
0
0
0
0
0
0
0
0
0
0
0
0
0
0
0
0
0
0
0
0
-0.027103064
-0.01490414
-0.046198859
0.016916276
0.231646792
-0.084474518
-0.00143671
-0.062680235
-0.141930789
0.1556747
0.019935095
0.028540168
-0.042310395
3.99023E-05
-0.021262589
-0.010451637
0
0
0
0
0
0
0
0
0
0
0
0
0
0
0
0
0
0
0
0
0
0
0
0
0
0
0
0
0
0
0
0
-0.011250919
0.00266259
0.007843512
-0.026358247
0.029049859
-0.040401459
0.037399034
-0.040951573
-0.012045671
-0.042044931
0.026086007
-0.018194265
0.043638926
-0.006348667
0.015892594
-0.036266577
0.112069206
0.116986459
-0.099577247
0.102168374
-0.017431055
-0.014921949
-0.081466518
0.029345004
-0.033962597
0.052963878
-0.044303919
0.023865928
-0.016865446
-0.011435279
-0.083795896
0.049416387
-0.013109925
-0.050970283
-0.01877596
-0.059074621
0.003208207
0.015794701
0.019469436
0.117202356
-0.042972799
-0.025077223
0.071740732
0.016244385
-0.004259106
0.034229742
-0.01438468
0.012954212
-0.012536271
0.001900061
0.017349343
-0.049023528
0.005821075
-0.022707311
0.023910334
-0.006984197
0.008475326
-0.00846792
0.024037094
-0.045307088
-0.051844488
0.0213967
0.027819214
-0.007823063
0.091013951
-0.009566766
-0.003318658
-0.002956436
0.010408634
-0.021815132
0.018865987
0.063119338
0.014259715
-0.042742678
-0.05640394
-0.008273449
-0.024381116
-0.001559355
-0.018356391
0.012008841
0.0497108
0.003469222
-0.028645823
-0.003886112
-0.039075857
0.012879722
-0.007752761
-0.028287122
-0.01175973
0.044134297
-0.009522045
-0.023540235
0.011570984
0.025351911
0.002375729
0.059312966
-0.019158921
-0.023674699
-0.018024609
-0.019647513
-0.008658004
-0.026905141
0.054328394
-0.041391445
0.009182253
0.02437158
0.019764978
0.024241102
-0.003776311
-0.009429325
-0.008063002
-0.002122402
-0.007220414
0.001672923
0.000529833
-0.024312456
0.011345524
0.016380517
0.027341752
-0.017225297
-0.025477031
-0.022301013
-0.015068586
0.008377861
-0.029893803
0.007638452
-0.00414627
0.04468258
0.089895976
0.002930048
-0.005795376
0.027314768
-0.011057494
-0.017705549
-0.003957512
0.004621235
-0.02296262
-0.023262852
-0.007811308
0.004577523
-0.005900469
-0.014286063
-0.011249699
-0.019366285
-0.006222959
-0.001825943
-0.001122841
-0.016807961
0.002015003
-0.013158137
0.013884153
-0.022201053
-0.003893396
0.067527396
0.02951439
-0.000365019
-0.024353897
-0.013503277
0.028242288
-0.014169638
0.015640541
-0.005410777
-0.029098318
0.005073761
-0.020254957
0.003151537
0.03034191
-0.009776303
-0.002495528
-0.03147922
0.004356749
-0.031611595
0.023076479
-0.017989252
-0.00391356
-0.000368389
-0.012942418
-0.00178961
-0.018900642
-0.012847576
0.014559637
0.019320726
-0.002652801
-0.009225879
-0.00946477
0.00954912
-0.026558099
-0.001716185
0.003376816
0.028080154
-0.012961024
0.095386038
0.047413574
0.014647054
0.016751242
0.007559269
0.015290119
-0.022175888
0.012011498
-0.011222011
0.006931544
-0.005312136
-0.020011729
-0.036524855
0.005265216
0.039462124
0.004564769
-0.046559116
-0.006719979
0.001441989
-0.023191725
0.013731903
-0.024454194
0.007270854
0.0134354
-0.004643483
-0.00366813
0.013984293
0.012240306
0.015059282
-0.03756942
-0.01638997
0.006368661
0.01100873
0.004106593
-0.023313909
-0.02833394
0.008724941
-0.002130075
0.00795712
0.011427356
0.005080044
-0.001949831
0.003206498
-0.019639845
0.017884912
0.008246573
-0.031797632
-0.021882981
0.016318764
0.01035099
-0.011560322
0.006800087
-0.009391826
-0.027222228
0.007090094
0.003063868
-0.000630172
-0.016895392
0.001830606
0.036509212
-0.021326422
0.007785076
0.019175233
-0.003298809
0.037820225
0.022866646
0.012214323
0.026120978
-0.006050768
-0.022630168
-0.026980657
0.016508912
0.014316727
-0.006295217
0.002938132
-0.035964084
0.011346833
-0.004689307
-3.14118E-05
0.021050184
0.004294822
0.012327748
-0.020860909
-0.022567541
-0.007415675
0.006955868
-0.010773106
-0.009153779
0.013113197
-0.000381846
0.028788314
0.020982924
-0.00945127
-7.32084E-05
-0.025512181
0.012061912
0.002107854
0.015338208
-0.023517733
-0.005255386
-0.002146898
-0.000535465
0.008454452
0.025954134
-0.02016386
0.025251321
-0.008277718
0.015060359
-0.022936018
-0.019470304
-0.005597525
-0.019935736
0.020096482
-0.025032191
0.025222738
-0.008957452
-0.00750565
0.00499059
0.025481104
0.004496605
-0.024518543
-0.005488387
-0.008714259
-0.013401106
0.013355391
0.002188445
0.024366439
-0.022377996
0.014411714
0.002678161
0.006805226
0.012459912
0.003557112
0.000611504
0.005677495
-0.001961108
-0.011269471
0.013764428
0.014527434
-0.013496742
-0.025454522
-0.005221741
0.004572499
-0.019475472
-0.002994277
-0.016806405
0.021249357
-0.017632696
0.001970569
-0.001981341
-0.016788019
0.015496481
-0.000545327
0.010056916
0.003458661
0.01517362
0.009116673
-0.025750104
0.001190237
-0.000564361
0.007871747
0.020784399
0.015615522
-0.007715283
-0.015598768
-0.00951638
-0.014200363
0.009465631
0.028985582
-0.007488479
-0.024218428
0.020521902
-0.002136901
0.010133921
-0.006931393
0.018265532
-0.029153125
0.006681543
-0.020645694
0.002956179
-0.011036402
-0.007880095
0.003213767
0.004164208
-0.006272559
0.007319126
0.008468531
-0.029684144
0.004694852
-0.000759417
-0.006104223
0.005804703
0.041969809
-0.01226823
-0.000483498
0.000344817
0.025744609
0.019948005
-0.009447983
0.016113098
-0.00358871
0.004842465
-0.003878926
-0.020241699
0.009346271
0.005558053
-0.016415942
0.000344116
-0.010593714
0.021484997
0.008306434
-0.023368395
-0.025189347
-0.009983307
0.00032854
-0.003978361
-0.008463993
-0.031939598
0.046334178
-0.009521956
0.022292588
-0.014895504
0.006075181
0.002700959
0.017017588
0.022115694
0.009556621
0.012752176
-0.0207725
0.019886022
-0.022795677
0.01245311
-0.007307257
0.005546882
-0.024397965
0.020040744
-0.008675024
-0.012816087
0.010059661
0.004296596
-0.015320067
-0.005811721
-0.005162002
-0.026784614
0.016160997
-0.01929788
0.002612637
0.022391467
-0.012979104
0.015238196
0.011438068
-0.006789427
-0.015856436
-0.00737061
-0.014496205
0.003396032
0.036164937
-0.001466837
0.006666698
0.00878177
0.011539109
-0.001008843
-0.022195614
0.009157563
0.026264448
-0.002825877
-0.006219415
-0.013753313
-0.014257411
-0.00486337
-0.001693065
0.010669515
-0.008169322
-0.005603138
0.009844174
-0.000786021
0.007097825
-0.007841502
-0.008599072
-0.011585466
-0.001276444
0.008455256
0.007583899
0.023575695
0.007364465
-0.018977617
0.001299446
-0.011685161
-0.002975732
0.013796949
0.007080712
-0.006585901
-0.020603814
0.013855013
-0.004455944
0.048869907
-0.028773621
0.000882851
-0.008359354
0.003353124
-0.012388959
0.007936397
-0.007467057
-0.000927665
0.007565724
-0.017486031
-0.001354585
-0.015709462
0.00502593
-0.030032265
0.020684835
-0.008039463
0.002609588
0.015043553
-0.000785688
-0.030423593
0.02690343
0.034977302
-0.001739652
0.003311547
-0.009280453
0.011605919
-0.009338066
-0.006695994
-0.006330917
-0.001417287
0.012509606
0.015239299
-0.004094619
0.000321001
-0.007728012
-0.008143456
0.001250853
0.003629233
0.000411482
0.009345374
-0.010327038
-0.00563193
-0.010258732
-0.008646547
-0.000490388
-0.005587937
0.014852036
-0.009319992
-0.014509901
0.006433879
0.021853943
0.003006463
0.007108256
0.005690844
0.00828638
-0.003710373
-0.011442879
0.026756544
0.002036676
-0.004273442
-0.002963994
-0.001109905
-0.032883288
0.021114175
0.00509846
-0.029425689
0.009407208
0.006614555
-0.00384416
-0.001766221
-0.012744721
-0.004577616
0.026710082
0.003068281
-0.002615633
0.024985547
-0.006365483
0.009542068
-0.003998776
-0.007381697
-0.007761922
-0.001338499
0.007332044
-0.018016057
0.013390748
-0.007846548
-0.004135598
-0.013396511
0.012518874
0.009750284
0.016836185
0.006591252
0.002621094
-0.00635652
0.012480198
-0.019575494
-0.006723938
0.006782222
0.025181324
0.013811049
-0.040405031
0.00048964
-0.021104065
-0.004728815
0.009192458
-0.003537298
-0.014261063
-0.005034034
0.024259333
0.008186723
-0.011103345
-0.005425073
-0.001178727
0.007718856
-0.010728068
0.008399978
0.014261019
-0.001608684
-5.20517E-05
-0.008198768
-0.011408478
0.007113329
-0.009933833
0.001594717
-0.022783522
0.020433376
-0.013177661
0.038778399
-0.01516893
-0.00097724
0.008418273
-0.022383136
-0.001596393
0.01069074
0.011691449
0.015592268
-0.02006876
-0.01455701
0.006932164
-0.02083916
0.028171314
-0.01722661
-0.011001581
0.002875281
0.017170453
-0.010921295
0.000153399
-0.013663743
0.012092513
-0.009951614
0.012082006
0.006287223
0.009041424
-0.013264052
-0.002703224
0.012029328
0.002707254
-0.002346149
-0.011915981
0.00743629
0.006399293
-0.000806966
0.01075319
-0.00391585
-0.023717601
0.001373491
0.009320985
0.015182374
0.006391368
0.030893151
-0.01649291
-0.008338732
-0.001024541
0.014827923
-0.010369381
-0.015825795
-0.011435135
-0.008599818
0.015562889
0.021691578
-0.012001537
0.025275722
-0.002183954
-0.008112574
-0.020880336
0.005830253
0.00691544
-0.00224861
-0.00789454
-0.019027642
0.005378664
0.012151755
0.02452215
0.009500622
0.009998105
-0.030868351
-0.002466228
0.005671302
-0.004359525
-0.02173705
0.00477738
-0.019794557
0.003748807
-0.004591874
0.020257706
0.008247928
-0.004700554
0.007617587
-0.008547623
0.00646694
-0.013206326
0.003030863
0.012660431
-0.027400631
-0.008700113
0.019543818
0.00331357
-0.004254807
0.003324312
0.018529571
-0.013934281
-0.004431444
0.004280305
0.018532111
-0.026912858
0.021878408
0.000692359
-0.00787685
-0.017843806
0.00412478
0.006577644
-0.009402328
0.012745784
0.010334783
0.017092341
-0.014069218
-0.011655846
0.013302035
-0.008426493
-0.000695184
-0.02578761
-0.018120975
0.017200315
0.013956166
-0.001655669
-0.005299609
0.014925255
0.004847506
-0.003534467
-0.012829205
-0.022934081
0.001577293
0.040746772
0.007171891
-0.01127295
0.002987603
0.024221315
-0.007139073
0.000691961
-0.014916728
0.01130208
0.014813184
-0.014902494
-0.011201986
-0.014233639
-0.000255822
0.014521033
-0.00706107
-0.002284256
-0.020106452
0.003441199
0.011644546
-0.0009019
0.009790161
-0.021550692
0.001514343
0.015122754
0.006725227
-0.013098309
-0.014018368
0.013993433
-0.01235042
0.004904598
-0.00853704
0.008977812
0.000537862
0.001436253
0.017189874
-0.007160385
0.009529799
-0.013110851
-0.014111193
0.016668822
-0.013147884
6.99046E-05
0.01800803
0.007942338
0.006486033
-0.002253375
-0.000987142
-0.007309487
0.019280496
-0.034200242
0.011215131
-0.008273324
-0.010813752
0.014282642
-0.019065061
0.048065247
-0.007072902
-0.027284722
0.021660987
-0.016684415
-0.007988167
0.008095017
0.00385717
0.002444502
0.02182777
-0.002111838
0.019134905
-0.041816893
0.002432362
0.011434277
-0.010440069
-0.010749639
0.009823514
0.017951023
-0.016186328
-0.00466285
0.013106317
0.01689964
-0.000669377
-0.008972999
0.026652828
0.004364651
-0.034643953
-0.002871429
-0.036028241
0.011945142
0.000433805
-0.006125881
-0.009502958
-0.027940026
0.012216821
0.034197273