-0.0049153554094662055
0.026564193032538378
-0.0399987347087256
0.018349897085653107
0.015485819577265376
0.007453305268391957
-0.04254688843521246
0.0196077635895552
-0.009398657224148291
-0.011483069758561549
-0.03022510608510153
0.051106833067810956
0.00333500299963374
-0.014305635361805118
-0.029778568687817943
0.04074920104998929
0.0035043026612991894
0.00504242495080203
-0.03721384003689509
0.028667112424793865
-0.008302117331014726
-0.00233434844050291
-0.02210814788392915
0.03274461365544678
0.02223067837253856
-0.015245084304930148
-0.03254806634869439
0.025562472281086008
0.020352737846160898
-0.01706471941636089
-0.03676156183091915
0.03347354340111898
0.027537992624421217
-0.016814117070169256
-0.04345485010219985
0.03273097454794766
0.03896108536220829
-0.04994851591787639
-0.00877959552708392
0.019767026082752093
0.0869798635792437
-0.09674021331849678
-0.08272804972621287
0.09248839946546586
0.10271097242251087
-0.1604932941848143
-0.058193732786886256
0.1159760545491892
0.12038756344409085
-0.19028993082870707
-0.11515154932877113
0.18505391671338717
0.0647266295134499
-0.1803351129025986
0.04565149285921526
0.0699569905299337
-0.03302911248111812
0.0526349673470442
0.25592036141290436
-0.27552621627883056
-0.29512781599738913
0.24203085531140794
0.10823224772194279
-0.055135287035961246
0.024504225306219676
0.14145916261174113
-0.20679505352460453
0.040831665606644044
0.15178739070136982
-0.11029815289655599
-0.18803058523383842
0.14654134742902447
0.09944661719777247
-0.04787417657986822
-0.12773175908485387
0.07615931846694962
0.08240545399469663
-0.07181643879737006
-0.10847349233285511
0.09788447713552843
0.002038243608585161
-0.006960260163335464
-0.04478460461108328
0.049706621165833464
0.01121086631648033
-0.01235696549780909
-0.025374671738854618
0.026520770920183626
2.8098204033258616E-4
-0.02891406518946274
-0.0054707334184606864
0.034103816567590886
0.022731586142576813
-0.010864847403288526
-0.008383208886614075
-0.00348352985267415
0.032589671639416146
-0.016469413721914194
-0.01582821804591164
-2.9203987159024704E-4
0.03232644250702156
-0.030352699320987525
-0.011267547426676417
0.009293804240642582
0.04926946533755992
-0.02744424241885889
-0.032088564765964084
0.010263341847263244
0.03973997655183066
-0.030452304143837053
-0.007710879671618644
-0.0015767927363752078
0.03161501907996843
-0.03910822544314656
-0.0060297903422518
0.01352299670542988
0.029146175883088033
-0.014482270853296494
0.00213235864199832
-0.016796263671790268
0.005830608380439387
-0.034556706139475105
0.020361165855084403
0.024475660502269656
0.00837494599612138
0.019593339555538037
0.0027182944381383325
-0.034315164539374096
0.027718896649789607
-0.010037803330952041
-0.012867341525163098
0.007482534502303954
0.0
-0.0556122525717851
0.01690374500548788
0.009014721812110719
9.017161776931001E-4
0.05209789441415527
-0.0012481322715522415
-0.024607870187971732
0.028794679292516185
0.04804933291544419
-0.008642785150897753
0.05510312424291747
-0.06624054706370101
-0.031770510448690226
-0.005136910454736077
-0.013880451441035065
-0.01677567994392901
2.814700805310443E-4
-0.00528577877006387
0.01492464164185828
-0.023465448981910303
-0.013407325685133526
-0.028585958195291073
0.07367205687692083
0.009794489503404377
-0.03757540804973131
-0.0048593696296996385
-0.07967114387635463
0.030181447893504267
-0.007265156037123493
0.022271696058330747
0.01902586902692543
0.012567430798291871
0.011326096908223771
-0.017584756266526343
-0.006423255052556742
0.0033893779840553744
-0.03027549453651489
0.03047485664679512
-0.03957058126229891
-0.02476763179606597
0.06102086997442947
0.004090488586517441
-0.04025475619451165
-0.033530671971563675
0.02348546484866682
-0.044966825307435246
0.05298342016566661
0.02782772985720625
-0.006836881656144395
0.002132504895909968
0.03314802685094094
0.009154056077184218
0.01989081300239448
-0.03764894723738534
-0.004739668281915788
0.012707523182331423
-0.0414856136542314
0.01865632836442186
-0.01601986983949012
-0.005375521648110216
0.021753562902737663
-0.03889521954218429
0.043519110322593056
0.011964380976591207
-0.0061938153701351015
-0.0016329475647328916
0.02983164788719666
0.020673484150844766
-0.0020697030006748794
-0.0062483379123786115
0.009841039758184712
-0.0030504181909248723
0.0014710924710282722
0.06595263579329336
0.02671482432228365
0.004495576080287787
6.572111204658044E-4
-0.02738884374071818
0.015542684784022988
-0.02137418723862574
-0.020967082535850636
-0.03628394451930727
-0.020512726073539267
-0.010638093398416284
-0.02414815471996189
-0.006839450740707851
-2.451756328848212E-4
0.009604001731730927
0.0010931599933548686
-0.003818641091044836
-0.03246652560213988
-0.028903940683782894
-0.021366670364893273
0.033532988321841706
-0.023961758502169212
-0.0027691818663973453
0.057153075825909144
-0.002934680740650602
0.01416215903499971
0.017597190071631578
0.013466612077855855
-0.004940434790445123
-0.0025038866474732034
-0.03381644951195949
0.008426330766101343
-0.0336035645260645
0.008152116032747948
-0.014727346815432424
-0.0048100307268848196
0.024822814713325262
-0.009119722306200388
0.037793930082681206
-0.01717642314902053
0.02749167652491931
0.002554951793773225
-0.014180251175407515
0.04569751214109677
0.002064545778117887
0.0032048301574371073
0.01279582846976344
0.010506863672775285
-0.021671900659310177
0.005508775876384993
-0.0457621713657079
-0.01843687082927843
0.011370099749650635
-0.002848228235581238
0.0
0.04667966343186168
-0.03351302591217223
-0.010814328323778556
0.015111190344695461
-0.0488125517580163
-0.03790927886606216
0.05705529749056102
0.024823574239442817
1.463446001395731E-4
0.005898476248091828
-0.06136342551142115
0.00472686267798196
0.0514268113032897
-0.010098831791846377
0.0011319163511805813
-0.046295317728966986
0.004018980187843929
0.017072713945724273
0.011584168508800372
-0.018417302607847828
-0.01820480818356862
0.012458787935830613
-0.020347910211451894
0.025884375540540124
-0.02217715672627884
0.0014739805070689734
-0.008947126389904879
-0.028610460420853915
-0.042826910212868594
0.059497706817249266
0.0040114035687377324
0.04256469140948267
-0.03143732005203417
0.021028966153652094
-0.006176023212854155
0.04072094063387393
0.026092132540590528
-0.012221404906558576
-0.028976726313656567
-0.06824448077298917
0.04166271102296186
0.00910954108941142
0.030287983431518735
0.027730357128819546
-0.012505386603267055
-0.05376616218041165
0.025181295355087764
0.030656466288472413
-0.026787589584445194
-0.008008053945330844
0.030175209883733962
0.05274814306649202
-0.009011006892618441
-0.011534728418080956
-0.008967830560478566
-0.0023645246163938073
0.03531964753160098
-0.024638228136413053
-0.0035446100386917288
-0.03910745270528597
-0.009841026320145073
0.010907277494123992
0.0024338514726347663
-0.01461641954164131
-0.0012097338183429344
0.02564792914003846
0.001113715342835453
-0.04487521818188589
0.029012485946158923
-0.017870423166255932
0.028992452878740114
0.027869168853140423
0.006986106927694259
0.02742937452416624
-0.03214588773540304
0.019315284987200358
0.0040546050803456045
-0.016289384104672355
-0.012270408777611503
-0.024446284600909356
0.021600570109527862
0.0032456169895077828
-0.034913695091548555
-0.031929152053028806
0.023135228102457345
-0.004078487766229745
-0.02904300026295919
-0.006020889963217781
-0.039237134145453004
0.0012542537859577332
0.021661413980588663
0.011041535780747338
-0.01352663456126441
0.005077992070115545
0.004409919305043352
0.021300446225951605
-0.02258747550468083
-0.011917396974723464
0.04068081329287754
0.01907812560177607
-2.884222549081189E-4
0.008136136622120146
0.0
-0.020858600970297767
0.02129433580224745
-0.034116668035242034
0.026154667186518592
7.416128271631921E-4
-0.008631524419311013
-1.8564553923376866E-4
0.004656157373254892
0.023822107959174943
-0.03940437002381163
0.016824233630892218
0.023527055289646083
0.01472803716390399
-0.017322156335106084
0.005649920929065775
-0.008033903324510297
0.004810357721882982
0.024712884239070802
0.03079730643090228
-0.017472263490766287
0.015807041669505948
-0.0029483134172553008
-0.016308280086590302
-0.021897950894106833
-0.027975415170342223
0.02171817774057654
0.015730100645426338
-0.018491241160358295
0.017270462567918927
0.031349765717174675
-0.06063641784592593
0.010641342864063413
-0.017432621293236708
-0.01985928700986701
0.016570871658879955
0.04508399276031343
-0.02403980483733081
0.02813631873257413
-0.05531940175520918
0.02115161999843476
0.0572451404526796
-0.019849888764708223
-0.02173327050233517
-0.0035363977926237203
-0.04815411405176813
-0.013877518062311685
0.04304116700494312
0.010981445998961585
-6.727538465023039E-4
-0.02335511077244066
0.03224474805185829
-0.03616146365329019
-0.008152536640842924
-0.005161551918176081
0.011740701253408634
0.0010836272259437778
-0.0015101527595831011
0.026789465879477167
-0.04949775855131558
0.023447964804743014
0.05562710420216445
-0.0059264649723004825
-0.03558978332783297
-0.00805100585945512
4.284421388424456E-4
-0.019034517566489183
-0.013684453270568518
-0.009310480539092244
-0.03285627829857434
-0.0028985529860656653
0.04075160659240115
0.02880360747795383
0.01710776935382065
-0.017718334809083084
0.023694876424197563
0.0073235778648753904
0.05965115455493107
0.010535498179789639
0.00882083391521255
-0.039535996767714035
0.05355347621204733
-0.032473037535361224
-0.025433149622893236
-0.00142366270633642
-0.016636923199255443
-0.03640818035218826
0.03451968126508637
-0.029009690953392665
0.0022641103323738487
-0.002603702335919297
0.005317879864006263
5.595918185987703E-4
-0.012301434390612317
0.05996843520417795
-0.06132801897757828
7.94442884999037E-4
-0.06788254545611971
0.03613938321310789
0.01315449890494802
-0.018947367771662282
0.02293334932148385
0.01999179953882634
-0.009208491427031465
0.032211815437793265
-0.007538974605588137
-0.01920263790602277
-0.0234075933229962
0.03228899091177178
-0.030324087516364538
-0.006690377783111837
-0.022641263135298663
0.010414150327532904
0.006482305103751541
0.0043408768630129844
0.01168061570746013
-0.005375897263147541
0.015182418524660119
-0.012811271749416039
-0.016871842862305152
-0.004634677908928627
0.028897024951725764
-0.05154451386141616
0.01610362768259146
0.03568476503532448
0.012208416369451004
0.020296083352008033
0.01496972152233839
-0.0026068793672224845
0.04026445635894717
-0.016709966801152172
0.006450713393341684
-0.019065782904874283
-0.04981619664893858
0.0059765063973099275
-0.01393995450702728
0.02597359277462908
-0.036583812066332155
0.004130386159994198
0.025051179769226366
0.016146149853747963
0.027419893331929703
-0.03924921700514278
0.028853043788001295
0.012210328902616994
-0.0017233681389804516
0.03143700669190799
0.044130987113106354
0.01026501328682989
-0.006183050930512033
-0.01373001945097385
-0.05167348653607879
0.011407830242238692
-0.015099602678001832
-0.03371158369102778
-0.0049051671005066735
0.022782070547131716
0.028432669690120073
0.024097217869480384
-0.019533669554180223
-5.785257867938938E-4
-0.009432613531627485
0.014043708539300289
0.0015401855152698644
-0.014854024783335185
-0.01547781231240013
0.00981434468685085
0.01763557145789447
-0.0061194254494886125
-6.345013601635162E-4
-0.03981496679075081
0.007099588367387761
-0.011462830862493946
0.00492494311514648
0.029956647883058976
-0.08272356420633772
0.019504621206082245
-0.03350282755382561
0.004686839537809347
0.02471254515317849
-0.01914770330263027
-0.001081421844680507
-0.021979303053889246
0.007819307850455363
0.009740809516836878
0.02132279427296094
-0.0014908198850946547
-0.020203647772615258
0.024912712734850077
-0.004822340496432542
-0.010235338194935868
0.015118568449005575
-0.013022541145457828
0.002354004667743284
-0.01158582606509739
-0.038502434545676485
-0.021486212000333446
-0.02371399644450008
0.021795601249811423
0.0234968342444223
0.0014866549430942472
0.05475522283764492
0.01915159060852398
0.0036804876744738176
0.007092196498800293
0.07074649888236793
-0.0029132365198548463
0.014780559474002627
-0.026658656195752018
-0.010598288284597567
-0.02932760208923675
-0.003723801424625653
0.04821900235092069
0.019417948007435064
-0.04067352613772492
-0.04696534597508996
0.00993530258186871
-0.01785714285714286
0.015511307962477495
0.03241414090367533
-0.011954422832562435
-0.047459354295479
0.06399384768572931
-0.009203975309638748
-0.049635322637301846
0.03220373815323553
0.013977400086638125
0.05459423527980109
-0.06219364481575447
0.002243380975115318
1.1127462009207376E-4
0.0038788770158414525
0.025647750624829414
-0.03980818225578338
0.00815213666350984
-0.0150363484760296
0.0014694672688340916
0.021576270926197808
-0.01511888447099428
-0.050082983480258025
-0.0028306845070382378
0.022168651619135324
-0.050431977502012476
0.024713196181855232
-5.492468671789326E-4
-0.03299152729662281
0.0057978232659534265
0.039474363080562846
-0.015002432033200105
0.01174248287047472
0.019087864513758147
-0.03487316618356976
0.02055868805201807
0.01749545781662439
0.00919776770774659
0.008305407095420294
0.02534528045264927
-0.013818803625590351
-0.01721211565115523
-0.006909350670708741
-0.017925509810894937
-0.02400225165196454
-0.016079817749338903
-0.006367615123213481
0.03212094569325654
0.02790220637880264
-0.014020778303464052
-0.013777787915108756
0.04322050875805829
0.021623877753326796
0.023995774855964328
-0.014350743730907004
0.03108996445132703
-0.012025341457834675
0.01843370564540586
0.011318157957660028
0.03743297225739557
0.08926996105017532
-0.09188488006150788
-0.0402995798792476
0.006713506670106315
-0.016440634830310708
-0.02472513553241819
-0.009390249841017224
-0.003223362683696711
0.07094898615808097
-0.04064655574576024
-0.02402758033459597
0.023680447784458186
-0.07345987177067953
0.01933177537612328
0.02791661564241624
-0.05678281440362637
-0.009427335450697464
0.04246571742801079
0.01444431091446274
0.021191586474545845
-0.0190003296196835
-8.092239121191697E-4
-0.008943497499966317
-0.003696348111138649
0.05944632581170067
-0.0447326590726531
-0.006456495919268851
-0.043589620785815734
-0.035619139754359666
-7.607368994207338E-4
0.013741552590689899
-0.02820592193792785
-0.013378755831336516
-0.016867075373283347
0.002723501860511429
0.017542608342209286
0.0133832823641742
-0.00742936040639524
0.0033482039920267673
0.04339944091694884
0.0020323398068237096
-0.008010063972209009
-0.01388018471591632
0.0018372730176527395
0.03431284321486108
-0.004634591057321443
-0.01397848431521596
0.013030762993957789
-0.03719623499031566
0.05012116906966621
-0.03720617282852594
-0.006991922921857383
0.012509891125318737
-0.010588073660578883
0.012312596380681246
0.03905982740092693
0.21627672677810805
-0.07891963259833472
-0.06446980563356819
0.08116424098372697
-0.035483952350551476
0.01866902479898282
-0.02126917475943265
-0.031309401623656696
-0.026728970240359015
-0.008061680467862167
0.010765484690917721
-0.034689838683384676
-0.02329542792764279
-0.05182981254312277
-0.023144118248704996
0.11128742318709278
-0.014567598768074095
0.017452103141996224
-0.03706068269864283
-0.05261533144329206
-0.03918711977191579
0.021334736861820667
0.08542671511772319
-0.03520417914284112
-0.016305391030465695
0.06411681995055683
0.04821402912525522
-0.05702761616979613
-0.022125613715772954
-0.04326844978891976
-0.020532465749519713
0.051401528164011556
0.12465423606397279
-0.05577116463434198
-0.037651567587851056
-0.0019638690639541337
-0.016624379700823828
-0.02774412546046175
0.0676298002734376
-0.039426364049266256
-0.00946135315381972
-0.036809618684486706
0.030376982751061158
-0.04444395084555407
0.01358091141990038
-0.03461126490807586
-0.05845987062643419
0.11794600267961376
0.004293433303962972
-0.019916091825400998
0.006074867560936755
0.0
-0.005514439084943635
0.03614924460724344
-0.022146821803648353
-0.05203977723016292
-0.011902368884058167
0.036005654696155805
-0.015006987158083265
-0.011769245622289879
-0.03489772051500613
0.002710962669436775
-0.006940118040332489
0.11466643340894227
0.25764486540857595
0.015392352206901334
0.010619911091781668
0.046999668670710815
-0.01972953301083518
-0.03947402211505638
-0.048078219995113275
-0.029873010795076663
0.02728812201056586
-0.08203926804951632
-0.022713017869952105
-0.05564302445022279
-0.029737846824725113
0.06170073097611732
-0.0871914121105684
0.08181356843565697
-0.021911529998630188
-0.004325149910436067
-0.03810374895138946
-0.032469462047779
-0.005160579770897188
-0.022697227169672308
0.10187214455004745
-0.02560545680189279
0.028595766307814054
0.05085492920581237
0.07056578237540964
-0.0403759590609563
-0.0686515083551526
-0.04667355358642608
-0.030651669347484263
-0.012002990756864047
0.01047421803659084
-0.039673717708737156
0.023362819641183145
-0.05856140327773944
-0.002026072314364552
0.001799831649333318
0.057196018599222576
-0.0017186024398275178
0.05266357473379764
-0.010229020458229328
0.018997321154731902
0.012917633978850606
-0.026041310217794267
-0.08083753921684408
-0.03162581761556607
-0.009425984270820354
0.005058565491470922
-0.028179280094218977
-0.04768202038619607
0.004064884250422621
-0.08695390197120668
-0.042513673721875714
-0.06124305009278644
0.06371206121518723
-0.009840627385815898
-0.04348208214549409
-0.018355203601096357
-0.03739865953258506
0.00871536130469721
0.1200867593096352
-0.012121386770995043
0.278620653596323
0.11424584764267227
0.010581260149789978
0.12440609990831235
0.002032911237232954
-0.025374782792945964
0.018644048831757805
-0.0194684277764532
-0.030586633768849524
0.0247646784538375
-0.015358087318764483
-0.10119272585276717
0.0399830961130734
-0.0036361880252245606
-0.061836788010203134
-0.008630030220391651
0.034136693851434335
0.009403869848017745
-0.061786512847411226
-0.03682708113321767
-0.024660362934692443
-0.07718524917701157
0.026191271997948438
-0.05676753224337558
0.004876418065167629
0.06694496011467113
0.06781738281566682
7.587922568554374E-4
-0.08577424212582306
-0.05683821736276869
-6.567150509905885E-4
0.05145221453031282
0.012557709061836734
0.01477872648092048
0.00894613768515718
0.045240700166522034
0.029741271333761924
-0.032687487691795865
0.05340670220437654
0.04125017956596223
-0.14686483552597027
0.005296974254094342
0.0025345237854580618
0.028466961565690355
0.012196422453850303
-0.06409832045951576
-0.0740270722240824
-3.707138364417682E-4
0.017996097455126377
0.035244332113770815
-0.1177540369420057
-0.033205599264739885
0.0
-0.008005194452239184
-0.02530818271663397
0.05637826211738205
0.031211512533973473
-0.03563227736005249
-0.03058677063288175
-0.0874141797746943
-0.007957058076985216
0.09750495792701969
0.01885772537021971
0.04157457285025919
0.181067990856797
0.028777066468091205
0.05738188204217147
0.1410852561465472
-0.053571428571428575
-0.09949201413795943
0.046529603747442874
-0.0713364558496675
-0.03571428571428572
0.0432348747185603
0.0
0.05250850303686394
0.00387074192145263
-0.016412607615644892
-0.06732607136180464
0.07148915512145554
0.01936334349229644
-0.005270706627117847
0.0013684408779066001
-0.09451997803207259
-0.044830470332708754
-0.06694874591006061
0.18027089218958334
0.00516424764717235
-0.04555255360924624
0.05064838510800586
0.0
-0.006384989959635309
-0.022870913484855062
-0.010113125226957866
-0.039191396571880074
-0.05482082704792588
-0.03723818984891493
0.06849696233388573
0.05317415304273071
-0.024582494199780227
-0.03571428571428572
0.012120740222258506
-0.01317149795576056
0.006952729473386716
0.01850507690959393
-0.012086994232583734
0.0
-0.1297304790318311
-0.01756367854050083
0.0
-0.07586095061656228
0.03430916898067768
0.0
-0.026182590856538002
0.015153022876945664
0.0018189429162458644
-0.01785714285714286
-0.018598946369416895
-0.12351643611795096
0.010000203605167443
0.014452328967143978
0.05465147154247538
0.0
0.06515831787204046
-0.035783746090777335
-0.03585288189811587
0.01782332519422205
0.24880906073425985
0.01497898719482842
0.0
0.0
0.06582073131832107
0.0
0.0
0.0
0.12707749883975442
0.0
0.0
0.0
0.0238017268309402
0.0
0.0
0.0
-0.1519733274755659
0.0
0.0
0.0
-0.17291896619517838
0.0
0.0
0.0
0.09011256186331473
0.0
0.0
0.0
-0.04921927512394095
0.0
0.0
0.0
-0.04830943344679404
0.0
0.0
0.0
0.13644773713645783
0.0
0.0
0.0
0.0
0.0
0.0
0.0
-0.018448648082562056
0.0
0.0
0.0
-0.07234759619468062
0.0
0.0
0.0
-0.062378614740718624
0.0
0.0
0.0
-0.1645550933560249
0.0
0.0
0.0
0.2997865577884673
0.0
0.0
0.0
-0.0028958591617900716
0.0
0.0
0.0
0.0
0.0
0.0
0.0
0.0
0.0
0.0
-0.03302911248111812
0.0
0.0
0.0
0.0
0.0
0.0
0.0
0.0
0.0
0.0
0.0
0.0
0.0
0.0
0.0
0.0526349673470442
0.0
0.0
0.0
0.0
0.0
0.0
0.0
0.0
0.0
0.0
0.0
0.0
0.0
0.0
0.0
0.25592036141290436
0.0
0.0
0.0
0.0
0.0
0.0
0.0
0.0
0.0
0.0
0.0
0.0
0.0
0.0
0.0
-0.27552621627883056
0.0
0.0
0.0
0.0
0.0
0.0
0.0
0.0
0.0
0.0
0.0
0.0
0.0
0.0
0.0
0.0
0.0
0.0
0.0
0.0
0.0
0.0
0.0
0.0
0.0
0.0
0.0
0.0
0.0
0.0
0.0
0.0
0.0
0.0
0.0
0.0
0.0
0.0
0.0
0.0
0.0
0.0
-0.29512781599738913
0.24203085531140794
0.10823224772194279
-0.055135287035961246
0.0
0.0
0.0
0.0
0.0
0.0
0.0
0.0
0.0
0.0
0.0
0.0
0.0
0.0
0.0
0.0
0.0
0.0
0.0
0.0
0.0
0.0
0.0
0.0
0.0
0.0
0.0
0.0
0.0
0.0
0.0
0.0
0.0
0.0
0.0
0.0
0.0
0.0
0.0
0.0
0.011166453971825394
-0.10337981646599581
-0.12482242652824775
-0.07809202697497106
0.31359038926616367
-0.0781846411977275
-0.004985306566214407
0.01161041380918612
-0.2528864142572485
0.25474105273498754
0.030664435601465326
0.07571317364273847
-0.04736620367452057
0.06828256754047646
-0.1076517560316078
0.031600105129690526
0.0
0.0
0.0
0.0
0.0
0.0
0.0
0.0
0.0
0.0
0.0
0.0
0.0
0.0
0.0
0.0
0.0
0.0
0.0
0.0
0.0
0.0
0.0
0.0
0.0
0.0
0.0
0.0
0.0
0.0
0.0
0.0
-0.0028781556623144397
0.031901752491282694
-0.01785714285714286
0.0
0.025561304063669056
-0.0831194663680491
-0.04582165416161577
0.0
-0.03974820994046525
-0.013190733177772668
-0.014809665242749608
-0.057073818167260204
-0.01785714285714286
-0.03571428571428572
-0.024520598403542482
0.0
0.24360100288067763
0.04815039704466616
-0.07747689109302004
0.09931588043383975
0.07903590567767328
-0.10538869209855264
-0.050513445577972105
-0.001318409198876179
0.03162617716200806
0.03171774729729118
-0.03153308152311525
-0.036796149502398484
0.015788539236193055
-0.004041120141399245
-0.11842475361902495
0.1182877483334173
-0.03943643285111401
-0.05866182470351644
-0.033697177862285856
-0.12109097884033233
0.019067466831732015
0.03571428571428572
0.07524554424038753
0.12471375594858239
-0.11174564426780563
-0.021062224440947446
0.10007393625239404
0.0633983680578244
0.007074673005464754
0.0036463826277008914
0.009884345869548518
0.05510777214002427
-0.03442674685678572
0.02232618722245898
-0.012973442971384374
-0.022292201068809456
0.03221974493663278
-0.01916281833287767
0.039150754360201316
0.016074886576520047
-0.04095360129487938
-0.00286018511458254
0.039600132524064996
-0.10343810214621084
-0.01514148936217349
0.059446444797741776
-0.02435744516858144
0.011652594862703744
0.1907783135601221
-0.03168835736815109
-0.005541432475940506
0.013311143794432986
0.05413563685537348
-0.0035853265931523118
-0.04810598589359363
0.04127218768626388
-0.03680307748843038
-0.05984941997668338
-0.04013587422744144
-0.005216283091277946
-0.029336748803858753
-0.016378385519916813
-0.07700058389745526
0.07864841874592879
0.09085894433793489
-0.006465460410778711
0.07962938955885247
-0.00813845197630151
-0.1411200163067107
0.02292888506724834
-0.0063928421136510705
-0.047372717732080225
0.0757496410109126
5.763056439429198E-4
-0.01818984340508662
-0.04007490438876787
-0.01050305514620377
0.08731305907277
-0.03179019975074133
0.09445042915040137
-0.04571310846806266
-0.01889869669558097
-0.042368263426054334
-0.05384120975144423
0.007151131490196842
-0.04703327241573904
0.042957383679376425
-0.008470638189845659
5.091031800042965E-4
0.04003366851401865
0.06625713711971332
-0.013468586803142116
-0.02000227624520804
-0.002214735910934018
-0.08230549415367525
-0.029387195448227845
0.04052296226465954
-0.03171824223835545
0.012338752600711654
-0.0312788926046743
-0.04853393898214531
0.06810163396326148
0.039992322490477815
-0.03622259590183631
-0.0190996381358796
-0.060057521207862105
-0.05675315210723217
-0.0215081398706265
-0.009147255924932034
0.011061689496044226
0.039676926916886006
0.14345675484814707
0.21924757484650442
-0.027095464987654156
0.028389788061521575
0.05590521377428197
-0.019900165887430515
-0.0291459350426412
7.383570191528931E-4
-0.04046301280194739
0.045914828295887604
-0.03262073042135452
0.01252217236674508
0.018242176016291085
0.00232039287187197
-0.05307740384288825
-0.0460511259203223
0.016860726353351525
0.013112831680823781
-0.0883652071078626
-0.06368203133139708
0.010567219815150198
-0.03164774265078556
0.008349559165100329
0.04446193328685842
0.019248170220445265
-0.051249715158271036
0.1144572990993846
0.04292555108981498
-0.07768225686831903
-0.024435276937942497
0.011062711867860064
0.020232720379241193
-0.057653919446657056
0.06324708114810622
-0.03984495524496265
-0.05647182428134015
0.05342572694480345
-0.06110966283450008
-0.02156488373733067
0.08283503930950831
-0.07945745976426141
-0.0031766089313532905
0.007770526597684339
-0.015127342355081504
-0.03828830793129645
-0.026008053571712226
-0.03327343787908068
-0.04800258156763905
0.027016158864617532
0.01646024890764254
-3.7687257053357383E-4
-0.08691320972456061
0.0018404972672490336
0.023970534780640002
0.06841099363528211
0.02111663360583624
-0.033716534883794946
-0.06647375706535463
0.009082016489961504
-0.053483294486574705
-0.04054431582301799
-0.0178670554994302
0.034415345181665266
0.00803572221538159
0.26258439539863265
0.0893631518029629
0.042583609394667266
0.01965114456383778
0.16046983082160907
-0.010903455490986003
-0.03549916635342469
-0.04191820050666174
-0.06736167755994052
-0.003925062991838833
-0.07011413221469208
-0.07586263484199876
-0.02877544722724658
-0.014946190164202938
0.07153431004431589
-0.03189108518352677
0.09704162310489846
-0.027260385264403456
0.01688525782965151
-0.012934850252752289
-0.06537705890457188
-0.02562363314273686
0.009617779778183903
0.07624995156525964
-0.03419436418029609
0.021447937212254038
0.08127557261734167
0.06381506384142906
-0.017386610449668993
-0.027941478987080118
-0.04319009681815909
0.015504573879853215
-0.07876183530417245
0.015734303898080653
-0.04426073839956813
-0.02033548207604386
-0.026123336281560012
0.06017450551584946
0.01072055409010485
0.05095978229755449
-0.02316573013783289
0.03240151253167314
-0.02787950052538329
-0.002359349052378985
-0.015325576339006981
0.03189445935265747
-0.05402092635454114
0.0052241491651252095
-0.1213703867695839
-0.03889759808879979
-0.012856472619597586
-0.054691584233352936
0.04045566180453734
-0.0372457308884505
-0.007571596462092656
-0.002755496591357416
0.006700039269456977
-0.05773126458902948
-0.02039272837766171
0.028065475849589773
-0.015726747776237147
-0.0045028270973645895
0.07620801420751981
-0.06150606303565957
0.23860823709544904
0.029515614470016955
0.027831123122327345
-0.008807855083419042
-0.00959941016108494
-0.01997526168771193
-0.0638241043098831
0.0010389185571345882
0.08511210364561349
-0.019171091984981323
-0.019821182087397315
-0.056236279352792254
0.02691778142685957
-0.00807717766199675
0.015816337723274992
0.06540844532069194
0.03627749205804438
-7.712027518334439E-4
-0.010691117353916197
-0.03078497459074415
0.02864898069016989
-0.004438738007921697
-0.002033625804342744
-0.0027387899859848443
-0.013521275148979325
-0.013938707954659325
0.02547038953877721
0.06779074056586411
0.0032136146148129385
-0.016840607819434784
-0.06091002929995796
-0.004923968130748043
-0.035347127358471724
0.025400322173863434
-0.03978363974521487
0.047571930281553126
-0.0409954905471428
0.007543983214344515
0.0017705214636000999
0.022103622784020973
-0.06852891596236099
0.02507839591575743
0.004706569381673367
0.020227970293551528
-0.03635437979434121
-0.02480306860186301
-0.007431728695185215
-0.012073324227235614
-0.03290626026787585
-0.017149151406717376
-0.0017271237761025222
-0.03728588761604208
0.040666125902871816
0.0321579269635753
0.019453330308107496
0.010236640868876332
-0.0113165970614237
-0.0048610885160897885
0.00985679413540608
-0.06266987846150812
-0.014994252332016088
0.021540719972132197
0.08896051990102397
-0.04423198296207304
0.06924838121550814
0.0025541066117890157
-0.0026864956242382844
0.03976755613292651
-0.002639584635147684
0.0024795970003989656
-0.009636998260842846
-0.0035247067656864906
-0.01368864972677589
0.006153926355217324
0.008521077934241858
-0.04325755000553656
-7.242412925747808E-4
0.03571428571428572
-0.015610837661424539
0.003005999804827285
-0.004389241972874502
-0.027614370328555012
0.013357190646010446
-0.0035212752995533985
0.03306636546438414
-0.043260974087605875
-0.024387047342683082
0.0021140300578131547
0.020900113029957555
0.023726815507033143
-0.004893141821205239
0.01763690825372984
-0.005830189715510715
-0.026407592511340477
0.03892235074734747
-0.005962128548000975
-0.014807314215156544
0.021115446626863186
-0.04741471901918118
0.008187673115943091
0.005219106736401874
7.093875154757928E-4
-1.5552333262070991E-4
0.0033400884041428873
0.016318618381461335
0.0032645709672528586
-0.028276426813567554
0.02726785179848895
-0.03314344290705899
0.01211709167289229
-0.03724119478435931
0.012341991432866677
-0.00843512440608444
0.007309423904755891
-0.02555446339531102
-0.040440438055198376
0.030505343434591145
0.03828639020967008
0.049504354036673845
4.7684530474213956E-4
-0.05183248992193025
-0.021682008082993268
0.019873212803651265
-0.0015288245112184745
0.007516789791195699
-0.03418511503480712
0.036764596698046166
-0.021374754538746956
0.0560677585227128
-0.001917180182697726
-0.0021826266245803597
-3.95839141429051E-4
0.00786025276356023
1.588484632742953E-4
-0.07826188645845272
0.012254070781004787
0.003550479821453612
0.024238532406709746
-0.004461131159317152
-0.03911434399195481
0.02333045863868005
0.003997313850306199
0.03810935814392305
0.04336060342971883
-0.019316044423718582
0.0048440967952048854
-0.003150300932450934
0.011550233397916571
-0.01502962862273153
0.014435215566471059
0.013350993115874704
-0.0018000254768497786
-0.010661398104968814
-0.06206825708289651
0.11250354242971085
-0.012708483792321984
-0.03532054455348063
0.00410552549910647
-0.006031629386726512
-0.050616124687539635
0.02423982033787241
0.03443490861696359
-0.03406611283263759
0.028993398332645772
-0.017898889370461683
0.006283099128956058
-0.02397664682535256
0.018615443419315036
-0.005697173619798171
0.0034250546402431435
-0.04313149842420993
0.01587446903153453
0.02395036028789598
0.013920078315077127
-0.020718450460519986
-0.011252262656451774
-0.014130449322054161
0.0
0.02040659430561712
-0.01899252474130564
-0.014175399723281065
-0.02845976634030701
0.04877493900139812
0.019292539466704575
-0.016772797128185895
-0.015036797662107377
-0.0029096358901953487
-0.024427596861202317
0.030385138564451082
0.02037091412827281
-0.02512035540536927
9.832346036008043E-4
0.032202284602092984
0.03766474493181504
-0.02314496520728313
0.010864748542851736
0.011977296962087117
0.02508897830387701
-0.0033504737030575463
-0.0225765578726167
-0.018154392812254568
0.011407488262770911
0.029218908061867725
-0.0012114265167813484
-0.01825970196002967
-0.03438163377938231
-0.01740766900004213
0.00841528425565571
0.004130353570854679
-0.0015964559289618416
-0.0012569701001405465
-0.020550667563261262
0.01582149041075803
0.00402554593397623
-0.009322271000596759
-0.038414444925087124
0.0035985688251752236
-0.01282344315818069
0.011779633535534378
0.021915673492401352
0.0274901643204196
-0.004346980370147679
-0.030438286512510154
0.02511413511949655
-0.01990975726833801
0.018008861507533155
-0.009119886855750218
-0.023313236846017823
-0.03501720550381612
0.01914682636860326
0.03488907688248864
0.032824871102206485
-0.024859497397309978
-5.898225332556795E-4
-0.0340300689747151
-0.010382054752439394
-0.01537400935353441
4.5239443134090923E-4
1.8671770988059125E-4
0.016564490526633145
0.025141810269691815
-0.005494668302353581
0.03144762785805724
0.016440872237058934
0.0
-0.030833904830744725
-0.004529094006441225
0.007007452209033652
0.014594469519459585
-0.02027307545005807
-0.01876046040498562
-0.021244293165408976
0.04275327970978096
0.027134816252584404
0.027368767995779482
-0.017283063889636675
-0.01422490916453457
-0.0010273805921876857
0.0014280154337642063
0.01383248443450415
0.03434936293195209
0.022233709589357605
-0.022006799337848597
0.03409307415202471
-0.03639417870865035
-0.014056124207135104
0.005047365239987488
-0.02090418168627723
0.01335465702405644
-0.008786549913111761
0.0022935158067541664
-7.034101495728296E-4
-2.197387504054198E-5
-0.008852290686195684
0.010811869068461634
-0.015236239869732791
0.030704107263178647
-0.01405417269193839
0.03811071359605669
0.016998730825055323
-0.023368033556780465
0.0252609572616881
-0.039077145675958255
0.011893721213830661
-0.019236212286024224
2.1516045321750069E-4
-0.023483119567848876
0.011872133147863609
-0.013425025898161962
-0.02499349480274448
0.00786699711013036
0.003489546422935339
-0.008641901609044742
0.024802399324619473
-0.05667177580755939
0.006982137865564479
0.013095250835076833
-0.023000749945845268
0.017896709669861833
0.013067153420176393
-0.018885214086421326
-0.005628005262374558
0.03229584487322057
-0.025788065671501787
0.03572995877729227
0.03300779123584842
-0.029827747953094324
-0.017965944205875564
0.003644497457516776
0.005462246228345874
0.01886419300212157
-0.01478232144211401
-0.029834587595245637
0.0373567618703068
0.004392027065174355
-0.023960946441988405
0.015023003518655993
-0.015613815354829114
0.0017066381557889095
-0.004155419441568511
0.013200094048282627
0.015305439749797884
0.05787850608886236
-0.01917576202352744
-0.05587355866041223
-0.04319692704330039
-0.010785721599998833
-0.0010113736378204521
0.04527315594038154
-0.0042630065806333155
3.786699349326052E-4
0.014256890316658052
-0.026252706889126298
-0.00987086660003798
-0.008611359392445204
0.006756344483459626
0.07178194755262635
-0.0019039601781846455
-0.00877455617137795
-7.894167345678833E-4
0.049912115534515036
0.010738004223797115
-0.003536665024304546
-0.032438261726886596
0.00353325398016429
0.03044287998294779
0.006088287059934313
0.023830063310206154
-0.01706960895255776
-0.030048359727675104
-0.01978285958634878
-0.02959762393755247
0.00292729422597671
0.00705106377973895
-0.0037557175476528905
0.03530794213353153
-0.01304244338660306
0.015092139586904932
3.0594343869075856E-4
0.013287844838415153
-0.04042697156494547
-0.006118438145236896
-0.021237774576703845
-0.002665239080397919
0.010117198308080094
0.06569825885279414
0.003222263182239941
-0.01577328784816423
-0.06289100001660294
-0.02998775086967448
-0.0341497033513716
0.004549913468776715
0.02977433067517144
0.017987815999558652
-0.004548009949553126
0.007809972276106646
-0.008436899058197405
-0.004235616927506859
0.005192188619520954
-0.021004377105568524
0.0012730432987749125
0.016578789234269767
0.014672266456716907
-0.015432193498632308
0.019664190860018024
-0.02381617149869189
-0.038405853731593095
0.02298864113258241
0.029698176579380276
0.054973868697988634
0.011349316678889953
-0.039862445535385455
-0.015262210823033225
0.020395550791539135
-0.0022231169773206747
0.01630012298517453
-0.014579879955180067
-0.011938155429061131
-0.001583235772430882
-0.011226571555850124
0.035518406920013325
-0.02118082577100382
-0.002299769987304805
-0.028513850500556496
0.052615479025825446
0.009915238300191209
-0.0036755423266117953
-0.008895571934136353
-0.01590857717460881
-0.03666381643469642
0.0024500014264348877
0.032820841645105396
-0.010958844887029136
0.028542067604225695
1.9383787293037955E-4
-0.0063696205312436865
-0.022423745648509408
0.02610192905346938
0.002980433475600404
0.01273986549708962
-0.025996409696588556
0.0197075199940743
-0.021210012441317844
-0.02299438829743068
0.014918251782358227
-0.004267654160092107
0.02128693091970552
-0.016662651686164796
0.014060712367449142
0.005898373354921507
-0.01094807489533758
-0.03629649034247977
0.009414117648066746
0.012444242564126129
0.014658175369427588
0.009664878810787092
0.005590525015010011
-0.03593955822321566
0.004308838627456402
0.029100630814187053
-0.00796960055826494
-0.0016856761916575133
-0.024509329057753132
0.02541639202441068
-0.05326814757588941
-0.0027469561002866722
0.017175096675387597
0.014079337802291989
0.0029749542446252143
0.05317322249912933
-0.020067916684117205
-0.03955613146711239
0.0
0.022753606213052696
0.0032649709300612336
-0.05605280630599227
0.006967214289008419
0.03691458465440843
-0.02469880801151732
0.046678403879358274
-0.04201464558234677
0.04407799621589763
0.0014090236073305588
-0.010186756656672586
0.026607507757071578
0.007214110819033432
0.04421160564672989
9.933950209112911E-4
-0.003762042717636107
-0.0022623280467504794
0.03364999064089208
0.014699672977642034
-0.05531473503336688
-0.06838275629955971
-0.003020937203972184
0.016829523467311435
0.01192239508345502
-0.03928667853876626
0.021057668784498235
0.003933825057853245
-0.009926952077134
-0.0011385759560008592
-0.06600778222013762
0.018016857651092594
0.026907904530138988
0.01656775593585717
-0.042446654066942535
0.028225399915143258
-0.005342015472991315
0.025273496523587517
0.02254823024548515
-0.018289627157113453
0.028342605356566596
0.0047277679540246465
-0.0595353761065342
0.020590320995395647
-0.030528872893535574
-0.034704829414745494
0.05458320181654626
-0.012857712287050361
0.012734669315049
-0.03870822888297587
0.017635260914748572
0.0076956525663665135
0.018214939282410327
-0.020185125583038224
-0.018741745221066974
-0.01813574427051856
0.017249270447342212
0.025581000986814536
-0.0029489585151505245
-0.008614063728866521
0.011465754421398378
7.596446282994457E-4
-0.0026024490118188234
-0.005332969709463436
0.03171970204039921
0.05515364997136885
-0.02945863561485513
0.02115752738876294
-0.03413343318625534
-0.012111893029256233
-0.02177249624614112
0.015109522452374085
-0.014628724259135603
-1.2449843771422144E-4
0.0232703602502171
-0.01785714285714286
0.03059181217219186
-0.02121620968150892
0.04130061788178589
-0.0037247857774499148
-0.018008817203643553
0.04240369664151915
-0.01623758779408086
-2.228994882822674E-4
-0.013839640940396636
-0.023822664997012025
-0.007453453775585612
-0.006504160640299371
0.03234819856605659
-0.020632881966661548
-0.004186331750314264
-0.015508943029109126
0.004853559811145505
0.007778943473759002
-0.006134256741720877
-0.03045253116983919
0.0024280437331990687
0.0057806036260253865
0.010258323220882378
0.0094561174694647
-0.04940830450744376
0.0036797649996248294
-0.02480991353230005
0.018648193177586942
0.029564511274125974
0.009108899634405115
0.04725116394299554
0.0027486444414792713
-0.04360908271386286
0.010524068576978605
0.028340378754292038
0.00887083863115654
-0.012635199344456637
-0.020391854979893157
-0.0019058032461464766
-0.040126841688930735
0.022406857685114443
0.008662913322490383
0.007389194832143238
-0.020611095329813884
0.010282312842890062
-0.01640600589933667
-0.05773138202264945
0.06648288477150502
0.005271940358281468
