-0.020880533411274597
0.03378698312421498
-0.04115233540481572
0.028245885691875455
0.01348339263341398
0.014532297743828311
-0.04232790759124948
0.014312217214007179
-0.004469595895414621
-0.01809020612393404
-0.02499592358489669
0.04755572560424589
5.089725740637062E-4
-0.030978310221905215
-0.03173889063183294
0.062208228279674656
0.0156864221717695
-0.005639174009664977
-0.045782775199016114
0.035735527036912025
-0.00431550288462418
-0.010083986799267117
-0.017217013167722933
0.03161650285161435
0.026099214938014825
-0.007001531077893837
-0.03485146319789653
0.015753779337775452
0.015447215278178423
-0.02466219120502964
-0.03204494748039162
0.04125992340724255
0.016176707294997646
-0.008539027433331013
-0.04045757294446592
0.032819893082799464
0.050640251453465346
-0.040809362112196844
-0.012346421984769849
0.002515532643501319
0.09738601910877191
-0.10741293210709178
-0.07215896293157074
0.08218587592989025
0.10305946028656006
-0.15153305016440533
-0.0762522986714046
0.12472588854925006
0.12139055384108256
-0.19036040495007306
-0.1188707986050913
0.18784064971408174
0.07274945224366998
-0.17539318529899656
0.04875704888192424
0.053886684173402186
-0.03613462863680723
0.05184336631920458
0.2548702446828276
-0.27057898236522476
-0.2914455640653221
0.23967919467429555
0.11001859819616515
-0.058252228805138806
0.02186890743928966
0.14495936044915508
-0.20954174940556106
0.042713481517116535
0.14979476703776803
-0.10491441363596588
-0.19354370369054813
0.148663350288746
0.10436171209796923
-0.049916186833336845
-0.13151407904574014
0.07706855378110801
0.07720319562082907
-0.062380619959394534
-0.10326695015748578
0.08844437449605133
-0.0046527871298823464
-0.015111355838686929
-0.034017057008652624
0.05378119997722171
0.017382566291987648
-0.01974259182666984
-0.008181513090734987
0.01054153862541736
-0.0014127402118282242
-0.020852700751411955
-6.1041912496699E-4
0.022875860088207297
0.031218342247434732
-0.012804748977931405
-0.010448691308383776
-0.007964901961119875
0.02624987404726646
-0.01012943588297904
-0.01743627589622217
0.0013158377319344335
0.010913487897709757
-0.025034507775485836
-0.007347734369947453
0.02146875424772357
0.05438476196480585
-0.027279164224060824
-0.03432986672106405
0.007224268980318985
0.04930698430212531
-0.022218371134649306
-0.023899517247165696
-0.003189095920310199
0.0472841941674228
-0.04391605558949213
-0.009822579271851612
0.006454440693920874
0.03404121177716548
-0.023199450830825037
8.716178234967967E-4
-0.011713378769837177
-0.023854199375463576
-0.02891187120223835
0.009254724206522544
0.019242127700660864
-0.004709916285998574
0.03186146513946335
0.03644316077252686
0.012230010840485028
0.01880177229226624
-0.004843091224800925
-0.006546231246169565
-0.006584605227301421
0.010413768612165851
-0.07097066813757644
0.016809453348901954
-0.029516433624718473
0.020881457940205586
0.03329627847284104
-0.0014306085581416907
0.008758090423474953
-0.004959794043149255
0.041791796327660634
-0.014850385311772329
0.04441052966925368
-0.03915036174833726
-0.05392010548711072
-0.018402499698223614
6.659723166312151E-4
0.006942679776465736
-0.016321438182192925
-0.01715890787918627
0.0432342791057963
-0.016862416958552378
-0.0051967944482266895
-0.01629594493805431
0.04385986668637364
0.006829308541080013
-0.03356849321007077
-0.03675359238591215
-0.08711261508260466
-0.004771827876415422
-0.011012851957276342
0.042034623102726196
0.034116574643005104
0.021896122010182085
0.01324558625458116
0.029940936977186704
-0.021500816762837986
-0.00273650431144613
-0.0056936032057521915
0.025414874837759407
-0.04624208463654873
0.02926927666044602
0.03320755104301252
-0.007106638202234892
-0.03244936672835693
-0.01558086038357678
0.03504458593345547
-0.041061497806788805
0.028882496776667137
-0.006878100745286759
0.023901447760296974
-0.025287390804036778
0.03556169950426592
0.0070967867095512276
0.022518006958965598
-0.02338791529416882
-0.028798541079604504
0.03991811948691676
-0.04772232839157834
0.01842691593871539
-0.01712869741742999
-0.015711167356777137
0.02007643558127076
-0.036949369376692125
0.049527146700284436
0.0
-0.006707538343950867
-0.001170688708632267
0.03349622722654387
0.02603588008105032
-0.017628567425886865
-9.76938557024045E-4
0.018998500774238754
0.007414672829140434
-0.011175496663335109
0.038001781940360795
0.03905136119389958
0.04421909207296314
-0.001954287080787126
-0.014969078545465586
-0.04956318157410295
-0.030319594202502357
-0.007084115783941736
-0.020945184913375988
-0.00457254640140278
-0.013527065697322435
-0.021519474291333416
-0.021224250638538448
0.015569512911131091
-0.015095749207849219
-0.007247612657457905
0.01142296315425578
-0.023811064024681198
-0.027128873303619575
-0.03609044732847154
0.05250304979284666
-0.01325933480921134
-0.012059733432682535
0.05919704654890394
0.006108677403514246
0.0038344479892663827
0.03413927953618623
-0.0030263182461050947
-0.010368440825529478
0.011629949188975263
-0.050489393720999226
0.027582254974771736
-0.01768381669311539
-0.009554116865548336
-0.010868966781270733
-0.010175556374387502
-0.012244999158233412
0.03759361395675727
0.01688568556127877
0.009979688301418044
0.0017184038492498235
-8.050494894408754E-4
0.003043129407148522
0.041206759971314615
0.026830590622841974
-0.01733559937183976
-0.01413002121395764
0.013826533677859552
-0.01960591107518068
2.530456069189946E-4
-0.023722913298755754
-0.014335528655640254
-0.011147711340741417
-0.00675139202012337
0.009693385325016358
0.020307956716922097
-0.0139810904815864
0.0013791702343885362
-0.015922496711185365
-0.005613969968011813
-0.045353871868440754
0.048637987934846735
0.011761555960391436
0.008514488730536666
-0.012692806660444086
-0.04614642076808362
0.015030462709586506
0.02726162696747384
-0.0059966186435692044
0.013872373306725489
-0.03354509142395999
-0.03006933017079274
0.034961872845645545
0.01721003163534725
-0.02520646560163257
-0.03574279455209728
0.018895972504140462
0.032563372280885086
-0.025517981567435802
-0.0163012894357948
0.032298717268113036
-0.018623301467257835
-0.016677002229487883
-0.05547200651239154
0.04601345321588801
0.014475158238446922
0.04224262722986019
0.009388531288836599
-0.014530309496706414
-0.012802604748262955
0.04251682963734229
-0.00519867936722012
-0.03656970145269547
-0.026242090891332826
-0.005220435546349132
0.05694522549519254
-0.0119336212329165
0.015593912006502498
0.001360066074379565
0.012566109546265303
-0.026203104866683247
-0.0020118631232057815
0.0499807734208088
-0.03292280774211787
-0.006768634536680969
0.021663748182956636
0.05625265737532803
-0.041368261027486634
4.092683031857243E-4
-0.010862667919354242
0.010530892243331416
0.013590458981965252
-0.007915133812216167
-0.021554901329095124
-0.055985514219708155
0.013684999516605106
-0.008707523128877563
0.014811027637826806
-0.044264243724091
0.020659279539538448
0.04950326860440603
0.01172536553270576
-0.08060221406121006
0.06763897205365861
-0.030117630836720317
0.009973990476920633
0.04512110041047229
-0.021781712840948993
0.06639300323293011
-0.02674743233465944
0.022446164351376988
-0.011475976923076562
-0.023310603033911338
4.0679390518263275E-4
-0.02804392168069093
0.01988449883176136
-0.04240348509950774
0.0016401433265173307
-0.019389886638171597
0.04302479187797652
-0.020084292764265488
-0.02755999921981707
0.011167102640170526
-0.031364996930078506
-0.024619025370725703
0.01483712100634102
0.0010652778423232128
-0.011841791705029654
-0.014815301575298558
0.028257833802899177
0.02847781335010656
-0.03614665381077575
-0.028340915905597817
0.05559403276811026
0.057090200686274115
-0.009167241189346245
0.03427268825808504
-0.013823953203287545
-0.02556676728967565
0.031814326431394535
-0.04300799043840681
0.003464781389536025
0.00875694723924383
-0.006810418850910251
0.023932298686118382
-0.02619698874378019
0.00862888859029622
-0.050424260754514366
0.05159436171307934
0.017651355755568275
0.019559690419976208
0.012247911859553654
0.004242535371741806
-0.022699380289051174
0.018232701620776504
0.04575753100875074
0.011692740233939413
-0.015554711148664482
0.024292804916121867
-0.008510623758679005
-0.0021946095376832557
-0.02910753865947468
-0.013289853496843777
7.90357741897757E-4
0.007469197028281582
-0.03724233113887378
0.02292266726452761
0.04884539324024713
-0.0497501029353976
0.01923437043492141
-0.025440929619392073
-0.011621563307352478
0.0037340284752274706
0.025586540093849346
-0.03514680260362325
0.0036847787004570982
-0.02934064767578209
0.051653525190529716
0.05267699818052948
-5.8503464872692104E-5
-0.04028479186179884
-0.04233413412173546
-0.05670790874164268
-0.00580624584691956
0.018195551227602164
0.020601478574195933
-0.01161787914680691
-0.0450520109561303
0.04478241080177772
-0.004555708661251885
-0.01232849048352705
-0.02063356108661702
0.005688064703745933
0.004372857814429053
-0.00503132865135205
0.014017194254851002
-0.04000472215687376
0.04829752315550326
0.04526156040928758
-0.05941941154202044
-0.021015590339843765
-2.8021991802518377E-5
-0.012272349301934365
-0.01210891975353911
0.013015665957853282
-0.03466153309637009
-0.043590115512681174
0.030060638661290464
-0.005062172137250457
0.048944878301021
0.05857844968459899
8.055031711888365E-4
0.0439809796465639
-0.0167540351194501
0.044779284017570885
-0.004419197379409469
-0.006897407823830817
-0.002426669462181879
0.04145724566265375
-0.02680257689741711
-0.03798406830523417
0.019197047250858343
-0.012526402072666122
-0.053224625698743463
0.03088468233800863
-0.013461261242496478
0.012541100759912821
-0.01459799090366717
0.01805257900989625
0.001112757862121748
-0.019469699352363416
0.038592358833030735
-0.04388989102120356
-0.006331224906820617
-0.0564604570923429
0.018635759109269158
0.028806091225595288
-0.014006356250792693
0.02286633979280061
0.03288497003501553
-0.013986268470542077
0.03145980411152389
-0.03498265499464473
0.011579534460144331
-0.028515036090715522
0.022732743812778785
-0.039682414299892534
-9.69871251900619E-4
0.0072013237083474865
-0.03332164184026392
0.00750724113842237
-0.030037745630822888
0.016050215222556296
0.011081521786295775
-0.002300963756307301
0.004229366491086933
-0.020815773640017677
-0.012021993741731813
0.03048200081742058
-0.05645584735217708
0.025416607591802767
0.0764209615894588
0.03459393700174017
0.0519997067924958
0.006421687061701991
-8.106513900531416E-5
0.036888235541007855
0.028585399613305605
-0.0013002887771206492
-0.04861879467412791
-0.013055150061222438
-0.022592025657954165
-0.020428258643268252
0.02723609701861771
-0.03719042782391105
-0.0020694057672858597
0.00893885913363257
-0.017712002766991735
0.025600654451967544
-0.04144386590373711
0.011854420468556885
0.024209898350267794
-6.938893903907228E-18
0.03957434230696005
0.044823395231846475
8.052594554099472E-4
0.007031017400067691
-0.0036764455101095314
-0.03318854011283201
-0.007330319852111063
-0.01599628360161679
-0.05270275868905448
-0.0011056991661178312
0.027644140108517387
0.0032117763296761748
0.019691045038005832
0.006561803760381317
-7.235987832225968E-5
0.007839336197535449
0.030347249223578572
-0.016181381015508152
-0.03162436821127111
0.010377172494558506
-0.010518220754408397
0.009876110498467996
-0.00416311287282134
-0.003969319929533963
-0.02759828391171828
0.0012416888023438792
-0.002020666848858127
0.029900894489104927
0.051654963445622024
-0.09579461839966479
0.009222584367542568
-0.014707081113689647
-0.01388906530361628
0.003840261915638554
-0.013946430328927742
-0.016741619127960215
-0.024668297014336926
0.00932778019651229
0.0077365175299655
0.04156113697850173
0.01257825921662455
-0.02305417158890648
0.0021274215396935234
-0.041030327811515756
-0.006449628925430856
0.02621268439186869
-0.007882708896144473
-0.006212161850191978
-0.021566336517134892
-0.006347852502911616
-0.02741735869274731
-0.026049286532349267
0.014231727022195129
0.008409498111160813
0.02730107104360939
0.015360798920443283
0.025896288843229393
0.01306704646469816
0.028230326268996762
0.08653507555949326
-0.03098852401749087
-0.00973841089022808
-0.02812514319254141
0.01147619289017613
-0.011000810977140658
0.0013079146718009294
0.02166921706962346
-5.041099382338196E-4
-0.02371020813329162
-0.021990042467978768
-0.004961349239353641
-0.01785714285714286
0.008187942575954652
0.03406636874146758
0.0010802454830642662
-0.039540001055512815
0.05790067824190784
0.0019545642047601366
-0.03339514815750136
0.034419831906365286
0.010094336356221586
0.021018492528793394
-0.031066471081592707
0.018125313703057457
2.055802823550698E-4
-0.02704590206248109
0.03484943170613378
-0.01309283888681486
-0.024898866599420786
-0.038418651733455864
0.004227459442155274
-0.003584268044591995
0.014147902802762643
-0.016495190964492343
-0.019451159559361622
-0.02039768833921199
-0.043742394631066196
0.06656509613947181
-0.027056249425853326
-0.02133409784857582
-0.0010477635966902763
0.020186814015846155
-0.0033801038772709735
0.013497745206391576
0.013115155330137442
-0.028131421441360233
0.02506267675347371
0.007304867917288179
0.026306524589592543
-0.02354127089137702
0.026886210752290477
-0.0016629282722093325
-0.021437777151650482
-0.012929052225073494
-0.005796736891985503
-0.010010166272450521
-5.502730071044269E-4
0.004863064604261048
-0.004153760812688378
0.007264465785437467
-0.013390864177273268
0.01598120578527608
0.046126413674909286
0.02060995521154949
-0.02880465577752479
0.06464639810314571
-0.005736023160493775
4.414504473672226E-4
0.019641561021853098
0.017626475531138136
0.02965709461641369
0.07063591845170762
-0.08922743278179449
-0.05913890688684939
0.029910112675598993
-0.015241448455150032
-0.018883445058269294
-0.011775901388075122
-0.008184445255619479
0.0463070234294531
-0.0208556276983673
-0.03747606385769295
0.03586007631172723
-0.04937941290287391
0.027698303422828408
0.020549172629306684
-0.06495470955289696
-0.007621641380345597
0.04405636563932573
0.006555014960078936
0.032972711895933565
-0.05052734183697272
0.021575657476729265
0.004885350223876518
-0.018183906193441155
0.08823508592682583
-0.04616473821231584
-0.03925457696984547
-0.01653883110086717
-0.03358101057466755
-0.009598532009001945
0.03376806526449462
-0.01569118713555637
-0.012155440154687724
0.01424150035518541
-0.03446252142493288
0.008390395314082538
0.024330586440830866
-0.019913319781722925
0.009460726766562899
0.00847622435114998
0.008621758290818727
-0.013602710478132399
-0.028506046850545617
0.0232992282857306
0.025355703548731873
0.002116525531408335
-0.04439107803473201
-6.778391601016537E-5
-0.008215287240599547
0.024579475850323572
0.01195578126341415
-0.04482246852121061
-0.01042988009321555
-0.014271859607616375
0.013399147739085192
0.08779938731534925
0.21366881358210546
-0.06344610087051579
-0.06951648986134558
0.08306760000840298
-0.055768699838964195
-0.0032293034872517444
-0.004681629479804116
-0.045748099360320274
0.009115501449483861
-0.006366229866700485
0.007799288999757462
-0.05113885015747921
-0.005090990341656734
-0.04198918568058941
-0.018514652763457564
0.10247927912180063
-0.05171181162335044
0.08364057859677496
-0.05678358948378586
-0.03230844697108102
-0.04591505214037244
0.03375673008922834
0.09251187729354717
-0.04049569727531514
-0.022751405614947783
0.0731501271808258
0.03455787773052178
-0.05740396390619236
-0.020952493090934436
-0.01974641963564271
-0.06218938662813539
0.05183171336666266
0.16173055255162336
-0.101936763414241
-0.024219453837964505
0.00706921437665687
0.01588230221815289
-0.017640908476308375
0.04983934071006754
-0.054430825388871826
-0.02505650067479898
-0.05320827958466498
0.04456936575837275
-0.041395217587197976
0.026254403147604403
-0.05460424116409583
-0.05939523906127539
0.11419582844217137
-0.00994946216218679
-0.030148492868764098
-0.006701092054976765
-0.005069036858579784
-0.021456546263739974
-4.7959727583219433E-4
-0.010664620638201696
0.0011077972068945195
-0.04888792699394074
0.048394861077593304
0.008950110253087774
0.007512279004709171
-0.016051223917517496
0.0023201752157787393
-0.0018140056078121084
0.08545231452698944
0.25657606847572495
-0.017450182204926046
0.02305270541320234
0.051559500664190364
0.022271363748685748
-0.0494324049395245
-0.06224811833544633
-0.02248161903046089
0.03161415791312658
-0.07191219263643335
-0.03407848376781883
-0.0828441067469471
-0.019615085423910585
0.04824372257654212
-0.08808503538222721
0.11221572878499471
-0.044289279902325084
-0.008671177992719437
-0.04015014155067036
-0.014147396579208828
-0.04091102249219582
-0.021799887645100345
0.09233565585939132
-0.017217824872259136
0.02585749191888515
0.06380616839913827
0.04799017265780137
-0.010648865090215915
-0.0528479826859059
-0.05282072822414405
-0.02831139296177639
-0.005586720945786376
0.013171887874912538
-0.0438108164408864
-0.00497944303734206
-0.05196196023088773
0.0030379194736888313
5.844413969325335E-4
0.08460566150669233
-0.026257543570260045
0.020805962678398498
0.018327999016635375
0.033062053893723284
0.023680627152982584
-0.04673929058471904
-0.08337330533157708
0.004668776803397903
-0.01698193353326214
0.018121716912013478
0.015818263170666366
-0.0257785195291465
-0.02400176475603761
-0.08500035989221223
-0.016979298485734734
-0.06984466810678257
0.05780465522018034
0.0015754096494879563
-0.07881486347311886
-0.011976640701664524
-0.05269718953538502
0.0177615961774276
0.1079238578641772
-0.039133381366425385
0.2674070627824446
0.12039815312304207
0.03374711075642744
0.1105395937232953
-0.021104464242438867
-0.0697622026152962
0.02856494573710177
-0.014724428696505377
0.0018077721068342975
0.05505618780059365
-0.043275528817614775
-0.10563150865841839
0.045995450971482985
0.0033805518982962593
-0.06650668560203632
-0.012119189456979373
0.03669370225877562
-0.0017059490833259156
-0.052450713994686246
-0.0010510584980849905
-0.04539437758593633
-0.08084818565735177
0.04997121161325114
-0.06267701758876118
0.00592684195943477
0.06823488068701133
0.07434296682090594
-0.004022175989258629
-0.09370714059480387
-0.04187443844238983
-0.016400716891958284
0.033345476773787505
0.016777346307760888
-0.011793417657765183
0.038543138764416986
0.04611092587995902
0.0069923751732873
-0.04674835809977196
0.04204050666973387
0.06023290247902695
-0.12411793974276743
0.0198203363694157
-0.01164778981489829
0.02595711254818569
8.674429793382194E-4
-0.0923025415648442
-0.04314126866776431
4.462763615490882E-4
0.01248799965149398
0.013597185214664582
-0.12234000694490088
-0.028412226501157364
0.03571428571428572
0.032941180037803275
-0.057652900262043866
0.03181303561441941
0.012872231494819326
-0.02773037721471558
-0.050998382163430306
-0.07757644146334194
0.005444167934456755
0.1320864474483037
0.021810927498499756
0.0465257723542086
0.15663098978737877
-0.009195389348467692
0.08563151369903853
0.13334556153175903
-0.0892857142857143
-0.1132711527456008
0.07454006745812668
-0.0459122432741257
-0.01785714285714286
0.017292700201395745
0.0
0.05632310583118762
0.053571428571428575
-0.03571428571428572
-0.05032959613110738
0.08220137575614701
-0.01994967485155611
-0.005436559810280915
-0.008514655014613856
-0.10727501844716943
-0.043191333062552406
-0.06774190457727611
0.1849160237949243
-0.016064206439388207
-0.038186149020217136
0.06841147895538437
0.0
0.012667754452008635
-0.06643474159921318
0.008482682514626928
-0.039398355555921374
-0.07259542114038459
0.0
0.10715833918321235
0.053943697242409314
-0.03528580434140483
-0.010435204441911705
-0.011061012574959415
-0.030596058147958932
0.014969531510248024
-0.004891194762367108
0.0033084531054727384
0.0
-0.1541825656646998
-0.010398901003606277
0.004280904707797437
-0.07234939509103011
0.026668411673706812
0.0
-0.013280281913448376
-0.00426232283581833
0.018832624088632607
0.0
0.01250854593366181
-0.14121431517099065
0.00661088271692677
0.01785714285714286
0.030511559575027124
0.0
0.059130921872944664
-0.021444145415405926
-0.032388706129066705
-5.23237927853637E-4
0.27543533455643876
-0.019933352494109272
0.0
0.0
0.07924610811101537
0.0
0.0
0.0
0.1267982330910156
0.0
0.0
0.0
0.00961736283181739
0.0
0.0
0.0
-0.1429122517901784
0.0
0.0
0.0
-0.17956552396417455
0.0
0.0
0.0
0.08764571793410147
0.0
0.0
0.0
-0.04039603548633909
0.0
0.0
0.0
-0.04307734378258425
0.0
0.0
0.0
0.11952419183728002
0.0
0.0
0.0
0.0
0.0
0.0
0.0
-0.026060783508558758
0.0
0.0
0.0
-0.04470635944679682
0.0
0.0
0.0
-0.05533940462092807
0.0
0.0
0.0
-0.16260058470591252
0.0
0.0
0.0
0.31170970084590804
0.0
0.0
0.0
-0.03988302734566538
0.0
0.0
0.0
0.0
0.0
0.0
0.0
0.0
0.0
0.0
-0.03613462863680723
0.0
0.0
0.0
0.0
0.0
0.0
0.0
0.0
0.0
0.0
0.0
0.0
0.0
0.0
0.0
0.05184336631920458
0.0
0.0
0.0
0.0
0.0
0.0
0.0
0.0
0.0
0.0
0.0
0.0
0.0
0.0
0.0
0.2548702446828276
0.0
0.0
0.0
0.0
0.0
0.0
0.0
0.0
0.0
0.0
0.0
0.0
0.0
0.0
0.0
-0.27057898236522476
0.0
0.0
0.0
0.0
0.0
0.0
0.0
0.0
0.0
0.0
0.0
0.0
0.0
0.0
0.0
0.0
0.0
0.0
0.0
0.0
0.0
0.0
0.0
0.0
0.0
0.0
0.0
0.0
0.0
0.0
0.0
0.0
0.0
0.0
0.0
0.0
0.0
0.0
0.0
0.0
0.0
0.0
-0.2914455640653221
0.23967919467429555
0.11001859819616515
-0.058252228805138806
0.0
0.0
0.0
0.0
0.0
0.0
0.0
0.0
0.0
0.0
0.0
0.0
0.0
0.0
0.0
0.0
0.0
0.0
0.0
0.0
0.0
0.0
0.0
0.0
0.0
0.0
0.0
0.0
0.0
0.0
0.0
0.0
0.0
0.0
0.0
0.0
0.0
0.0
0.0
0.0
-0.0033466448547061836
-0.08116394998552878
-0.15380557202000228
-0.05312939720508496
0.3123141142419957
-0.08327344269359556
0.004877747182137399
0.0057607759437585185
-0.2311049987862605
0.2469131669651349
0.03522757220688221
0.0589828578104084
-0.055993563161739465
0.062483586163144436
-0.09584149677457833
0.031099244968034487
0.0
0.0
0.0
0.0
0.0
0.0
0.0
0.0
0.0
0.0
0.0
0.0
0.0
0.0
0.0
0.0
0.0
0.0
0.0
0.0
0.0
0.0
0.0
0.0
0.0
0.0
0.0
0.0
0.0
0.0
0.0
0.0
0.010333489208699354
0.036766389136952835
-0.03258938034321551
-0.01785714285714286
-0.01894609806903144
-0.05893503123720038
-0.021139963536439828
0.01785714285714286
-0.06563616183379133
0.029082615895069223
-0.04160801108853708
-0.07564401499274308
0.0
-0.02645048469113751
-0.02667891251394744
0.0
0.2320168998005861
0.039699248487293046
-0.06978197437097008
0.11037994032508665
0.09736760498453723
-0.13242801715302538
-0.0322599936280806
-0.01595303689702691
0.03253864578841504
0.04095298271541408
-0.050747252621103855
-0.017866628700587982
0.02149217916379637
-0.035179834684795665
-0.11351559980320068
0.13296403126795833
-0.05349867507212927
-0.08921467993286651
-0.005319737582647579
-0.08307190619861717
0.027844231006595384
0.03140937153471664
0.08177060453930936
0.10588895988451362
-0.11856502678469544
-0.03715381794881238
0.11227517837632148
0.0786712385640686
-1.1721605475082178E-4
0.02934368158688415
0.015752303315581778
0.014004088962693312
-0.01282062624791395
0.001103465882693229
-0.03545762438768542
-0.00881877840883332
0.02705848592401647
0.00956964804032532
-0.019023139686154694
0.044878591884957415
0.0
-0.023466771352706698
0.037309236444640514
-0.10968396186651218
-0.02927296477656566
0.07998682008522998
0.007470563195581526
-0.02708517353621133
0.19587978015475918
-0.045157441696088124
-0.008320928623184388
0.03362967785375563
0.006662623098740921
0.0011741505749329403
-0.04665712894197864
0.027174778842377373
-0.04163385532445895
-0.04719066582900758
-0.04816671168791756
-0.0061574838431344685
0.019792227877105672
4.525407907503519E-4
-0.09198647083301054
0.07237381502564781
0.06986055757935775
0.0377149513006048
0.031510364575282085
-0.005761649609126994
-0.11221870500628245
0.021299086276419785
0.009953207280517821
-0.06941761736583886
0.0773361896037452
0.0020023373377579326
-0.05327434553119894
-0.016716673721669992
-0.02891631090975016
0.08552000336150496
0.007935127610394496
0.08813283766743771
-0.019901484979685916
-0.04239950165662627
-0.023139516747916984
-0.06622203944584255
-0.021642116481384397
-0.044209127452909766
0.07772482566132094
-0.0024585724180625178
0.0015240793699559108
-8.494691577963509E-4
0.07127656338089255
-0.014722022481731063
-0.006004425216597813
-0.03327047312437416
-0.06754919496774726
-0.017699273687055418
0.038143060479866
-0.02862231783301385
0.02390541761939183
-0.041324161933764106
-0.0441818167917031
0.04591804342714978
0.036017017357639736
0.009946938303094559
-0.004534690708412191
-0.02711592555237836
-0.03856737151859158
-0.04675365802660265
-0.02580340064728645
0.024817622399736946
-0.012174933679633657
0.13304365862162348
0.21485882938427087
-0.029907547193836877
0.022220734488841872
0.07680989655502111
0.011006079847394604
-0.04101825306538159
-0.01735361253479757
-0.031098524132338923
0.03870123963045535
-0.039222025922761375
0.020499599070109387
0.00397652404576921
-0.01785714285714286
-0.060465345138104865
-0.016198803665728685
0.014843118525998391
-0.015395608820496835
-0.058816460921490774
-0.07044068234964315
-0.026727263088998233
-0.04558814349887658
-0.010751895081541138
0.061397627575382585
0.01912456383062788
-0.05708858178340827
0.09946442527590277
0.05385299113451933
-0.019190913269513984
-0.044933012344475776
0.005250321226044356
0.02778090875531278
-0.0228526902753108
0.08865646616645373
-0.05636165282359716
-0.04617483086517338
0.046571740463146785
-0.04973467481068
-0.02279778090386919
0.08624473857285828
-0.08686600605973346
-0.014894690817604013
0.011953070383310956
-0.015514763276924567
-0.05027548164559795
-0.03951660155801956
0.004315886019648156
-0.060542665752207424
0.011393543217440665
0.013005991300783951
0.02066295348715891
-0.06975636328696554
-0.004844490397506087
-0.011976731913945365
0.06793598655705431
0.03381329136635265
-0.012252852581843485
-0.05574567164970437
0.014619926677390874
-0.09496227506149302
-0.027687451836190403
0.06370544934582402
0.03275777146467808
-0.01813284432792925
0.1975206611450807
0.059735123103161265
0.049044516522506285
0.048826056075559676
0.14351998232978447
-0.008336182220220516
-0.05392390047652785
-0.03893979237777368
-0.023222832377243836
-0.003140440981840669
-0.07638998967504265
-0.06253975004785234
-0.022080961308204538
0.0
0.055481178513895016
-0.031105690362813652
0.0674343953805822
-0.00747381829710211
7.271696710679995E-4
-0.011835307205166679
-0.07771151454490655
-0.02283325219645772
0.0210055031627175
0.060510521410182705
-0.06531471487018012
0.01186772650235348
0.10139646233476239
0.08553470962779969
-0.034696853485119625
7.055018946083638E-4
-0.025153439161478667
-0.0029964325544383705
-0.08364844912197937
0.021772940815834644
-0.04084628719369242
-0.02553079835677932
-0.04442355988562424
0.007844511652342363
0.04728097281692056
0.04800692799896915
-0.01631701605438896
0.015716614523259974
-0.018222779184688377
-0.029225796824161147
-0.0043924866481992834
0.034219202199567034
-0.05335171319849924
-0.00550498217272085
-0.06853982953388005
-0.016654283032234114
-0.03208104515597551
-0.03571428571428572
0.045848306488681156
-0.030137566029031372
-0.009680279229163195
-0.0015447925001286188
0.023221271330588926
-0.031753549305916624
-0.05347098116032599
0.04236429580070941
-0.024233170325019378
-0.03618531575820638
0.0730732555748375
-0.07432193980575291
0.2383386326023308
0.03826441990223273
0.02005482249242334
-0.01351830713010917
0.01257902732511279
-0.0036485964582192495
-0.07255727307062305
0.01119436970232383
0.041855853670424825
-0.013531218182533299
-0.04323063609809351
-5.301816632049192E-4
0.033037700743159704
-0.033588513457248115
-0.01120585398410838
0.06933235300355498
0.04269522882573642
0.006045560715498936
-0.01669782660063871
-0.04502145852794241
0.002211235619714938
-0.021115305373598462
0.037721542405364246
-0.013511713092654894
0.001587772334836205
-0.02742345380759213
0.06589817795827282
0.04180622307552494
-0.012248082694956055
0.01870853091430632
-0.058060072044805344
-0.010576086864240254
-0.031705663976484666
0.01767641892821234
-0.019731554137251233
0.028033469738872795
-0.03328798379197773
0.01708402462843828
-0.009287545119899324
-0.015266227733432388
-0.03921753946040123
0.02615158054957899
0.011423892974266228
0.0024236817655765262
-0.0038656967329260845
-0.02149574116226359
-0.028182577003043992
-0.010904359584223613
-0.024820794017011632
-0.007653157716864433
0.004144441833592347
-0.011379283359029877
0.013627387578270969
0.0374014647574508
0.01492236915833743
0.02515825707517389
-0.027432809262207525
-0.015513985119276198
-0.014193970901059526
-0.06891678631940648
-0.015304302555983532
2.0537173864658073E-5
0.09923947031059681
0.0034945368224821097
0.050830205020109986
0.01801195252646901
0.013587783929137436
0.04825430215304366
-0.025520796779570525
0.0372649455275345
-0.00999048456105009
0.008179146152009733
-0.047683723530368455
0.011499254078187846
-0.01234152985019078
-0.014433976663665991
-0.026609326842539735
0.01785714285714286
-0.029123077406341392
0.021649357943337846
-0.015253756663018333
-0.02564950670375929
0.009178174627587878
3.462694418316786E-4
0.04584665018841108
-0.06368151931501453
-0.008305751172106942
0.028557495116290337
0.014228868744010473
-0.024095454270011144
0.027900277326226908
-0.003765402712689276
0.007535265607883937
-0.013935446301961137
0.01135874538935525
-0.01993061080745125
-6.994109972906122E-4
0.022018883250137653
-0.03217539708642789
-0.01153540242011919
-0.008625160303413192
0.005997517179684379
5.449135253785785E-4
8.643177578444763E-5
0.013268601452538555
0.04145701105200278
-0.05692470004933396
0.022323585775735177
-0.03207295991991395
0.015575075387262032
-0.028785465805023416
0.02303320225558116
-0.008203193078525751
-0.0014019371205280483
-0.022205956565864188
-0.03471151405163859
0.021964221206690095
0.01662905878570909
0.02980127367156045
-0.015109304566934063
-0.029530060611696402
-0.011995940243214622
0.03405611330646881
-0.010102036029735494
0.03938830634405453
-0.04696377690146974
0.05257237996921127
-0.043451962486347154
0.07484233527095575
0.02817934444704243
0.004534741207869059
-0.004239492799662374
-0.015495200902929798
0.0024200914589643675
-0.07323933810594846
0.0011308993758206397
0.03807295217559668
0.03489320332570214
-0.0237089069723988
-0.020274697650218602
0.011444056420032853
-0.0015726400427482669
-0.002536336068407148
0.049311928505761146
-0.011538038082488294
0.016676715865813773
0.01670418596170459
-0.019484405296828895
-0.01768649435277596
0.009225425446604565
0.01590906931407239
-0.006516828275789737
-0.006567715021105196
-0.07236244644575762
0.09454805687620871
0.00962930408228516
-0.010101146035585762
0.01700996890990094
-0.02277334301108643
-0.0491009359861869
0.005147996141856565
0.020226810140624274
-0.0012696489996395083
0.0027125985068002997
-0.004804889030820207
0.0038554382795450825
-0.03787755448332794
0.01756543617431554
0.00914684076263829
0.0050796655463497585
-0.04793996904546867
0.021390799220222242
0.01549167464854109
0.030211555031963492
-0.028015927220863275
0.022581515323929317
-0.036535857945544724
0.005585804528814971
0.0014549532449554849
-0.003723347281748544
-0.030784415451047886
-0.03818803717645538
0.08297777892027147
0.009308116045887122
-0.04807527564250144
-0.014830744864439985
0.0040949062317893956
-0.04835494061209239
0.04039076614986355
-0.015191812204489896
0.004332583172337841
0.007615359359122619
0.053929844205150505
0.04088781486385212
-0.001163407718531101
0.0045657325880931335
0.026378535248881296
0.015866242261936305
0.013319409597420027
-0.004249098102238731
-0.00351232234222797
0.02838838823591987
0.0065638340282284414
-0.01354128285005406
-0.046145586285533814
-0.00860467849646615
-0.02014664556041873
-0.03121958447283861
-0.008800091207850365
0.00548751238661218
-0.030139836241460695
0.032311147916432297
-0.03034590605292515
0.03844911331851622
-0.003300778028041615
0.005178487866691806
-0.052556867512098954
-0.044836368730966525
0.031466361842917304
0.01975038351224972
0.015107246696033111
0.01841638645673786
-2.7291198729550645E-4
0.0028074165525373024
-0.02837408874735133
0.010697924756358418
-0.020400774638284457
-0.011101487163429607
-0.026415985392790064
0.012276035898948538
0.0026659196561904137
0.011952609318161538
9.952221683014878E-5
0.016464853021472967
-0.029768987113335543
0.0040513957775643525
-0.028356796645505347
0.004100070254178161
-0.01977114280702763
0.027132625345890015
0.045763798389811164
-0.025195943752972717
0.05441095279295724
-0.006777647464084508
0.008019710118726257
-0.06533667905944203
-0.0020348563028664383
-0.03275735373537951
0.051135865969668924
-0.014792466834490498
-0.011790935174650937
-0.026696125807559784
0.08368739501932736
-0.006018330532928266
0.020234361771220337
0.0011565048217427511
-0.0043685917410607525
-0.015288479478193725
-0.010039872593376947
0.046477509648556875
0.010728150676863796
0.002193169634430319
-0.02579208226906638
0.052305639282780425
-0.025999792453463403
0.0014371026002643894
-0.03196926444711414
-3.6794964624374885E-4
0.04989785737010483
0.020814269454056546
-0.021052775763590395
-0.033425332201991745
0.011300192433417929
-0.033317917448605266
0.008143478977812424
-0.01324391590728129
0.039673066798033174
0.006234439175294877
0.03689036067229311
-0.013195321169146356
-0.019279783755739292
0.0412141125740651
-0.03854725526991669
-0.015702234612514215
-0.006839977344399083
-0.021805291099357933
0.04380547823441047
0.006134974677022554
-0.03296896347990291
-0.01552353918913656
0.04016414918937522
-0.012209235513282235
-0.027206968795020606
0.03732725650590729
-0.06995003645013201
0.03309714068315532
-0.00400408715577133
-0.021181390314974968
0.02146100233069408
0.009909261054580884
-0.026624502438099787
-0.014030489439421206
0.029911603513700143
-0.02926458341528983
0.03767572812533218
0.055244832085897325
-0.053580130322594614
-0.01652395151574657
0.02275269743396546
-0.006815348900278519
-0.005926134120409597
-0.014773359536549352
0.007558503973715944
-0.0032705872788686904
0.04088418247654797
-0.027276911058157046
-0.010459721892190797
-0.022318650983369253
0.010562788065881634
0.02071053486015886
-0.0047336452491225575
0.02584244296391171
0.04418334734992603
-0.03773806565083579
-0.04117282869304016
-0.041088384206305006
-0.002560002561673668
-0.014258588511740517
0.04259460053093529
-0.005577676373248977
0.017459228786102666
0.014956156375429134
-0.02233730207603604
-0.015922057837180047
-0.02415172678050034
0.01921802010326065
0.06680271062826156
-0.02817626995654636
-0.029442210647781315
0.012314215839291135
0.08424378118039054
-0.007617639114199057
0.016453542603962413
-0.044533806345493296
-0.02907998931158495
0.05301839730840811
-0.03726402224031203
0.03564025708915876
0.006039467102985169
-0.032617048640835
-0.004821818426174206
-0.012203968131255565
0.007917675807006749
0.03930883086181068
0.036643467644922274
0.019340422700877564
-0.0770934836271247
0.009167106675989125
-0.007385655984872404
-0.002865575452366334
-0.007087210148539254
-0.015145161584393583
-0.027104932351259423
-9.615808001811805E-4
0.009773840473500082
0.053571428571428575
0.022272007277076157
-0.015368467139397093
-0.054501313013692466
-0.04698351141870298
-0.03072474284706775
0.00465380648339315
0.03571428571428572
0.04327823950149397
-0.0031371950993722766
0.028407027592434613
-0.00532097794415444
-0.015862064066388296
5.932513226412153E-4
-0.013689979293815486
-0.006885614042537614
0.03918812927956301
0.0017082977303219515
-0.027239741579823822
-0.0023833736003364553
-0.021145327441124358
-0.04186382200639195
0.0461739861287124
0.006826655769276952
0.03194366581419091
0.00681791516069746
-0.018807918322002928
7.061988471137766E-4
0.011512094193385766
0.02780853422487468
0.010048765203527914
-0.050799014249062246
0.0011190985173334094
0.012755122293142051
0.0015166159913166354
-0.013699082227280713
-0.0023593771566515036
-3.6707300218542446E-4
-0.05326174309028778
0.05972751610610376
0.023857378379101433
0.009276795539683792
-0.011959765166041435
-0.017803719794699694
-0.0236583904143461
0.0048976817934948055
0.009702216640543077
-0.024192450736857305
0.015823472459292835
0.0037195871808926566
-0.027726095852236437
0.009289459338707643
0.008549469168106148
0.018977623071321826
0.001902236283098619
-0.012995833238149332
-0.004073276339257978
-0.037062881557532484
-0.01592082819792529
0.010740511611888194
0.008059099357848735
0.012039126311638813
-0.0025438144664656557
0.018390442167569302
-0.011319220205312012
0.019138132822456484
-0.03454780121192642
0.013319280052693564
0.05206191062229111
0.00498336151441475
-0.0072374185781052015
-0.005587402185624125
-0.027802663954320274
-0.012212113210236691
0.0386231550301732
-0.0036016180648927153
0.009858141424656994
-0.05136938565774586
0.019501561773697985
-0.013584474287824964
-0.02311909012306974
2.4302438682563716E-4
0.020637330586755768
0.020074434970727664
0.11322815790421806
-0.026579206654307744
-0.03127130972265797
-0.018270966334630878
0.021516430123664484
0.014111883917842644
-0.048035732200838
-0.00586249226350995
0.042297407278492585
-0.02437180725322525
0.014940389278214424
-0.04528892856006371
0.006634892823779843
0.02626534021585565
0.0010207639333088383
0.014049939478662914
-0.024579879181774393
0.0179638659894067
0.006856890055316183
0.023684227036765596
0.006727141060471054
0.061651607755551605
-0.02673829986815741
-0.07482073301525317
-0.059734068061978673
0.018623090789549032
0.026926167280047583
0.0061194533365856035
-0.014939730839672387
0.02332818583697624
0.003971745395240842
-0.022318827793135133
0.018092503258829724
-0.04601741638681115
0.023287801991599442
0.010408055697927406
-7.055205974445837E-4
-0.03160292249002352
0.029236003611118635
-0.0035516038513881028
0.015785716438137382
0.007260869469605228
-0.011180664135114968
0.024842807378675676
0.0023571192336626365
-0.0657729418666491
0.007018837334360432
-0.013788511807549203
-0.04634749936044457
0.04770791122578649
-0.04159594520897779
0.02273979399188036
-0.026869957815977324
-0.007559708453165483
0.03068321010574734
0.03960232284671229
-0.02560277123885013
-0.030486510851251925
-0.00960081738630602
0.02557014899031762
0.019424253142309007
-0.0284382968346314
0.014658380265246945
0.02333975556192362
0.004056586151096889
0.010949254734983947
0.02571230616850711
0.01967513556624092
0.01756150279535566
-0.025055230341802025
0.012588387028546692
-0.012019505308026009
0.015116565293337773
-0.03590940691525338
0.010639695780099167
-0.0325694170429037
-0.011261782447307741
0.06892463320878146
-0.01742341654487792
-0.0016783238246533133
0.012657247806932791
-0.022462339196472426
-0.005762323325005123
0.016235507485258413
0.04811581485683167
-0.025801229486913956
-0.0021881073376542534
0.016474382697941752
-0.020555443878472596
-0.009065217543585719
0.016355324315312333
-0.0015894812453834395
-0.04209533643749276
-0.027544188197303265
0.0059098709975958785
0.019097147353761158
0.023839894651005836
-0.02604712010426497
-0.032133359642701184
0.007086869511761525
0.015119112249382553
0.025128257965537602
-0.013546063706068878
-0.055675664354174204
-0.035345052002250625
-0.0038519609939846565
0.037587776341816724
0.022694311691259624
7.758586986186082E-4
0.04546352390473518
0.01938604260519492
-0.054381944063033524
0.006867854604499643
0.01817272189656236
0.0061390961727782484
-0.017703138313761156
0.0038819157106643257
-0.011679186832409615
-0.06849695548781294
0.03167651396110963
0.013910346796429197
0.031845227752686264
-0.018200231422358288
-8.85616198600097E-4
-0.01860387307146573
-0.03626719068212195
0.024303575880124523
0.031849843313365295
