3.5136952691363146E-4
0.018029268811454918
-0.03737072761133753
0.018990089272968733
0.015050261017680266
0.008967868166583556
-0.04544846589668998
0.021430336712426418
-0.006959339349307592
-0.013372266867588533
-0.02965499422433536
0.049986600441231946
0.0030838754130679356
-0.004557957971270864
-0.0404222406676982
0.041896323225901685
0.006930625565983183
-0.005349225691921141
-0.037823500340018856
0.03624210046595697
2.94561357010191E-4
-0.007978735423701575
-0.026142430759201002
0.03382660482589254
0.018906206787828155
-0.009719008523226283
-0.02994697887600005
0.02075978061139815
-0.0030073615690215097
-0.017411600706948457
-0.02841977449011024
0.048838736766080415
0.032674445586364786
-0.019468017436848416
-0.03339739272783865
0.020190964578322118
0.05055143602927102
-0.048220834954176284
-0.02247628607996731
0.02014568500487257
0.09667076090601892
-0.10926735388283516
-0.08103586923962433
0.09363246221644014
0.10940446020413493
-0.1669023780532641
-0.06442483678586758
0.12192275463499638
0.11715818352877781
-0.19378470006878334
-0.11976317422510095
0.19638969076510643
0.0788956396272102
-0.1743433348419916
0.033055917940691966
0.06239177727408941
-0.032261705761359095
0.058264264753895345
0.2591088498853891
-0.2851114088779259
-0.30313833794567974
0.24331026864625993
0.10974606684691629
-0.04991799754749596
0.0033666092225777284
0.15528708493164883
-0.1988325919758349
0.040178897821608855
0.154298976763175
-0.11245212132825934
-0.1859950726131821
0.14414821717826626
0.10915761160574351
-0.05962237371691183
-0.13339085576894316
0.08385561788011152
0.0874160875246155
-0.07132803337348648
-0.11139447392298636
0.09530641977185754
0.005725966225356129
-0.01472580296819525
-0.040799693284782015
0.049799530027621136
0.025220748108828184
-0.02201440710908773
-0.022001075483444408
0.018794734483704185
0.001519071215071683
-0.019361999161742652
-0.014393251742927785
0.03223617968959888
0.041306764232598624
-0.014546103316344892
-0.022414739338705844
-0.004345921577547314
0.032915115563300346
-0.016450665412787363
-0.012063636369278607
-0.004400813781234671
0.03701521943139511
-0.03337978248744261
-0.01551975143822533
0.011884314494273136
0.04704862455453629
-0.02709616814704653
-0.0315333828553432
0.011580926447853648
0.037447076032151416
-0.029637213320699643
-0.01113608672313112
0.0033262240116793303
0.05437475385492005
-0.047561988758481805
-0.021451095800886638
0.014638330704448067
0.038448512717607235
-0.01180085514498998
-7.957360965964166E-4
-0.025851921476020598
-0.03480399326463008
-0.011272699063780815
0.026037034224550063
0.040695010865411996
-0.006426206924451047
0.03390729954520701
-0.006319443910998845
-0.009271329172133089
0.029969238128976783
-0.0053180523093376356
-0.004698239728242785
-0.009973668031807109
0.0042264881331573155
-0.03195520368249379
0.02586494544193267
-0.04030981072444689
-0.0013206562747602388
0.0663461173334946
-0.05119049982836882
-0.033399434414610775
0.005096259862574475
0.036425756862771094
-0.016926213209085765
0.05874728644780261
-0.030657394082671735
-0.005478739426823823
-0.021048889316238842
-9.576213222431511E-4
-0.004686298367588071
-0.012968600230472901
-0.012489262835647053
0.04253745761332333
-0.02032941673438053
0.004156288467063898
-0.0035951111081812146
0.05756868052190517
0.02321633747149002
-0.043636493628710374
-0.036194920204286836
-0.07147758537549935
0.01669890038463432
-0.029958881060286185
0.034109612532928824
0.021554637031418036
0.01120178411911829
0.009093125612203486
0.007970906112693896
-0.017748591753448915
0.005969178734188348
-0.030616319896913033
0.03820522836348764
-0.03739914690679611
0.006098105893019011
0.026718920891018086
0.03238239284283381
-0.023372299224967336
-0.04671636298712788
-0.013218793712751586
-0.028477981010758185
0.04872376901364102
0.03550469655914357
-0.00559599256777657
-0.01328455259095409
0.02406924587368212
0.01010405993281315
0.005017670562674152
-0.05596623034679287
-0.009640387688276936
0.010257990399332312
-0.012943072970070949
0.030867066134564948
4.3140327603834443E-4
-0.023653965345250886
0.015688793545567285
-0.037321658166474106
0.054743481617645376
0.0
-0.006475951758329308
0.007723637984504678
0.02621742383973499
0.006317985158528638
4.777598157426055E-4
0.006626037631912269
0.014562713696448949
-0.01627152816973746
1.7255099250182426E-4
0.06001534975994621
0.009499111087575353
0.01478271790054006
0.0023807329763811946
-0.033872389476623486
-0.010349245881835405
-0.003705525457342953
-0.003784928799695393
-0.008130973014772967
-0.02975250005298584
-0.04476894965224262
0.007104075944690119
-0.008510495103563206
0.015469750254927197
0.004426773563759673
0.008039381784072189
-0.025217919890001647
-0.04122270196702944
-0.00786103186815025
-0.04536649801086858
0.0494148011164491
-0.016302768759741258
-0.004456584488516786
0.03674425362123129
0.005243884474340519
0.0218155630839538
0.046789703274234686
-0.003899508700730782
0.0040657384647687905
-7.092625944415884E-4
-0.03189010768652753
0.019139525058812612
-0.04383264570764875
0.015156557466823886
-2.3649092209070827E-4
-0.020226427518969074
0.013761693592666602
0.014763260976418602
0.04324882877371863
-0.006626314514280116
-0.005288138120974481
-0.022786075129354388
0.016372724414161433
0.026033275885645097
-0.02476888571558493
8.056841291122479E-4
-0.0048796665262455675
0.007254460762879295
-0.014795697212515564
0.0211209005982579
-0.04021345545319412
-0.03908749215032116
0.010277816508316901
0.015238181741523374
0.019143521542564438
0.018122245820257992
-4.868268457725901E-5
-0.01753427100958755
-0.019580555345373347
-0.05271698937712354
-0.0068096836215139345
0.04563035645083784
0.04014810705475949
0.007410504235832843
0.002178080520098019
-0.035328306945374685
-0.008732591412985364
0.028068153338181218
-0.015412961322549198
0.017909249694214036
-0.04233408336961532
-0.011520749665712189
0.02746146472381981
0.010257738174915782
-0.0306034162638662
-0.012361945465636962
0.012997893350637309
0.012998698143914057
0.00521178989174377
-0.010673925460431482
-0.005478464194926173
-0.036582799244275266
-0.005358969367038925
-0.02079082614217298
0.034016442577320186
-0.0158842000020901
0.017658591261272248
0.017008439323927572
0.010691387990647248
-0.002503690623359787
0.03611371973699407
0.044584492752790805
0.0019298708968821313
-0.047541364558808114
-0.02686417651779725
0.04245199802631448
-0.013533412756452316
0.01780264979686156
0.02844900073188257
-0.00803029189492878
-0.032539577804262365
0.011669280290406342
0.022400085188721566
-0.041100575681423626
-0.02398909159535878
0.03818399382940939
0.02779106509341948
-0.013193526772431734
-0.012365497611796039
7.043183272422045E-5
-0.007614386856516376
0.028136814257847576
-0.007023104729437481
-0.007960488876218318
-0.022781498468927103
0.0012228452377736204
0.0028829782083589443
0.002024869933215101
-0.02949665844500733
-0.03620128383625558
0.05457302571793732
0.023018290728381623
-0.0743501863103319
0.06748154947090075
-0.014390800924747586
0.03487549166663917
0.043547722083346056
0.010375767138171656
0.021250199448635147
-0.028730651105557763
0.011572071129248122
0.00723041447699055
-0.026411081118672776
-0.024020898131361948
-0.033906925227536786
0.00892043441937257
-0.011802231372263862
0.0038011663858975517
-0.005844523437001755
-0.00407876026309276
-0.0018117439929242612
-0.014120987808317276
0.010081090491317918
-0.04060595483175064
-0.01952789160245979
0.010212299093650786
-0.0051530774269684665
-0.011046107008419882
0.01747614071556807
-0.004935236321354238
0.050323800573685774
-0.016535810225206556
-0.02459333904872353
0.019737860424297995
0.02947640593020108
0.015068491315305264
-0.008873875593699277
-0.018802907028864137
-0.008542148081821598
0.018879152456083743
-0.031839955241992415
0.004012310664780028
-0.021917801489559394
0.0017701934226888871
-0.005396818659533918
0.03965950516093543
0.037109611799462344
-0.045402954681679236
0.04171156504655027
-0.005014451792955541
0.008021733184681811
-0.03635527585158242
0.025833579443641327
-0.020427275500453788
0.027773015147647927
0.03290556433969023
0.013165156036504408
-0.008565981773160848
0.018786765280491988
-0.01775528798240044
-0.01709792613135936
-0.021375469289899345
0.0011869780062509308
0.010126957507556322
0.01957856531956249
-0.028870472171187773
0.02851483507097035
0.04574992892661741
-0.06019986795510436
0.023407381593842626
-0.029979916946225864
-0.008002368317552064
0.008210172542115141
0.04655789174201516
-0.03673273960012069
0.011191059644030148
-0.043422250476691945
0.03182317830752798
0.024255703098825764
-9.333263758144403E-4
-0.013038496708795838
-0.032750410237560756
-0.05344824734786253
-0.035024362133272105
0.013084202333907315
0.037108100891020526
0.014906403754310637
-0.0414783127132951
0.05039706234953382
-0.02464780726151619
-0.006372868829628979
-0.015369297560518596
0.010920717560712813
-6.27332024844874E-4
-0.0015649997992694233
0.036257169604370226
-0.027506085728390542
0.0055421565647240725
0.038670826768358875
-0.009640338850485094
-0.0024089072487505567
-0.002591751968519223
-0.02948852076044364
-0.014968763800164691
-0.01222125304686935
-0.03254107671629116
-0.02356918881158767
0.04320514213557954
0.006441732478862781
0.03381133454064554
0.037946428571428575
-0.009627497095985182
-0.0016833796448782585
0.014907313915056501
0.03059074276178181
0.004625355708075159
4.571847912891707E-4
-0.013914135584997614
0.027477501539582325
-0.03619845017366611
-0.03841928655107689
0.011870187276438467
-0.020386378088108087
0.009377786637338285
0.005904344272389565
-0.018586746247926104
-0.007768206618735889
0.01190542485212311
0.025783990562002205
0.007575246220500726
-0.017283143940918178
0.062207724881498824
-0.07286057719212694
0.01114697744683533
-0.054578230903934453
0.021925219176940496
0.02574137292409546
-0.02463224168842312
0.03696838287311531
-0.0097041352175559
9.1076808485307E-4
0.031376122140871716
-0.04113683803849555
-0.013832113429839239
-0.014292938511506093
0.05006491597088787
0.003890823061294346
-0.02057433017898839
0.002668455162739968
-0.033872980005891284
0.04660680222869819
-0.03454323396185632
-0.004519585492738584
0.013727633462587355
0.0023977386337887836
0.017585679214060485
-0.040915204923114346
-0.022225939493210674
0.02541885831895261
-0.03808340333104636
0.005058735688839671
0.05123752085668338
0.0260931385211132
0.018973214285714288
0.03353044502707835
-0.016772687956669998
0.04288909451963843
0.013286839056594071
0.028249505147666124
-0.04860213508377169
-0.034293766361177744
-0.016412763698618247
0.0034357277562978867
0.024621405540995983
-0.06989388007561669
-0.007950414527722553
0.010847288763201086
0.02582559391117019
0.009037564631089082
5.307905286205646E-4
0.01832421151204921
0.015398993731512324
0.018973214285714288
0.02479185952887076
0.02699735662715591
-0.005530465745441093
0.012384863393667718
-0.015088527714624551
-0.04932167313174876
0.01582084524168617
-0.013989611553722029
-0.050729418201110335
-0.029861557682669543
0.04116776133677834
2.1881495439525066E-4
0.04446497804845202
0.00883268268647417
0.008878691694663057
-0.016942633528938142
-0.006937215670527512
2.7237953743084603E-4
-0.011922156239953033
-0.0014228928214740227
-0.01568044801729372
0.026266859927009747
0.0018884869397041042
-0.00765164795427619
-0.048098049148564456
0.01476348417298632
-0.006650343103314655
0.013472813873036851
0.024568620020794366
-0.06615178100104518
0.012796324164832253
-0.014660672283315468
0.025811198832030577
0.01597537828393715
-0.026279337897427608
0.002280749354632336
-0.03891370209261094
-0.0033943208573996575
0.009362908785804418
0.03037881263063149
0.014773773471858431
-0.029174666850122974
-7.930773116361992E-4
-0.01796114284884641
-0.029450919771765154
-0.00912248233931196
-0.036845521453972005
0.007639491254467249
-0.016748154818139703
-0.01938295410396474
-0.019468888768847878
-0.028989530133382617
0.036381160820241495
0.01622974931461731
0.003775696501060667
0.03990625233268543
0.03085603674691982
0.04534994117676355
0.018591046702873357
0.08642618012000174
-0.018870941605822405
-0.013257874859371847
-0.04952931304513275
0.029893887248487225
-0.01124428281944743
-0.014179776557718652
0.03564364095478065
0.0015171364545436077
-0.030343421385081
-0.0350801627064107
0.015789078495114323
-0.018973214285714288
-0.008804659825998882
0.039446055629440056
-0.01143969338069126
-0.04864640652426723
0.051500517138748814
-0.008548599049440511
7.038881628868565E-4
0.010039242493589146
0.014525164879886573
0.06523428637554538
-0.06288100587678698
0.010192809699588738
0.01776344040672121
-0.017065546576388972
0.012971456814638167
-0.04439283932451328
0.0055557607522184575
-0.019212724198956775
-0.005151045880418026
0.04357397130246332
-0.014684088753638533
-0.03547289805370875
-0.009163794701672584
-0.010003514765307375
-0.0353233117300712
0.04817273031943745
-0.03614742082834662
-0.039522597667033435
0.005802413431573519
0.016073542194363768
0.007427257293574775
0.012531342222936611
0.015298098579296518
-0.024213276262216997
0.02723177292823923
0.0017526751946126372
0.016321496046571862
4.298635932571647E-4
0.030139770620876978
-0.01420817917974225
-0.015505440938310487
-0.024043289872030943
5.592528591871135E-4
0.008639626813042953
-0.03097601719098053
0.021205071007669496
0.0022085201872254316
0.021731316226582923
-0.009235561939842757
-0.021963687063436578
0.06178332040139724
0.039207469614771125
0.024581341451332173
-0.00285227603710295
0.02216988506381014
-0.0061060542467525
0.023107125035698464
-0.008667641714190401
0.025933553751104173
0.04238653193352836
-0.09491642149277238
-0.05077414400563919
0.04645452519561917
-0.009146680997050769
-0.03423915433951681
-0.031495725570085883
0.04703211194361197
0.06312921864241876
-0.05023682850998143
-6.120878572516628E-4
0.003441133521841071
-0.04163516891511301
0.02461079672798492
0.0375425590954878
-0.06806605751630226
-0.00587390117162292
0.06630810947188533
0.028694535318428957
-0.013944793353458114
-0.046804588288695576
0.013007253805742865
-0.0017083745069175413
-0.027319823901295566
0.05254361355741165
-0.04214500944782877
-0.03750388621583028
0.00793225740638926
-0.06462416279625516
-0.00199503149305804
0.05165932806068078
-0.022793718509134316
-0.02776413641537885
0.012653234721652272
-0.00412152419014822
0.004365329803108397
0.04308102761759934
-0.03273325784325676
-0.006002952466973001
0.0340514954831831
0.017260482060751967
-0.00586969255578914
-0.02840684577056736
-0.012087338895103508
0.01027118173165919
-0.014108868918740483
-0.023129008892342425
0.02978033364509705
0.02229564609937123
0.019696999919070327
-0.017457901449843806
-0.05047837646376801
0.008450282479376188
-0.016987950415257767
0.013800076962671048
0.06716194504173771
0.23118899306714558
-0.0462423759617423
-0.08516305926746814
0.07235722603741843
-0.03882992974890193
0.024475104364747466
-0.010361461470273448
-0.04895390220783927
-0.022297852839626854
-0.011746721847391915
0.006784751163652694
-0.04211527235738617
0.001158325542369578
-0.05275636913498483
-0.033491973018573325
0.10654595370812556
-0.054425089037883456
0.009753289832251438
-0.039726524936671885
-0.01769588008415759
-0.05484175765394031
0.015901461409814868
0.10188422215207436
-0.03132990455606408
0.01010998739069753
0.05916199091441821
0.06480007049376019
-0.0766668122492402
-0.03769563458966445
-0.016323108049129106
-0.012784132483556724
0.031656986493114936
0.14610991218023506
-0.07710213142476222
-0.053656759893190395
0.01569311958361539
0.003685120933445453
-0.02794994091912647
0.06195684685293916
-0.03395010424742258
-0.008496047143226226
-0.038573602189527254
0.0323592873671334
-0.028948672361582176
0.01903227660753569
-0.057778055402913434
-0.08921966179202055
0.11436212576889977
0.029386692440716157
-0.04889494471136295
0.02527360102161981
-0.010185307939743822
-0.01116358785807452
0.025593238463281053
-0.028105685682226794
-0.05727707371526819
-0.07193959447253342
0.06487266439857485
-0.012572636318180404
-0.005767409189166417
-0.03157735461415892
0.010707122204588674
0.00759827902511467
0.1341976819516928
0.26518599103702395
0.01088131030627143
0.012032044207960516
0.0641611630989575
-0.04148781278055322
-0.03378865382490386
-0.04374929899044719
-0.04346039666971176
0.04860026391427104
-0.0667221070654205
-0.03492986038457427
-0.10022103953998689
-0.015029516074138589
0.047910822699141584
-0.10033680256520748
0.12762465353733687
-0.03840570984013751
0.01378207214366194
-0.03921420708830332
-0.03731230954269242
0.014681769456711628
-0.01914697013975931
0.07367912823944987
-0.031194064237685296
0.03068885991645462
0.06285922836878
0.05321314881027955
-0.0213873152430009
-0.0715311593031824
-0.0570366412155601
-0.019679026378787087
-0.02326415782906456
0.03225115790453416
-0.05652862192977705
-0.004881653962447913
-0.0634643890769982
0.024170887387693633
-0.015898747415562863
0.06962793049958997
-0.004185739195646847
0.02415195941563241
0.004738299339611833
0.03022165464414049
0.032259559306981135
-0.06756010283303465
-0.07982838043452001
0.005228787776107198
-0.01133847066592749
0.002899899261908489
-0.01492817583519061
-0.03130341870890557
-0.005750691771730421
-0.11070853791807111
-0.0168799372971758
-0.05363032207745522
0.06506838691026336
-0.0036722208944616197
-0.08603615911994837
-0.015875712495164215
-0.022313395759461754
0.022922454878127455
0.11283796135156829
-0.02016556575133656
0.271167897443474
0.11743643532055272
0.029210178874362835
0.10302524676829897
0.01225947740011439
-0.03630147069112117
0.031141876300010765
-0.027931952822516565
-0.013701868101407281
0.05783686364148703
-0.049027429002511905
-0.1028346204461176
0.030657950255446237
-0.03347760661901152
-0.08449894045609228
2.0678631639036728E-4
0.07540353346624991
0.009170480349285283
-0.05524251179174565
-0.0010059608412843419
-0.06626570157047434
-0.12119432397555661
0.0510325373218431
-0.027246129981058496
0.011693607957370197
0.0565030040445088
0.03999477161487973
0.028938437907320036
-0.07950877589557108
-0.06062951338515232
-0.004292421987943877
0.054098085755939024
-0.0029479635756233056
0.0035367627429675128
0.03531088449011799
0.04414296675345203
0.016778248365358947
-0.02437054343971449
0.027476447599294594
0.05564083011192553
-0.14390747274848265
0.036478214854683035
0.004876009157805675
0.006003725763028036
-0.014728719200835173
-0.07178001363480227
-0.06698287742865536
-0.0020752765164079277
0.029175976344397156
0.03816521504102642
-0.11739196425940465
-0.059655598382743764
0.007684024268893812
0.00792321556382743
-0.049353114841335505
0.02436555527392016
0.04094810640421766
-0.040496038208180915
-0.012274147927278732
-0.08912228534482665
0.0069398645610623255
0.14009495802241112
0.045677367494661766
0.026506107625373233
0.1519114893433726
0.02740549303244777
0.08413930278430307
0.10604309875237385
-0.049279001115292806
-0.08714143575964885
0.06692108118429907
-0.0689198438256054
-0.018973214285714288
0.043379605363408215
0.0
0.05215589079613937
-0.009028841861824764
-0.006688577196957871
-0.07986308516173404
0.06594774411628346
-0.008940033293698711
-0.022490372028182503
-2.990415793593347E-4
-0.10171228620939136
-0.04944142272563164
-0.0988722812619797
0.17783301580707822
-0.009091997112915008
-0.009570991052370588
0.052263742960826046
0.0
0.014066473394478272
-0.04150191377303369
-0.003394841672600549
-0.04922431652308609
-0.049122688854457766
-0.0032257794381576887
0.10775980300403663
0.05664295451213973
-0.032695053801829924
-0.021385659381848464
-0.0034109379599233797
0.014928536402189455
0.0014947743492717443
-0.029443168948643107
0.0074085546802683516
0.0
-0.144996313906191
-0.01942698289467351
0.008229990788846925
-0.07062578738618878
0.00575611631744416
0.0
-0.034342551242931486
0.0010636440217002552
0.026459945890390513
-0.018973214285714288
-0.0019714487922007883
-0.17139888064795922
0.044300242776415956
0.018973214285714288
0.03244018671066598
0.0
0.07118991657766532
-0.024894400107036592
-0.05283663638743375
0.028146841340513
0.2782328306253172
0.0
0.0
0.0
0.07833237276537039
0.0
0.0
0.0
0.1415468597387837
0.0
0.0
0.0
-0.0019042953684568513
0.0
0.0
0.0
-0.1390792975084872
0.0
0.0
0.0
-0.19139610377375266
0.0
0.0
0.0
0.08828375274560744
0.0
0.0
0.0
-0.03221682381283267
0.0
0.0
0.0
-0.039014160001013695
0.0
0.0
0.0
0.13549208971516866
0.0
0.0
0.0
0.0
0.0
0.0
0.0
-0.007584033137907946
0.0
0.0
0.0
-0.09485213863656856
0.0
0.0
0.0
-0.05469006446814527
0.0
0.0
0.0
-0.17156634773049584
0.0
0.0
0.0
0.30081400220458687
0.0
0.0
0.0
-0.012165812731856403
0.0
0.0
0.0
0.0
0.0
0.0
0.0
0.0
0.0
0.0
-0.032261705761359095
0.0
0.0
0.0
0.0
0.0
0.0
0.0
0.0
0.0
0.0
0.0
0.0
0.0
0.0
0.0
0.058264264753895345
0.0
0.0
0.0
0.0
0.0
0.0
0.0
0.0
0.0
0.0
0.0
0.0
0.0
0.0
0.0
0.2591088498853891
0.0
0.0
0.0
0.0
0.0
0.0
0.0
0.0
0.0
0.0
0.0
0.0
0.0
0.0
0.0
-0.2851114088779259
0.0
0.0
0.0
0.0
0.0
0.0
0.0
0.0
0.0
0.0
0.0
0.0
0.0
0.0
0.0
0.0
0.0
0.0
0.0
0.0
0.0
0.0
0.0
0.0
0.0
0.0
0.0
0.0
0.0
0.0
0.0
0.0
0.0
0.0
0.0
0.0
0.0
0.0
0.0
0.0
0.0
0.0
-0.30313833794567974
0.24331026864625993
0.10974606684691629
-0.04991799754749596
0.0
0.0
0.0
0.0
0.0
0.0
0.0
0.0
0.0
0.0
0.0
0.0
0.0
0.0
0.0
0.0
0.0
0.0
0.0
0.0
0.0
0.0
0.0
0.0
0.0
0.0
0.0
0.0
0.0
0.0
0.0
0.0
0.0
0.0
0.0
0.0
0.0
0.0
0.0
0.0
-0.023239533536531395
-0.09488520620512568
-0.10910524749625057
-0.07590835070777206
0.32408951061283464
-0.07924858938495961
-0.00747931238758906
0.005948659805973741
-0.2556141210120361
0.27450360283946146
0.0199382662491073
0.07091831877038346
-0.04186924684168923
0.05491727768227253
-0.10218629834110268
0.0392202699530234
0.0
0.0
0.0
0.0
0.0
0.0
0.0
0.0
0.0
0.0
0.0
0.0
0.0
0.0
0.0
0.0
0.0
0.0
0.0
0.0
0.0
0.0
0.0
0.0
0.0
0.0
0.0
0.0
0.0
0.0
0.0
0.0
0.0
0.03345312089399517
-0.03771944014481228
-0.018973214285714288
0.02538265958098618
-0.09671047081070545
-0.03323855715426162
0.009681162178855212
-0.05345795989188082
-0.007763961559783539
-0.010093381485535045
-0.03778994455905117
-0.018973214285714288
-0.037793856449623534
-0.021953501886816246
0.0028122219143820078
0.23169641072908195
0.05691604499269575
-0.06959355316796645
0.1050706080590234
0.07515224038095131
-0.11138227180380768
-0.041690617855014406
-0.00132794010708886
0.050687885662108995
0.03517174371035131
-0.0743764278708214
-0.018962513889228035
0.0320887816630447
-0.031543993709880924
-0.11246638472593155
0.11787025657874145
-0.018166912551753213
-0.1147072311292614
-0.014431908142780336
-0.10830806918824111
0.036019352971839044
0.04859053636204985
0.07719298818954365
0.1127007253160289
-0.11139107590134908
-0.005701966819817508
0.10174976919950243
0.03528153977077136
0.005113010772545489
0.02218761604021348
0.0034314672548089297
0.04018622470281559
-0.011796775944625401
0.001306795779013813
-0.018973214285714288
-0.012406052390363353
0.021661005073845968
-0.004072835955843162
-0.00278290960034391
0.04011201816461363
-0.07291314212266187
-0.0014603120142595606
0.07529131180167453
-0.10310415600585578
-0.036803289373243925
0.10105892114640429
-0.006340712738714324
-0.018694649081422657
0.20611050779495066
-0.02212109673867386
0.00539329805628086
0.01235001312014572
0.04361805245324431
-0.013266075651881572
-0.059111259313981375
0.005728013049061977
-0.0021078101889555126
-0.047620085072429416
-0.07224399462079045
-0.018746225859097992
0.008874944600641688
0.021505076088688086
-0.10636295846215722
0.0413662099675321
0.09084654682785288
0.0064913702552299455
0.07075794680350767
-0.00988060587896796
-0.10984852881298604
0.012786407733096389
-0.008462903196151205
-0.058050017932265593
0.028054406830749785
0.0012821778983272136
-0.03487968237246819
0.005024001223314891
-2.0891004657969288E-4
0.05794482062080008
0.006642657313412761
0.09678739766477576
-0.044382585706901276
-0.03779741458437237
-0.04753201006416622
-0.0573622818983429
-0.028486617716857315
-0.01688249235623126
0.0759630868666869
-0.010348473477107597
-0.01195911585387448
0.023230573694572543
0.09073988558798517
-0.009440071783862691
-0.03623484207605833
-0.014207973511743398
-0.08107870793248147
0.006946448836919576
0.04365001224689076
-0.03268657108667668
-0.0034210823558875475
-0.02611707002769459
-0.04539557642161014
0.028890947378169496
0.05197762427620401
0.01843569179434995
-0.010366959327949364
-0.04606223612303666
-0.04956782181179038
-0.031332114833876754
-0.023005912996814464
0.018890197739249756
0.02779506545685355
0.11849470391522748
0.2347743285123003
-0.0034362052272979993
0.01619244756457717
0.04869391031321349
-0.007062437713412068
-0.04624847579823896
-0.023887966327063203
-0.008914832315778762
0.04210566255919257
-0.0307734696031998
-0.016734811275777445
0.03060077075951944
-0.018973214285714288
-0.05010819028501675
-0.03848069559647321
0.02655215548234452
0.0079636408669025
-0.07797302681905345
-0.07229731790466329
0.002194033358605057
-0.0445761381926979
0.012634197315946684
0.05817072707066352
-0.014699999090759301
-0.06913280455653589
0.0964648996482323
0.05834023966913722
-0.02530578612807529
-0.037946428571428575
-0.0237676431981435
0.04174972801276752
-0.024270442809156672
0.07922948188120185
-0.04203521663468558
-0.055083724489744273
0.021509980703198445
-0.05872744083022146
-0.018408928874164544
0.08777394389176162
-0.0798071437899419
-0.007573041706231118
0.00517568998944669
0.00739290710460809
-0.07094716860488752
0.031956243056400935
-0.03139859689589364
-0.048493914032697524
-0.006558143381332308
6.857211598360648E-4
-0.0011948799799367462
-0.06383475356399124
0.01376919186528112
-0.014357987180872302
0.08240866195348416
0.03304369251789685
-0.016962246353514142
-0.049730729516458946
0.012899305210776521
-0.06107743177168324
-0.055095087547006746
-0.0012187679576461455
0.04443384582425804
-0.034167544792304966
0.2545472273101481
0.07865084676791706
0.055271161212212566
0.009586143602525278
0.17914502083758577
-0.01458153401237474
-0.032723818059514714
-0.04058177876108112
-0.03675219782800321
-0.02531236794710763
-0.07134272519421249
-0.07597969680536074
-0.002388558447140768
-0.012522210944573162
0.021487521282530734
-0.01610116559823304
0.09330297150057358
-0.01948928907136029
0.01948210324235066
-0.00697612617330478
-0.11774069191488935
-0.04000752178710548
0.021646801458802878
0.07892386063209833
-0.030177685706768355
0.028652039297905538
0.08409291203828258
0.08416801878260505
-0.041812572965534436
-0.019356598558802278
-0.01764875286774016
0.004311027254061302
-0.08768989737751297
0.05892084469977823
-0.062075808667174645
-0.04768841764768873
-0.03348753160494823
0.053072575997233425
0.01449222733835981
0.0420807532499328
-0.025879131340270298
0.005653278613813678
-0.0342878092047518
0.011568270179790098
0.00498716413743262
0.026292953472678834
-0.04117100678523319
-0.015096167169432163
-0.09077305103846357
-0.0026429966521085294
-0.025217393479419144
-0.021931585691621652
0.023609808064761244
-0.04210545872221608
0.005594023571856294
-0.021428794731931707
-0.0029003546725043378
-0.03928897870895334
-0.04837848683499565
0.02370425071020489
-0.015429211574964106
-0.03020961621936922
0.0960532479804511
-0.049358285117345774
0.23378544995826755
0.057600505106621194
0.017934738617886206
0.011314344609038223
0.028589817410680868
-0.017884367023420725
-0.07193100611736095
0.01598950440867071
0.06128593104008037
-0.028022283474944523
-0.048396649082560445
-0.01353021605770928
0.02293916270512435
-0.031143394023740147
0.03371040086220232
0.07032263823622532
-0.021363039692177968
0.008018747832941028
-0.028964911877899617
-0.041065179727672034
0.018389405248167782
-0.014601395290202601
0.028776411075528446
0.023170553625257558
-0.02833633510107915
6.250303103929478E-4
0.020780243911785547
0.04888083072531326
-0.01129206455847348
0.002158662515408888
-0.059641483888753094
-0.003142866972657681
-0.03508368120154434
0.013953659249973258
-0.009490828124001514
0.028037825189181964
-0.06279668505949546
0.030367587389296312
-0.0043967840743325964
-0.0160785259404035
-0.07980838657023756
0.029218128981890634
0.03712354552600293
0.007173915715794513
-0.030054747356448773
-0.03546385997914925
-0.023547912780788126
-0.007594812630896959
0.011963406540627636
-0.015741561973203883
-0.0012756447152949268
-0.03180152133513483
0.013023255773567798
0.01018692664346581
0.006581427802268308
0.012379793423482319
0.029572861740792045
-0.0063660909485999
-0.011765005657077676
-0.08202193923418419
0.023908445208912096
0.02231445279209914
0.09248905141330722
-0.04403541951774982
0.07785738835520802
0.011674006687956047
0.014863715125301519
0.023639868980331817
0.0136537594227422
0.015898531183509246
-0.007813209583202906
0.01609646305876874
-0.04597843075838493
-0.010930310047704178
-6.179008374174802E-4
-0.008301749867617286
-0.013664570511847763
0.03602350322145645
-0.003856334647430064
-0.01112563706765042
-0.023835738133454985
-0.040202338389395464
0.028105141942153897
-0.020607967021754374
0.04077391518813475
-0.03734529453939519
-0.004071318509374727
0.011017960981636224
-0.010571299246763033
-0.03333329652607374
0.015901031399822532
0.026282147994650482
0.026611442648607785
-0.03253272860383474
0.02522663507679402
-0.00384202466403156
-0.006137810699372011
0.05494470943154835
-0.041949137398412766
-0.013424701150685964
-0.004116086013710443
-0.019539990237891894
-0.025259472583636228
0.030143658056623415
0.012397939463055077
0.015234292741734736
-0.03270761389586155
0.02044704321091438
-0.04247113090757329
0.015758004888188515
-0.05035917012883302
0.03775424695409814
0.0023477142856605966
-0.005044422315569912
-0.04500772566962938
-0.002443814771680597
0.010361824061498527
0.055625838394414456
0.04325978737614404
-0.047864896956680655
-0.008010673207909475
-0.012261950694925632
0.037764715450183096
-0.020780849860574463
0.010827624220237891
-0.012449483978945405
0.027158857721656316
-0.05138299961927556
0.07004769987867804
0.013956117443323528
0.010670998088158128
-0.027011492998293328
0.023756332881350685
-0.03056187746796593
-0.051617143531513004
0.0365151252213331
0.001675889777559102
0.02981930867257734
-0.019961803752990094
-0.025877991680448825
0.003183872797072473
0.017032022715294495
-0.0044098325412214
0.06854995749544003
-0.020498735010848083
0.012138039823374861
0.022777139561173505
0.02291393831423308
-0.04319003289814485
0.013320107829679073
0.004568674104955553
0.01761820464760747
-0.029391199882311994
-0.06586051037359598
0.09154104815937403
0.025697742792210494
-0.041985095437640826
0.00474122941737358
-0.017187090642838347
-0.0548313382690379
0.015114735744500292
0.016043418479002862
-0.035448536942191626
-0.008506027549007835
-0.013380118514772214
0.008209011882287277
-0.03032860325709183
0.01551692861184222
0.026942894879688914
0.006533859397803224
-0.022223765899306736
0.02030079443877938
0.013035703540097279
0.016279010285168892
-0.02214359022915771
-0.004800848189322984
-0.008031206417263556
0.014483155118728955
0.011886273522635177
-0.01935027030424466
-2.1986281025465626E-4
-0.022103173069085942
0.038461546850976136
-0.013273819882715067
-0.004914565876987892
-0.005352821370511091
0.01061347227884793
-0.05009205404338746
0.016234988738191222
0.012629865449143492
-0.0017448890861544858
-0.02578358794369416
0.057320476912216756
0.05390183227124386
-0.0076141080357211375
-0.0014941004975956122
0.011827107126503119
0.01946106657488838
0.0020115590679822687
-0.040032506395198515
0.02844575498210308
0.02125066784040229
0.009133302939353206
-0.02626123486901063
-0.03607658844805764
-0.041084483302635005
-0.003466969260759678
0.014667977641976256
-0.003150206420402613
-0.02422200315886042
-0.028925419059452964
0.008953080546739631
0.013058410846488235
-0.01006657436242843
-0.01714697832179464
0.009965254676396623
-0.021667227824846688
-0.022848772021918436
0.051892486449703415
0.004957740234047971
0.022374983936234757
-0.012078448620020707
-0.017238116864009542
0.04741676761850762
-0.02378718323652923
0.01680696362540681
0.010691796835161846
-0.0133796091964739
-0.04897931493782127
0.015215797356390677
0.016593519833491232
0.05939343669606535
-0.03123380310002215
0.006142725389178441
-0.0483387910611485
0.009381895849514748
0.0028426613296088574
-0.003707754557801264
-0.02947964275329407
0.00704850196564253
0.01660836498317296
-0.007231116751275886
0.06091146507266869
-0.002998220454412337
0.0
-0.012999995344261862
-0.007436710661159057
-0.03268972019290601
0.007641023698954957
-0.019022232187714816
-0.02848371931472647
-0.017841029185283755
0.048481163781110045
0.05339744281270686
0.02044565972091817
-0.03915187080728856
0.009214039502268928
-0.011348499724696814
-0.00967665603616891
0.03206264090759842
0.028218190839781644
0.017450758616506246
-0.01499178679706321
0.0499710033879327
-0.017366240394719318
-0.014004192382047309
-0.005034241469669784
-0.02805027645647611
0.038169860706450995
0.020834758790278823
-0.018484945038765556
-0.03224308098471945
0.005799470268376248
-0.003163071411627902
-0.007759391774561364
0.001467838023337581
0.021064919387440463
-0.006710066786421637
0.049404588150062774
-0.0046573003959835685
-0.044015831049137755
0.013551207119200563
-0.031113179970756872
0.03013446998672932
-0.01593603235081556
0.024267906727863033
0.027625303103626743
-0.011704217163551897
-0.05700324491174865
-0.030749782102180927
0.005272728771957183
-0.002861536205480828
0.013860978555651939
0.02843619348889871
-0.05052469496824806
0.002475165490649911
0.0038166150018811087
-0.038907465042309984
0.028848412033816058
-0.009607342132742096
-0.010096232829495674
-0.022011390444759815
0.0277164409371553
0.0010418854105060937
0.03087528469599445
0.030643985198360802
-0.02774075013288038
-0.03161325703379403
0.025236778300563513
-0.004383182293042305
-0.010123242338144725
-0.028654036008121726
0.013421391482163642
0.022311975808058382
0.013156630524860439
0.003205152673496428
-0.008692382587577395
0.010796083869315201
-0.009954997482662355
0.013513139062393806
-0.015469210620536598
0.002408893737823093
0.040974467950411944
-0.03139402580137136
-0.026606703927008535
-0.040988329382958336
-0.03530990217112504
0.026915024176892344
0.009479138205537582
0.012422317252482891
0.018373746670321548
0.012946671385914404
-0.04468704961705756
-0.005187846462663146
-0.02744219365191327
0.020755910312719165
0.10025499688529481
-0.0023483547799010122
-0.005803589450621788
0.009814082232681806
0.03313156502378201
0.0018623878608682864
0.011520461986340748
-0.02591455232989856
-0.013703433470703692
0.03921535604647916
-0.030833849856962383
0.013300382811971972
-0.0025470565270114508
-0.0164564460778613
2.428548372290732E-4
-0.015513821430331927
-0.012416652288848144
0.010915296263608064
-0.0029966178902081815
0.008183879330539608
-0.03315103220103785
0.017839548384537916
0.005385783801572058
-0.004735591407430422
-0.012632119660429706
0.008453349786713728
-0.030441867778480215
-0.002233706154536768
0.019904228217310763
0.04261230761177124
-0.006318268963586463
-0.007382766407230663
-0.025466059302391767
-0.019304662268511016
-0.023231079814335528
0.011819433899507105
0.06460366712603667
0.027223586217653396
0.020125525086169112
-0.003828309039634119
-0.01661900074483425
-0.031618779635506515
0.015445529307535615
-0.015044489269962685
0.0018254659225621604
0.0
0.023212831790606292
-0.029221505165173443
-0.029789027193347417
0.008996765779393753
-0.04123717430578319
0.013742460241142965
0.01016912123826561
0.03819587332110975
0.01642377890386565
-0.03286808228805372
-0.012808389141675227
0.004585674259876989
-0.0015415210373937796
0.01805495672410668
-0.022675740285232657
0.02468039708247398
0.020647796505229632
-0.032503802359866454
0.02515310479393513
-0.007485640814036878
0.007958371261780324
-0.040079574093782856
0.04554403672614066
0.026707504975573636
0.011020281481832893
-0.014837036704877092
-0.02116888104957261
-0.02494451502712377
0.007478120560867371
0.022815659526185
-0.012912693659999353
-0.019441345919799034
0.005089349609596533
-0.0035738594209885153
-0.0155495599392391
-0.006292765381239716
-0.002401794341349933
0.04156006212210585
-0.004393258949346912
0.03809226300001102
-0.03510492083574311
-0.04153927999216159
0.01109549617030826
-0.00805002993448534
0.030585248926679444
-0.01948521840826398
0.005918858189456824
0.03397043130893
-0.0035906653896269096
-0.026048500354357997
-0.02983567756914117
0.012205630761961468
0.014848331331072979
-0.006085947021787648
0.0
-0.05204083118966939
0.0048281418205369155
0.041410456811046235
-0.004502543429578128
-0.007907679030379006
-0.02689074289585622
0.027494990701139095
-0.024058751464920737
-0.023824657160445906
-0.03774981491640844
0.04080662779528292
0.053351102382278914
0.07564620626409337
-0.012902405338727146
-0.05552982013373347
2.1000955444575205E-4
0.008718739652758215
0.02132461359088802
-0.03541413478754482
-0.015461484510381186
0.008223222413754259
-0.014785018175625844
0.012857736990901217
0.002841060018648707
0.034898225843091796
-0.004453888369460352
-1.2201628011101334E-5
0.020887763169439008
-0.037116672433841
0.04129075657629401
0.024562077992253555
0.022218647972318442
0.0012631677468035061
0.024181861424721604
0.010804800412544727
-0.039082548213577505
-0.023844145497008584
-0.013893213492229526
0.011457280042025437
-0.021553863226833496
-0.0022133104433672557
-0.008062347867523282
0.011886738745380852
-0.028995397885007997
-0.015414580423420705
-0.03768147006965398
-0.013512504272269975
0.03029200503323353
0.0284901502464892
-0.0301993982970004
0.021548446714150012
-0.010208093109342002
0.005491939978311357
0.028567307740418005
-0.003016312969481518
0.017837453793918927
-0.023451882897209265
-0.019745426883776108
0.013960982921654277
-0.02449200036136479
0.01022138520893326
0.00699826006460811
-0.02846055296732434
0.02662573300494201
-0.05336319490059324
0.0026349123340938885
0.016592979492547812
0.018531968882742375
0.007252575980515035
-0.012678259333084732
-0.004094567947917828
-0.011799283039442514
0.029572927115610374
-0.018158272662423917
-0.005082044406061505
0.026786359620708806
0.037565903579973775
-0.028838692511918874
0.030595174529919802
-0.005986046982209866
0.025096367460569813
-0.035057332351631595
0.02730842763295417
-0.019642321509371355
-0.038094575306084774
-0.01053137217657003
0.02624128513220689
-0.050556137030626294
0.0
0.033246985948001906
0.01202814220245204
0.03407126741448579
-0.010458916569781256
0.0019211917809801166
-0.021730234884279907
0.015376822418538702
0.05319603143937249
-0.020109121985526668
-0.005561842720044891
-0.009583077681097814
0.009364463617289868
-0.024508341045187322
-2.717831698614923E-4
0.028947752429456658
-0.006520262387881205
-0.003455876694608253
-0.02589564026226973
-0.010348377605799135
0.009565318913236196
0.007894946664928359
-0.027870062569809922
0.007533389867217428
0.010977570078022988
0.01116029778984054
-0.008082227912882822
-0.026844823215502814
-0.03618412888510643
-0.005332077144753686
0.04438694029267688
0.014333401852710514
0.004337416653508052
0.04365546158398795
-0.03261265085515026
-0.028054859836054095
-0.012041983066751416
0.06148606002426629
0.018941122170956018
-0.02957923951034523
0.013186724995275926
-0.013186258292368302
-0.08604489715687565
0.03562449467078435
-0.01114303697532356
0.017156632586671994
-0.004850791588324138
0.01959067160993823
-0.010398380828713215
-0.04730335932110256
0.05262330306173636
-7.34838368145552E-4
