-0.005103687346953545
0.011905227249462434
-0.0402034045437511
0.033401864641242215
0.006556815850107314
0.023625885015449544
-0.046940310756213854
0.016757609890656992
0.007217445279633214
-0.009836665993129077
-0.02730716413249723
0.02992638484599317
0.01005380490486014
-0.023448537496826526
-0.02724951769964759
0.040644250291614385
0.006486749380203614
-0.003154361650578495
-0.035273188772037514
0.03194080104241259
0.006812330389719831
-0.013000289410514586
-0.02359876972865698
0.029786728749451843
0.023138141125339684
-0.009073882139853391
-0.03372454992009115
0.019660290934604724
0.01972743678432965
-0.024175454080818212
-0.022576918180635473
0.027024935477124097
0.035438015687650606
-0.008699458817445258
-0.043271126096203406
0.016532569225998682
0.041323971438769896
-0.0489478782145826
-0.026127312727665164
0.03375121950347764
0.08477573142962869
-0.10373380944732986
-0.0775962064619988
0.0965542844796999
0.10267773182541272
-0.14959619687314618
-0.06842550870955069
0.11534397375728431
0.11437263144319615
-0.19063006406324529
-0.11099466011399063
0.18725209273403998
0.07337047166598805
-0.17937295437736384
0.0541064725117482
0.0518960101996273
-0.033962799629995745
0.05902810091257459
0.25853376731227873
-0.2835990685948575
-0.29305110661988215
0.2440763555731535
0.10657530775589084
-0.05760055670916224
0.010294065365984548
0.1438205366924662
-0.190550492605919
0.036435890547468146
0.14374395509523935
-0.1098730138384428
-0.1856823768981437
0.15181143564134725
0.10302977905797449
-0.05248799123333188
-0.1377734415259838
0.08723165370134145
0.08418632067383128
-0.07483679865947183
-0.10787164171716553
0.09852211970280626
0.002087414959465928
-0.013092178908297294
-0.050818803995434106
0.06182356794426565
0.021400443196759655
-0.025952634058202813
-0.015495656552699827
0.020047847414142974
0.007804529991874233
-0.015785047898607962
-0.005008029013573305
0.012988546920307351
0.02648115740940288
-0.016337805219986595
-0.018100726101699535
0.007957373912283771
0.04263975248424657
-0.021559112642248263
-0.01458040552085793
-0.006500234321140223
0.02955620870467811
-0.028633455311611856
-0.014188545789701558
0.013265792396635653
0.043050417081119265
-0.02677450019480332
-0.02403575607736226
0.007759839191046319
0.03464600767734553
-0.029869070072656725
-0.01336616989813253
0.00858923229344391
0.05177193683268254
-0.04231914220191427
-0.015667286492370827
0.006214491861602821
0.02381034157792121
-0.01944475928059676
0.012600674215380272
-0.016966256512704177
-0.002797579916769516
-0.025287137916444755
-0.005546816695567083
0.010431787623676629
0.012572744269052298
0.023336816251897104
-0.01800242370451094
0.002520672555650919
0.04711449160089652
-0.0075363932014519824
0.014556772762960453
-0.025256061356361457
0.0
-0.009529582574035262
0.008915187172934876
-0.03059616421888136
0.009470695102050251
0.015236428479329671
-0.014628961978922723
-0.012391154208117702
-0.00578372210501634
0.04104503643555321
0.00351554617603423
0.06250392005091684
-0.027299706472400764
-0.024903146233861525
-0.024054955997405876
-0.018459015468888992
-0.017061705220147542
-0.0055361752415952585
0.02007440473199823
0.010177739199936631
0.018602803868840084
-0.002603491086748972
-0.020368490409442046
0.04946590147813721
-0.00734186027525334
-0.037078332612584024
-0.020203471443663218
-0.056078423074233635
0.0022760445506393315
-0.033610109543816435
0.01822606747713639
0.0240416631498648
0.019460901303640546
-0.016007051276497437
0.016725920275074926
0.00428852307515484
-0.0017815014949396687
-0.019714270673688538
0.02857704008469663
-0.020108436405982096
0.0026586450438224503
0.05683855719647302
0.030238666602975244
-0.06711648635166417
-0.05825455210172606
0.0432063045160679
-0.0227988133534821
0.045811098915615925
0.015381747126944945
-0.007694118511725748
-0.04253283583331421
0.05069081988116876
0.00442509174644691
0.028113432321449396
-0.020086201900923868
0.011042095392208691
0.01865022845170334
-0.05872767826854078
0.03434325423172978
-0.026634275612444927
-0.0044990596463302945
0.009206685235323248
-0.048501444520741566
0.031826589932513395
-0.018973214285714288
0.020815351070175472
0.016683114805841483
0.008872846897411359
-0.012375201620597086
-0.030368351635494832
0.006643047336212781
0.03820631285248419
0.02375477054310752
0.01357122538193961
0.041701811273657075
0.005114270072635131
0.005068346832889252
0.033674248700108406
-0.052235095319434724
0.00904081741727237
-0.0202385125324802
-0.011139741947271388
-0.009147933177280507
-0.017644129162297958
-0.024839485403727445
-0.024752277571361392
-0.011148760384495159
0.02457680093699302
-0.010273551542691009
0.008038880822748552
-0.009692720074993449
-0.010915953668126114
-0.007548298856950164
-0.021469413284380845
0.04813764549738154
-0.03319086246684165
-0.00456081382286135
0.022323174772423897
-0.0032363241672444636
0.01161164845791219
0.01969778087658402
0.0021323601336233275
0.003399176127323195
-0.007448373927092584
-0.031779697886868144
0.021763645499660613
-0.04277533597014168
0.014024460753495525
0.013858416193895924
-0.02430535527593672
0.008449013613704433
0.005180601815030179
0.059687005858453115
-0.01232472345129312
0.01021723492975754
-0.023018599399538663
0.01702456739298235
-0.0016484471275016316
-0.01706562251163978
-0.011402312155134544
-9.552973591450981E-4
0.012649095684889582
-0.016867303426041147
-0.01970133165148682
-0.03688233234787512
-0.00585976826604472
0.011792624723296582
0.009756737068740189
0.018973214285714288
0.03144718542664984
0.029636306013868755
-0.013679870471639573
0.006465987637699807
-0.030301866287281348
-0.008097512372229547
0.03228514058706278
6.218358406027331E-4
0.008300066367176883
0.013014022560661465
-0.03728985133263314
0.023088487566812123
0.03496485707805702
-0.03809343074065551
0.00361709555603806
-0.04792388053005507
-0.01453524482907342
0.01990425221288938
0.024143374691798707
-0.01641489891465512
-0.0037275267806408767
0.010234787680944473
0.01678704253785624
0.00165602066003033
-0.019488656275790557
0.01648754688512875
-0.001548745894254449
-0.007488910810510934
-0.03750535171942653
0.02897709541385865
-0.028132713613011492
0.037637312503720294
-0.020301655182604295
-0.002593226582614301
-0.0018852840405274122
0.023296854815770075
0.03029544125502865
-0.03507285606369641
-0.0026049747897050265
-0.02157249031213656
0.04211513633685468
-0.005746468570115839
0.004877882989432598
0.015567151969225292
-0.003600362986813734
-0.024869972946162555
0.027419276354825044
-0.006606873017975752
-0.025957264344058203
-0.016913431049530536
0.029299335205051416
0.03395997197291799
-0.01114923033116932
0.012623328597114297
-0.0050615593070658564
-0.021039533611226634
0.015172333761827701
-0.017356910490910052
0.017841711399913786
-0.06426625629336245
-0.013922931081744895
0.005645339804268852
0.022542644304217187
-0.027725123638392486
-0.009373594432334587
0.047993648490498926
0.024169965760307596
-0.013861714460444255
0.035876499232203006
-0.02083077813343801
-0.021433937808969288
0.02976631888257083
0.0204266487375218
0.01748337622585109
-0.024100701732813118
0.01629436979863642
0.010061086799983361
-0.024417169764841495
0.004949510615854939
-0.029484718656962852
0.007674012952653717
-0.02643438446343927
-0.005416955721193408
-0.03542347413219522
0.018919901370663253
0.02022568360032488
-0.009437714461141559
0.0266174919819714
-0.04078626296071458
-0.01132223442037143
0.013490379504886631
-0.013934214769909425
-0.02552938070834381
0.004885984682267955
0.012383927246322467
0.0038837059557473245
-0.024388378096774823
-0.00822434637034504
0.041389413877964375
0.050211370674467834
-0.035471807101951455
-0.012659790331112607
0.0
-0.01586671177917176
0.03110451003213136
-0.03718817044083775
-0.0073966067412079076
0.03189929956263972
0.023859649661516952
-0.002406686221014521
-0.02331836240852885
0.03578154890243336
-0.01547334724598225
0.028384339507327175
-0.010814985779095138
9.457548340465888E-4
-0.002461009621712581
0.04989840798762245
-0.013496999145210135
-0.04013974842689866
0.007627212322397353
0.024455859464698533
0.016232039809548224
0.016430857906159967
-0.008689772268926328
-0.008411695550286617
2.9053645941530537E-5
0.009834626137453662
-0.0013547003878484343
-0.00389233517271732
-0.0405208021540646
0.021249791702804804
0.06334528725813723
-0.06346391443908975
-0.0016535990477084517
0.013582573454957447
-0.021983244274342093
0.014066284098899049
0.02025161629125185
-0.019999406976800513
-0.005507965142918042
-0.04152931045262866
0.018652743446079027
0.056749616672980355
-0.0014819426159311515
-0.01169568885825541
-0.04373720276801443
-0.04099912574248055
-0.026105468431393424
0.018124677891551103
0.01897311458032715
0.007551206774594725
-0.01892641381057096
0.00932807019097143
-0.0034844384835835632
0.01106862047217361
-0.033867508731797696
0.009749834391571404
-0.003243477631266577
-0.024598434711717382
0.05251364801493988
-0.044451742549398966
0.03309424900404219
0.05739336080808105
-0.03786996034103113
-0.02388664636054005
-0.013181341543684527
-0.022837401679834425
-0.009333293565826944
0.0016872265933048913
-0.011077838170081473
-0.03802117871453802
0.03854773063029082
0.005785531883102364
0.035407173365186666
0.01492702861435688
-0.0035264811733197905
0.03051089096110455
0.0074159997358417655
0.05747174343439072
0.004143477170131679
-0.015476724579406936
-0.007548714422663576
0.03898408630352761
-0.010947815989182
-0.014041116712140693
-0.01708630473820482
-0.029891489839349132
-0.011450426610800325
0.03093835820539803
-0.008923916675704835
0.008436624783497266
-0.01362614106867636
-0.004950355362722411
7.810464916255359E-4
0.0023774464190723273
0.04343704282930397
-0.07943883702802534
-0.008219022097531866
-0.08426655842553894
0.026914716236006164
0.027871164898991718
-0.013135062037801584
0.022782700806869616
-0.004394277030593854
-0.02361754627244718
0.05476656284404536
-0.010704144518294531
0.0048009603649190186
-0.008894185040390567
0.03671874864090111
-0.030196603320259155
6.397982588154522E-4
0.016223062288269086
-0.017187364539830365
0.011365394951414164
-0.04375564495884836
0.006694342602923252
0.016178391891159705
0.0036185589054664614
3.2831185747900227E-4
0.009605301709668237
-0.04795781220085511
0.016741484573963232
-0.035208582494826605
0.01384440781095642
0.05546818293584761
0.01661366090917865
0.01534729446915227
0.0567869868172865
-0.031835105482543896
0.07218330816543365
9.485423133051528E-4
-0.007877731622372843
-0.019103595018525467
-0.031448755738865825
-0.00433266216548941
-0.04240893658211527
0.04866147886720337
-0.044340020626176584
0.002979952738486103
0.012164890685492504
-0.014552578979997087
0.03103653651407542
-0.02081112062676541
0.01638522295999157
0.019655608595080955
0.007066933613853884
0.03610532754114739
0.026440921533433942
-0.0060455699610318225
0.01787819074731581
-0.009674801883711913
-0.02592995220514418
-0.004178949160336448
-0.020317084031483048
-0.03554169564008096
-0.012972290849871011
0.004040863978865307
-0.0042746976744016
0.03480064927921426
-0.013454959844876255
0.021195239234900118
-0.025486981779891765
0.025114314452641937
-0.006324587434065941
-0.020142947637403263
-0.039508016547021504
0.005074076236566958
0.036676556099343324
0.01040404337851266
-0.020456744976437433
0.007209047200835271
0.005180009621314208
-0.025078881749084216
0.013017087278286963
0.029347417291262445
-0.07817183711843702
8.683466830087805E-4
-0.03464554411824489
6.209685152858968E-4
0.01748487509763677
-0.0033093534440823136
0.0059957970775203345
-0.037042805981208154
-0.012780696847593101
0.018344882811784757
0.027353805404902044
0.0013211118153387998
0.017000319534602005
8.710760798459373E-4
-0.0034693277894117594
-0.024772915647165494
0.013395247822630199
-0.01501906017306355
0.047049004956999735
-0.0430127677815811
-0.03291679975503088
-0.012173247880485592
-0.03082013544913857
0.03175777834033582
0.009830442629822612
0.0013966725723160763
0.06501919246072667
-0.009194041929560935
-0.003113597339959792
0.02570384589717123
0.07310562314938876
-9.178370338173564E-4
-0.005126198814659115
-0.030751988972363246
0.005450175682667454
-0.007006007253849622
-0.016300730220895843
0.036420592088623804
-0.010676048361206196
-0.04825203981897763
-0.027176888977475673
0.024258650976967926
-0.017674329181650107
-9.213841227256568E-4
0.03524423045029526
0.010051617194006806
-0.026067921773497735
0.0575190282339455
-0.013773707313009241
-0.02369398647472158
0.0168776934089975
0.010676251330125239
0.03201043727207918
-0.040736539283707796
0.005160206097875417
-0.006886763303176786
-0.02444309327102781
0.030854059918303048
-0.03763061899567277
0.004517927468340755
-0.014171081291307066
0.005612653895636047
0.023337638473262874
-0.02924773478480109
-0.04130128336212703
7.572155023413425E-4
-0.010173812850758721
-0.030499729174066133
0.04210603955749054
-0.011318250820683063
-0.024795816940035718
0.0200113754142911
0.030909049927684343
-0.018328258725511047
0.012804569212664558
0.04330239955437832
-0.03388131451085051
0.0037409953460846718
0.021852719355088646
-0.00521003016414499
0.024242958164137803
0.01071352150262677
0.004138745995579604
-0.024354052773370747
0.005315235169682464
-0.02130550694535916
0.014328941343413018
-0.012648572457175128
0.011768993657279223
-0.007354921577431693
-0.008713793177346727
-0.019030709329558318
-0.03154995916496154
0.06483136587866484
0.04628281318362284
0.018128211371696568
0.009948069875849449
0.017868964773073696
-0.015751798561305968
0.029918157986332405
-4.1248394077450035E-4
0.00838955076693012
0.06256792365952818
-0.06987846024649398
-0.028216010545542954
-4.316841931488666E-4
-0.014419034872235134
-0.011774864141149803
-0.03329166774970441
0.016510328320972628
0.04615157914827396
-0.04818668202860153
-0.010705997631696718
0.02903390274851014
-0.04985235107766403
0.01047798301076675
0.027862239331582238
-0.039671409135846214
-0.025697271349148565
0.054888095343303855
0.018375885451825787
0.015564272332375263
-0.019379557997866295
0.010951688582436248
-0.011850305409135335
-0.016661530136560833
0.07475187569920923
-0.04688731783824639
-0.028087505537688212
-0.015759770183228095
-0.03785417859565198
0.0035603567732811984
0.02088031406785007
-0.03436249241051772
-0.016968332058552454
-0.013537968227166719
0.004336845173894275
0.01722751644828499
0.03495986700060327
-0.025326760381554275
-0.008710499476348596
0.02850692344962784
-0.022222844267397682
-0.022256298278683327
-0.015057168772124653
0.00832213917620061
0.026483112348333816
-0.010012045067839334
-0.006980367603202212
0.018377533893142835
-0.008488661677986205
0.013405451129725687
-0.047690818167684994
-0.001584095800878347
0.004212590847865793
0.002796642564862631
0.03200326447090211
0.04522413443076183
0.22502185739422498
-0.06477667131046332
-0.0684120608001421
0.05313029848008877
-0.016697950400546377
0.013105630693484645
-0.04008156745421683
-0.05552819961255611
0.004519509484884355
-0.038664609588454746
0.027610277529136255
-0.03736777949122604
0.004506958733617991
-0.014586903871602174
-0.04906045972797178
0.09860564138051232
-0.023762728374671478
0.005319994681854713
-0.03485720494903631
-0.02367527724443508
-0.046490126202075564
-2.972120628151956E-4
0.10037440424600641
-0.019642613278574608
-0.00892438982181006
0.07385885118470116
0.05573080158234671
-0.07931556108978224
-0.0299941194426709
-0.04006023778849381
-0.03851398291612333
0.06130152326099708
0.12092521221847764
-0.06428190110109203
-0.04278994129437163
-0.0024397112491730405
-0.013938490651678358
-0.013100640762358146
0.05759604339077329
-0.04567979397736785
-0.03464972721342499
-0.03136695889255869
0.025099363872473985
-0.012276775853998154
8.813315757902306E-4
-0.02078506512104297
-0.07404098715534474
0.12472072948723055
0.016808168617230966
-0.031398256974170605
0.008256789852348614
0.011707163482958666
-0.012112038977004719
0.030517855744059186
-0.00407754192285175
-0.03768156821960791
-0.060870394309489775
0.04653642477153304
0.005968469554713869
-0.013483708181043351
-0.02254534080544119
3.8350352427288237E-4
0.0027720874827084504
0.09296960586326132
0.2527215499937413
0.032032855440398994
0.013517585507193584
0.040720518913928194
-0.007595022333198505
-0.051607616127968985
-0.0646786331801548
-0.031255563062548966
0.023831575941938292
-0.040675388800468046
-0.03453931495885676
-0.0864192893738149
-0.02224199614038335
0.03957944646141334
-0.0585803142617805
0.07996533741018982
-0.006165716240966601
-0.0168317744815089
-0.03321274805151199
-0.03302836745731752
-0.01023018967292148
-0.02679252856562521
0.0801132281895521
-0.01286487633863498
0.005115691761141837
0.07567928444154493
0.04555696464308234
-0.012540602586057983
-0.06043767605952837
-0.045240721908247725
-0.0663211258514144
0.013467348731084024
-0.01354663860096491
-0.06627530113161484
-5.161445621825623E-4
-0.0195869175650782
0.010547428629179007
-0.010380376273785387
0.06905333536034626
-0.018856680240519043
0.04202324008681403
0.0203028649622306
0.03886308402314796
0.013219723466478275
-0.037946428571428575
-0.07332232505861523
-0.020726197576057676
-0.010448873409948321
0.020216562962835305
-0.011871893278778547
-0.049250829924065806
-0.006245009698694822
-0.08370948813533932
-0.01329827792222938
-0.02498217049893413
0.046941233299636745
0.0023842430764684924
-0.11956245258501276
-0.013453572605057007
-0.02821156020313011
-5.945052541910661E-4
0.11763414076502186
0.008162193632702654
0.25239567084846787
0.14392714155258776
0.008866154650587276
0.11402100869223347
-0.013588546780763357
-0.05369705951815165
0.006588844691795867
-0.036254774947684865
0.02041687632253737
0.027863655183384774
-0.025387441856762706
-0.08067557391468666
0.008737223557497821
-0.03019610924394313
-0.04412659832386616
-0.021794424376049178
0.07797735613669612
0.010479341412444094
-0.047294626909946014
-0.03538537889786994
-0.018786607116908455
-0.08707140120635837
0.05214266764206426
-0.05871556714713814
-0.00843449817817674
0.057875597675869334
0.07476009918119741
0.01899042954559109
-0.09212036653184838
-0.05082463494323982
-0.01656455983316503
0.028930036256337003
0.022423272178001608
0.00443613521363773
-0.009423726139647724
0.06658514426863282
0.011757197523739838
-0.020542101981895457
0.04489608906860203
0.0740199032843894
-0.16262958235280137
0.017559173849675667
-0.015853077717347237
0.03490461067993996
-1.8354570995190306E-4
-0.10302464932208073
-0.05415497370938309
0.016252881912497075
0.02697501242244202
0.008182973677587637
-0.1068201163304442
-0.028370499670008854
0.0057870362973340625
0.03082342425695127
-0.04960952437304386
0.010641228467975862
0.046795411907688975
-0.026016171346524557
-0.03599731587870593
-0.08352490051855596
0.008072943687236503
0.14359515640604345
0.03860515146070172
0.034482348876145166
0.11869682683690298
0.025575305765889206
0.08629769483800662
0.12504029871334987
-0.06988770746098848
-0.09661794977882021
0.05436247300336747
-0.07447040938256934
-0.037946428571428575
0.03391867671132626
0.0
0.05293758640113761
0.029994011280523654
-0.011263970490225353
-0.08853500040588887
0.0904688563362538
-0.005500805516737491
-0.00363207265187051
-3.252713634585534E-4
-0.09458160153079356
-0.03194819290333159
-0.09699014079565901
0.2026833754374619
-0.02998990104956045
-0.02168525656282399
0.04012305916380682
0.0
-0.009822236328043528
-0.04061003317822101
-0.012769934473056174
-0.014433482299649492
-0.0670857908482654
-0.009562584679780665
0.08714854087482764
0.04003498684664944
-0.02843051126678924
-0.021470761092282614
0.015111768769109751
-0.03778175160352955
0.02005238296061821
1.39863602183099E-4
0.016847459938275633
0.0
-0.14937617332840863
0.02222327918242139
-0.01817280758815465
-0.08735590098507709
0.02100011453032466
0.009034849045841134
-0.04088508314273101
0.002977035816171855
0.016431024509053194
-0.018973214285714288
0.012644157505654233
-0.13428023368841716
0.05003020031866129
-0.004635104541610912
0.035798398193776546
0.0
0.08167338038712212
-0.05960093591196859
-0.02079820763214482
0.035384175316938035
0.2546565468901881
-0.02317004700093859
0.0
0.0
0.06820669084611533
0.0
0.0
0.0
0.1289844461373693
0.0
0.0
0.0
0.01845921042482028
0.0
0.0
0.0
-0.14227987574231696
0.0
0.0
0.0
-0.16585216429971522
0.0
0.0
0.0
0.08498386314888261
0.0
0.0
0.0
-0.03437772715285049
0.0
0.0
0.0
-0.06412692607368037
0.0
0.0
0.0
0.12668759400718527
0.0
0.0
0.0
0.0
0.0
0.0
0.0
-0.024587442868192283
0.0
0.0
0.0
-0.04799367862724456
0.0
0.0
0.0
-0.063004920183581
0.0
0.0
0.0
-0.15494020837367734
0.0
0.0
0.0
0.299039726908501
0.0
0.0
0.0
-0.029198588151615613
0.0
0.0
0.0
0.0
0.0
0.0
0.0
0.0
0.0
0.0
-0.033962799629995745
0.0
0.0
0.0
0.0
0.0
0.0
0.0
0.0
0.0
0.0
0.0
0.0
0.0
0.0
0.0
0.05902810091257459
0.0
0.0
0.0
0.0
0.0
0.0
0.0
0.0
0.0
0.0
0.0
0.0
0.0
0.0
0.0
0.25853376731227873
0.0
0.0
0.0
0.0
0.0
0.0
0.0
0.0
0.0
0.0
0.0
0.0
0.0
0.0
0.0
-0.2835990685948575
0.0
0.0
0.0
0.0
0.0
0.0
0.0
0.0
0.0
0.0
0.0
0.0
0.0
0.0
0.0
0.0
0.0
0.0
0.0
0.0
0.0
0.0
0.0
0.0
0.0
0.0
0.0
0.0
0.0
0.0
0.0
0.0
0.0
0.0
0.0
0.0
0.0
0.0
0.0
0.0
0.0
0.0
-0.29305110661988215
0.2440763555731535
0.10657530775589084
-0.05760055670916224
0.0
0.0
0.0
0.0
0.0
0.0
0.0
0.0
0.0
0.0
0.0
0.0
0.0
0.0
0.0
0.0
0.0
0.0
0.0
0.0
0.0
0.0
0.0
0.0
0.0
0.0
0.0
0.0
0.0
0.0
0.0
0.0
0.0
0.0
0.0
0.0
0.0
0.0
0.0
0.0
-0.039094741679900014
-0.08587817609080796
-0.09285578576714514
-0.07522240308202892
0.3173064453357326
-0.07329805760931521
-0.014426557376815854
0.014494525223551935
-0.23128985630471416
0.2574140969736203
0.01289647876452353
0.06755458832246121
-0.03662778198513389
0.04558267341896913
-0.09616462822648145
0.029609180083483927
0.0
0.0
0.0
0.0
0.0
0.0
0.0
0.0
0.0
0.0
0.0
0.0
0.0
0.0
0.0
0.0
0.0
0.0
0.0
0.0
0.0
0.0
0.0
0.0
0.0
0.0
0.0
0.0
0.0
0.0
0.0
0.0
0.0
0.022291148973919924
-0.046837235833125164
-0.014548654820694777
-0.0157445915574223
-0.059264706709961465
-0.029918560339535917
0.019049682516111735
-0.06294130688498252
0.005408868603538428
0.0026230810857275216
-0.037946428571428575
-0.018973214285714288
-0.03519670283323931
-0.037197761569315715
0.016145275606240395
0.23494827562273335
0.07247999653572172
-0.07651289789502885
0.08639107107230641
0.08221807495016555
-0.10961310815070319
-0.02982595785363751
-0.016077066555140074
0.0406371246605376
0.03406343227273568
-0.048899493590415996
-0.04022762071967322
0.022355641174093166
-0.022407288476126754
-0.11421651355213623
0.12876268607772173
-0.03832461716001752
-0.10685650365504017
0.0029712817428422366
-0.08908001723249866
0.061931039044798936
0.012514130154295977
0.0683859010315874
0.11458302674293804
-0.09553908796005825
-0.03500783821406163
0.08502694363348345
0.058416461305159935
-0.0049140856643443975
0.0014563041699353785
0.028034415787731477
0.04297795402913876
-0.013058494589345267
0.032162347731389505
-0.021695519291186037
-0.034036115835992094
0.008203506986484109
-0.019085108157606036
0.02028256810096456
0.03618170648912646
-0.027169845623963462
0.007192789194559049
0.030536336944668646
-0.10672390874174567
-0.029884463617725315
0.08998922472220003
-0.018438965300767565
-0.012056615720223221
0.14537240983191885
-0.009262121782377602
0.032795430643190876
0.014659445180638348
0.04734849807687344
-0.0170077565455707
-0.04767139045559547
0.03740763851028372
-0.018922040638842157
-0.06335356874071384
-0.05162930312429085
-0.008169458772650948
-0.013246019465835326
0.0014263064523606303
-0.10848826148572918
0.06903425768232477
0.07639841079998685
0.014937711304452744
0.05119338187083963
-0.005921474551252822
-0.14138114976689015
0.040711865278876
-0.00676658402531289
-0.06801292435064768
0.05585237880221643
0.007484515422770127
-0.0364103298254855
0.0019973865398774347
-0.021630014448775
0.0881105196775793
-0.009142662489509804
0.0963995064537417
-0.018458017749477373
-0.036739135046511356
-0.03190126237363538
-0.05791470063884255
-0.0012198947477164157
-0.04911173593706401
0.05709346469047999
0.004895417851071973
0.004252202393305607
0.028675434769956973
0.059447956879295716
-0.0230887259690946
-0.009441149612701113
-0.026361495229039848
-0.0566721359283698
-0.034006715957576795
0.05393984412708496
-0.041407587011788205
0.005474690068239682
-0.04942306957722726
-0.04368777714972988
0.048151819938444494
0.035919260949279296
-0.006541766155224539
-0.014152071097053095
-0.056557785118922066
-0.06042925754971229
-0.010679710868800554
0.002004169703608852
0.01781502133421532
0.02941356063033232
0.12659654832472117
0.24112470416944773
-0.029301421589859784
0.00966004449193272
0.035769319937992615
-0.026061185540771564
-0.02785711673066702
-0.004846317557673577
-0.013706512707112255
0.022465088177151246
0.0033389913290748866
0.005209943578679854
0.026548217123728696
-0.017922668965610247
-0.057190446015178885
-0.025497301883568448
0.002010617277673297
0.01875799239876182
-0.06929664049072462
-0.07888041891565661
-0.009521256579843568
-0.05629598842955024
0.026691284754071204
0.05353874896477882
-0.001189852554614004
-0.06199242885140617
0.09102182532317803
0.04964122688004709
-0.04009587219296798
-0.017408645601969752
-0.01153657007840471
0.004807953325353165
-0.008114371789495235
0.06744209549160692
-0.03676153181152647
-0.051136472591193555
0.04748637837073991
-0.026643736036804477
-0.028884090297435216
0.055798841794527335
-0.08402241912719642
-0.02917653178858034
0.015534577820486915
-0.003780086970151607
-0.07159889268194787
0.009090752462071042
-0.02525679928990006
-0.04470034607379998
0.020925883830960314
-0.001511187744846272
-0.010522525794928897
-0.025668647117975358
-0.004610653165952057
0.009904308120958822
0.04839038833531052
0.03296496661627274
-0.010269310837426684
-0.06355990055982788
0.0066392532760653575
-0.07490401437805332
-0.013064837611460649
0.01597365337320064
0.030154022600967025
-0.010079761880684724
0.221975682409728
0.09620531623990085
0.07339723961361791
0.003717194354779345
0.15249385410667207
0.015488988403781625
-0.05613083152884662
-0.051208160833978465
-0.05403211572799634
-0.0018789478571713042
-0.06731164431989546
-0.07501958713395515
-0.0018153148218708996
-0.025135611873122285
0.030264283687876207
-0.016788670430086042
0.08078378717826903
-0.028355901904376667
0.029760440016211274
-0.022531092721088046
-0.077970047276914
-0.06271459015622867
0.009718604070597171
0.07872474490135531
-0.007388292754444312
-0.006539110274202134
0.07465848917240195
0.08792426530913273
-0.01858740438942725
0.007490845554006803
-0.015130410785630556
-0.0182391059970481
-0.08330942399767752
0.018679105287051037
-0.0635630216417304
-0.030909020207130777
-0.05647083646085301
0.06383549624824818
0.023306509847477522
0.05975126045992736
-0.030358618806847842
0.018984292960427418
-0.016444912181010116
0.014637277958075928
-0.04100958962697127
0.009652939532864908
-0.048187026999164495
0.009466742180079651
-0.06914404007642787
-0.015195620375323439
-0.025404167419984552
-0.017408645601969752
0.04774152466496944
-0.038099379042662154
0.006846759252454153
-0.04420249555904235
0.011625322566733709
-0.04256350672985848
-0.037411761447042724
0.030498797217331446
-0.025992985553130236
-0.007766901053869818
0.06853927175437136
-0.05923230789181714
0.2352577489201819
0.040892250442281446
0.03764338830552999
-0.019194266112777168
0.011991526612217501
0.008316619416994426
-0.06267498011817867
0.01835815811194062
0.05019069315735787
-0.03140318885842992
-0.045339146586400716
-0.007475686424925181
0.01708645769434658
-0.036895883251324535
0.02438567921244736
0.05221965650559981
0.02608504256715189
-0.005224357181800379
-0.019546662111530638
-0.03447337700945561
0.03775491175592559
-0.03729844221352017
0.002565823123412052
0.017214133938169944
0.0012595267936204423
-0.008116660476172656
0.03344036042274918
0.03672896600375991
-0.01898731698207462
0.009609433574073765
-0.056888432527115895
0.01244964332989525
-0.045324349099407905
0.0034488005126297253
-0.04632585316603312
0.0468117706022734
-0.035931989849674495
0.02402330450987819
-0.006456664799990214
0.011258551616495688
-0.07533502010193001
0.045001816525069654
0.024786388901552665
-0.005970345867782695
-0.005777106208254671
-0.02728126099876989
-0.017238717410165305
-0.013476670054944552
-0.029408645927519923
-0.011004854837639952
0.007125659677192258
-0.027263462615503102
0.015383929935830404
0.0233584813909293
0.02193164965264486
-0.012335406579147931
0.0025313931930262936
-4.991891947617906E-4
-0.009183235599531991
-0.07077639758753679
-0.00433451975704106
0.024473573837322377
0.08582210896521555
-0.01957092440876144
0.07286331363056908
-0.001904735305470539
0.015461677291952976
0.030913233726132132
-0.01635833677714374
0.029763584614301803
-0.0026303939273203455
8.69521688985353E-5
-0.04832361015072148
0.005972806976024127
-0.01453353416185146
-0.009958366947715817
-0.015600241001919339
0.030326662316492215
0.007460653983459839
-8.806512671201347E-4
-0.007708286578532928
-0.017528494487566174
-0.01253811698843395
-0.0035037030128634485
0.05197027759314532
-0.06666186784787483
-0.022780158712262175
0.042980998517411814
0.0018268559006131614
-0.015810180989710855
0.0025317950459107924
0.009259119483746692
0.038514703547511686
-0.024860766179461702
0.018742482636922693
-0.007596134148323813
-0.0076389892670626035
0.031161571032186156
-0.013450191235434526
-0.021353752172178556
0.008625150371132206
-0.01727507024501356
0.010845845928900005
-0.016270046929010355
0.026403638383493085
-0.001968943211152034
-0.03250725515011407
0.024085031109882016
-0.03710229662510065
0.05155900328768902
-0.03276084918876296
-0.0055442675158727805
-0.025266371836077064
0.001844260467053934
-0.03453932230918501
-0.00859976277196756
0.01120068777540036
0.052716295051161516
0.01957780333745419
-0.008343029500580702
-0.027870430647653304
0.002630176664761799
0.03568182926206564
-0.024041292381294637
0.017350991826256268
-0.052159772151546685
0.03965268628809043
-0.006242357372716854
0.04296480440696623
0.00735339466557406
0.012029798563066752
-0.0017322982748989042
-0.004078293247538521
-0.006956100374136614
-0.075327425976948
0.02110631342184087
0.016111259688143222
0.017833414562067045
-3.572903366058644E-4
-0.03092480754898326
0.010904699092644639
0.010263129317927635
-0.01497547299810119
0.06395307794314864
-0.003802955300440919
0.01179367968497744
0.0168943867157116
0.03796397723124965
-0.06810910205936375
0.005512753851713722
0.02901465613989954
-0.032083110169652714
0.0025687968048111395
-0.07754095286394072
0.1044421249437948
6.97700902145602E-4
-0.009143998725280397
-0.024215847231476226
0.021262598044875125
-0.05552633574460866
0.010516038416941247
0.02778079026865035
-0.03856131080738381
-0.005251369453966259
0.006855749432622755
0.01933490459531566
-0.03362845690121651
0.015387273184609196
-0.009920885882697452
0.008605733626628718
-0.04824955946527128
0.005541783605794819
0.033446533497466006
0.001762951575466112
0.017647264780909798
0.01049170663718169
-0.026738765246809626
0.03109085136498955
-0.008978924206778816
-0.017246799885037887
0.0
-0.02886420135224335
0.038714924101643435
0.031948677934636044
-0.0087044269643261
-0.0043982565516279114
-0.01686303363780908
-0.04422735001878168
0.04522522990418511
0.02712491226951739
-0.019402084179773314
-0.018199165866376835
0.012827494501926388
0.03973821778211422
-0.012636147891762525
0.019236348323581315
0.031680297770258395
0.04398539391026386
0.002044693200405706
-0.05710032494306495
-0.007545811902988874
0.03343773553772208
0.01567729877034472
-0.011456057919616451
-0.02392546677110375
-0.026839734619778732
-0.004809682464930996
-0.01987466516054421
-0.013807563629025585
8.069233961622412E-4
-0.01722852331247822
0.01907534941888535
-0.013626392781919952
2.3764459669090715E-4
-0.010115039032855166
-0.006200141627221174
-0.025148766573236163
-0.05475936935986209
0.021253191000629924
0.04744025666288211
0.02242507606778346
0.010367710349857293
-0.02600387574373804
0.02918391547680005
-0.013493006436988524
0.016356191066956113
-0.0038294187167136
-0.033585720342988304
-0.03444111323412712
-0.004126737030775143
0.009442173774739455
0.018400664840253822
0.015256139919890457
-0.011637569086245183
-0.022406165433945757
-0.018918843176244683
-0.015950095363388882
0.023338774633946017
-0.025577408672959254
0.03797428945421392
0.04469680835381468
0.0
0.030101363179335483
-0.006237607466997086
-0.00892860978090349
-0.02972512376671093
0.0104416617810578
0.0014989931020156083
0.02231677453154795
-0.0031949568351994145
-0.01461180358619444
-0.015271662200764605
0.03379770559150327
0.004654651909105264
0.0266985705068166
-0.018745199962048664
-0.019806210082256102
-0.019021439359420557
0.01660708161101496
0.020872864206468188
0.038442825787169975
-0.01779123329700538
-0.003602888047234954
0.03891915084620636
-0.02111775624358488
0.017496641825211344
-0.0069815715719570345
-0.022831315234959123
0.010804614914186092
0.01355194386326347
-0.019277766962210494
-0.017287263346834277
-0.0023027315809108504
-0.012276996463033867
0.01964594763685544
-0.0035819763526603386
0.006584202888307453
0.01677712686368199
0.029056672437156185
0.01935654420812934
-0.05337685378561979
0.0014808376515687283
-0.03177092789247087
-0.010191831899320217
-0.0029188864877943005
-0.004601418820193865
0.017814714666080138
0.007157598138717166
-0.015492558009390072
-0.035106783476736285
0.0037921791499349764
-0.004076425866637542
-7.631295501457766E-4
0.03480688609798233
-0.04295285276137216
-0.009254393158468453
0.01731288057269273
-0.01633866537611374
0.013567246519440397
0.030113197700232727
-0.025548085477303025
-0.019752803205065853
0.020230213442099385
-0.02210284593423694
0.03797265522199749
0.05375443206890204
-0.05052988424646733
-0.020956023927673186
0.029252878378368305
-0.00970158169146174
0.007112371637289049
-0.017602657775173707
-0.009500528545465268
0.03975282354797011
-0.0040377649034555076
-0.009770189486044656
0.002593470649951113
-0.01347356152487083
0.002693773973685818
0.007047022092553111
0.001322793664176352
0.0030716743254965116
0.02950606455123135
-0.01788073485734945
-0.027347791249667068
-0.01805271797907591
0.008528819724983896
7.199100036919381E-4
-0.0016806875982618673
0.011387045771398083
-0.011224570331299722
0.02705557233564488
-0.034959609716246065
-0.00852125083324283
-0.004164403307238664
0.02033333206176635
0.06586909958241512
-7.699040517769595E-5
-0.015036117722030604
-0.006555213103152817
0.04575951920355833
-5.737863929279399E-4
0.020716129329911494
-0.04730421195780413
0.016775172286658712
0.03986598808431917
-0.02320063775253463
0.02803454961088834
-0.013281255821979338
-0.016704548172570825
-0.022373672513359047
-0.02523070945364417
-0.0023733278624031087
0.025794441444183986
0.015694191872267296
0.04277663971746093
-0.04187363538527577
-0.0013754640295757653
-0.011518457645258745
0.023913025807449688
-0.040242121981058206
0.003292082935637307
-0.0025167828293089847
-0.028465271128137674
0.015009832101718093
0.014903865299194479
0.01741918813242429
-0.020236495028918763
-0.02715544480366012
-0.027994292205560156
-0.034877048551894434
-0.0020107862047593905
0.040606287275346896
0.025872040080838096
0.0029685810474371255
-2.9904796023637326E-4
-0.007080638048383996
-0.007837670841817173
-0.0018762527547316094
-0.028653351998552894
0.013181786545300722
0.0
0.005180468554597639
0.009767036078291307
0.006552654662984001
-0.011989919627509157
-0.03475797179101768
0.02631739696068294
0.021225327616786548
0.023905535752853032
0.01820646689959183
-0.06582666400584378
0.0190017515029725
0.01617313417054235
-0.003622948682446104
0.02884228967564465
-0.025062569611541616
-0.017666004938212528
0.015798056949917906
-0.026033508219358445
0.04504583605161545
-0.004062631603321024
-0.006434775106462731
-0.03431834614520294
0.05068582453424517
0.010006115105717547
0.021422093377670835
-0.0033545155160712055
-0.0073786205102434
-0.021300794392807285
0.0032745495376610492
0.03921662527869509
-0.04416070453044775
0.024600375047046125
-0.03311261716798303
-0.007245164453222349
-0.016470868766886127
0.025629051884961403
-0.009091495928299284
0.03950355745895168
-0.009333667466076409
-0.0022404591486825595
-0.03399405868348885
-0.008366706832012748
0.005782980996309214
-0.003389614227187962
0.020858055154531978
-0.03425966231424807
0.01476272020674666
0.023011810349936723
0.03131411091017393
-0.05134624343013727
-0.02302892472117996
0.02125209862614518
0.03130522584218042
-0.053286740493716206
-0.009592517681228579
-0.030734539361384525
-0.02300343855219817
0.06438674608811629
-0.014587187308109387
0.004189269159634485
-0.00756303460426432
0.01216794403153709
-0.024161014929412562
-0.02273741912038626
-0.020467288228224523
0.06023682201805256
0.025860866909894087
0.08499659779786091
-0.01965667339335909
-0.029340768182711266
-0.005170556941514205
0.0019707251569631434
0.006161857196040135
-0.020180314253086324
-0.006931285083516222
0.03033365398762921
-0.03306503383249409
0.01350576370966959
-0.03255851608408922
0.05262998064093203
7.578550902949677E-4
-0.01904167713489432
0.018638808407394045
-0.018679727912617964
0.013049249891986327
0.004562814116149894
0.0020043162529852342
0.014192456418162441
0.032754970629102605
0.020223430916942432
-0.08453979492263182
-0.03924972484590897
0.022914343294330626
0.015093206583250343
-0.011918965297483439
-6.768122636469504E-4
0.018127847777572453
0.005832819712991686
-0.020464930545988264
-0.01122800932627534
-0.032467040993040173
0.020834879766192936
0.018532165263304173
-0.027078970859352958
-0.024784626352321492
0.041267594482093405
0.023542624135063653
-0.00480404824384769
0.014532357008099274
-0.02738981298431916
0.06362870089169637
0.01660191420298455
-0.05604270181277858
-0.00190048423969243
-0.03728029701516882
-0.01201871898164095
0.04232672796237479
-0.040158262444020335
0.017059014801670554
-0.034839113358838034
-8.052724287822069E-4
-0.0033327702691124117
0.03250941852061694
-0.02075765157658177
-0.01827344078992451
0.008743400697728138
0.0058995975841126536
0.020379385996860764
-0.007849561449015293
-0.004387106969553088
0.023264191895151068
0.023690737444762994
0.014732262017122733
0.009471027646033872
-0.004823885530592966
0.027573221157064967
-0.02353806564057644
0.02346163931763341
-0.02424453136616006
0.020878008032513724
-0.03431525050233433
-0.00793567595624935
-0.022728418318318767
-0.010931206885322115
0.005255660883456572
-0.011219744729402717
0.04932023010771402
-0.010032287015544431
-0.004004139871224598
-0.00903104350906842
-0.02268743224722794
0.0236732461099892
-0.007482348208740004
-0.01284140319399843
0.00997743433678828
-0.005190313358037472
-0.01371558210807245
0.01451529491791386
0.04236854142503315
-0.035889093852277454
-0.01885807298541911
-0.008352952828825104
0.027681082316054227
0.020112454561346357
0.012266386299861957
-0.0277318279471592
-0.03912478359275831
0.002423801749442657
0.026585912854486582
-0.010072029245113037
-0.03282945967880488
-0.03605776554081662
-0.005505516333172832
0.015617020489041717
0.03589881939127663
0.01988083124932667
0.034545610432305904
0.005597873579980062
-0.03497349816737627
0.005952195954437913
0.08137622159064598
-0.010945929090505017
0.012551980122551529
0.03043013323818978
-0.02977936467651715
-0.036611345232855995
-0.009045983722743072
-0.021180285837971383
0.010096650006241442
0.013736246994480186
-0.022149059793898362
-0.03152333542918359
-0.0671051230386613
0.06494352300347428
0.017842708205758638
