-0.012307457738141663
0.019214050520745082
-0.023595180633888095
0.016688587851284575
0.013340809019335029
0.01645052395353607
-0.05525458950892372
0.02546325653605311
3.532616919669773E-4
-0.009195439862062655
-0.02488661653248971
0.03372879470258522
0.005500551243166301
-0.012353145716915405
-0.03391825027614748
0.04077084474989643
0.01565060881958815
-0.015963645974479614
-0.03721400083717229
0.03752703799206396
0.002522558021654832
-0.008935133779375165
-0.021276019799851678
0.02768859555757236
0.016863621863489324
-0.018060126744023533
-0.02223779405981144
0.023434298940345988
0.012862141265498499
-0.02604101714958134
-0.02995592530785749
0.0431348011919405
0.023689436045541478
-0.023018192926405112
-0.04126792256292821
0.04059667944379197
0.04602884144979298
-0.04299597784666128
-0.015821532926285686
0.012788669323154169
0.09286022114703724
-0.10713597042284481
-0.07286328553947963
0.08713903481528751
0.10129971301556318
-0.1509759329865074
-0.07692055222493621
0.12659677219588017
0.10118714173469365
-0.1925654704404107
-0.11221911771134904
0.20359744641706592
0.06861597789826519
-0.1856607059098532
0.04583106439664079
0.0712136636149476
-0.04141965830333506
0.05550067704258947
0.2606525056938994
-0.2747335244331538
-0.30337554207451684
0.24300480074369954
0.11404043049521859
-0.0536696891644012
0.019997006194200643
0.15151961628109686
-0.21213214112021925
0.04061551864492166
0.128108344203146
-0.09662192927351547
-0.17509219533292952
0.1436057804032987
0.10251276472592322
-0.05899940428913903
-0.12908326611482518
0.08556990567804088
0.08726433779527747
-0.06995297586238985
-0.12093756663271635
0.10362620469982878
-0.005585119971961712
-0.0072340803400552725
-0.05433463026536112
0.06715383057737831
0.02252572490969791
-0.02956798244934459
-0.022670986811770513
0.02971324435141735
0.01150941688318079
-0.018151791889850874
-0.009047839733059067
0.015690214739728328
0.033106949919988186
-0.020641218748761833
-0.012330707376828516
-1.350237943979725E-4
0.011655348541805742
-0.017593897181569375
-9.255391244268364E-4
0.006864087764190754
0.023894150877571588
-0.0329711486556008
-0.012344860275682157
0.0214218580537116
0.047856471852924694
-0.02418328257924931
-0.03674190472840158
0.01306871545472691
0.03859266728018318
-0.02908336458186159
-0.013630129857100555
0.004120827158778992
0.049030722757649005
-0.04913648148962661
-0.012675593519590508
0.01278135225156771
0.025879158278556615
-0.021454746407175776
0.008465414402953956
-0.012889826274334432
0.009611427005685548
-0.021974850253048555
0.04077047712764618
0.026124422397339954
-0.014313185408720095
0.020633600192918346
1.0598203691117997E-4
0.020955348757131714
0.029263734697465908
-0.019450224316635824
-0.025037723899307685
-0.026000242504121626
0.013063773985349603
-0.07883491016127664
0.0374239428225764
-0.02464903021805606
0.03750802226273971
0.031363519841301084
-0.052772733385283245
-0.018026447789026092
0.02231624260425939
0.034862353448315855
-0.03570151172846023
0.05134627900717767
-0.027973603604777193
0.003852581539352931
0.00722945116766531
-0.0018815239043500189
-0.020951256135566015
-0.005038104739602841
-0.03751647887315235
0.030597260810151097
-0.04082157172843368
0.008880015769117166
-0.04752876305976245
0.08536762877246973
0.006790455728812624
-0.023013936096805927
-0.018742026898145785
-0.07132304265523184
0.009935852281708863
-0.04027541502955344
0.0175294680331936
0.040922034260854556
0.027698205895771204
0.038547929750894584
0.024775949081984744
-0.04233796474076203
-0.010061311744750796
-0.03354844271089432
0.0587095645032328
-0.06026014798899795
0.014930142331788923
0.03756089893056807
0.03778129836192567
-0.06773837465890989
-0.07489562413162629
0.03739582362637558
-0.011530436604088139
0.02566125887891961
0.018251957652259197
-1.5627965308876585E-4
-0.020383075219425797
0.06497133627799664
0.007858684881030847
0.031493489014536004
-0.040468943021698255
-0.0026466650786277496
0.00229295924310406
-0.040515046110244576
0.062033940068762033
-0.03909161055514614
-0.034051687596446556
0.02864459527442721
-0.04699868720767575
0.05158432471552843
0.014208264283072319
0.010997433941050044
-0.025978872832071995
0.03397862999973536
0.003983647300313881
-0.021129353880907788
0.005945148806597238
0.0409242130301375
0.001988571419530738
-0.0026756443229446897
0.0396716644183679
0.031058324960042447
0.009924762835632869
-0.004040909068089078
-0.0239860367592997
0.0015459247639867495
-0.03024931779268638
-0.020664513387066576
0.008031393206080376
-0.02387735157615966
-0.02746440415550446
-0.032657226339445906
-0.03253782611247484
0.028989815850196526
0.03605383295617853
8.877586343868787E-5
-0.036279006575092906
-0.0183408364249851
0.00766318981063021
-0.042952264338399486
0.07065758982083756
-0.04717775659560526
-0.014260052224468786
0.04848442181599514
-0.0032541732081595547
0.007731330347935706
0.03460275213130469
0.010729133049796453
0.018400439073855676
-0.025669642857142856
-0.032478321448833114
0.034553947782316956
-0.04445839384022837
-0.0030985972963291
0.0031954156720142984
-0.009937815666827374
-0.0034050863368960196
0.014447824143692133
0.022232253928293182
-0.0027721693445505813
0.01870860022294941
-0.009587082677362375
0.014139416009073251
0.020589008641043446
-0.010669525944761175
-0.005078218548210542
-0.009672482669722801
0.015063195262071555
-0.02822597690921715
0.01127130616084717
-0.022193336814167984
-0.02005200500014717
-0.002276729756758404
-0.004139109682646651
0.03923487376302465
0.01710455387189784
-0.00779399808106334
-0.006947708609295741
0.020147314253184834
-0.024449343385623046
-0.03918162871905411
0.05134070002147257
0.02067033227541929
0.011349839494915186
0.0038997262217307996
-0.04446786477949893
0.0047716115604342114
-0.0037325882544950936
-0.012758588348942296
0.0326877691148118
-0.05851170265235972
0.007832835403651955
0.02003805852042438
0.0011680894118654625
-0.04487267240144923
0.0032339259442161795
0.02334601568659011
0.005024411492473728
0.012611772959699417
-0.025871108607963
0.013062556275205025
-0.028089614425830137
-0.017975876361603672
-0.011944941808410381
0.035146748453217205
-0.008958150766236983
0.03149097765995416
-0.007761819123898895
0.009084851845332968
-0.012413693353786254
0.02709630559749278
-0.004456129882568806
-0.01477616507479966
-0.015932862445913985
-0.00326902421827631
0.03633174468894439
0.00603749615056455
-0.0030550435958045415
-0.004820372441342008
-0.007349303463226264
-0.018818444478089127
0.0284950677714556
0.006803472300227421
-0.021851509754887647
-0.013328396677552062
0.03662196022636134
0.03191621782423742
-0.013847162165881187
0.022115214285218784
-0.023673906485273382
-0.03867756614010843
0.056879621981790265
-0.028791472149814853
0.005506877625200808
-0.028699928397806117
-0.009567423335926507
-0.009683137973616786
0.006669185655324556
-0.05239995060665999
0.0166534960714887
0.02703882475768993
0.04406166029730314
-0.021744543770107864
0.06454689390102944
-0.01976132153771721
-0.002700430246084781
0.05458801275643861
-0.018794957624746696
0.045357502883519474
-0.044276887177243346
0.02648148135743338
-0.0036032233471768003
-0.023260714254704693
-0.004843742017268631
-0.03238138189071515
0.008220515360960155
0.0032978376538216787
-0.04347818776435313
-0.033417009485809564
0.007603633263309435
0.011095472598780923
-0.02550007043296033
-0.01597896776888126
-0.052053418129975874
-0.014248694636145504
0.0392022420087238
-0.0014299685421150649
-0.019006256489557317
0.0025030109899872206
0.019226199911112418
0.040829917167568064
-0.013201289647314733
-0.01945915721725783
0.039916106134388216
0.08249445596057181
-0.017179350655025228
-0.049353100437912495
0.0030556162032124284
-0.009306324522995735
0.029665138784176148
-0.027221067450703944
0.002186313586286834
-0.010880907196713984
0.013087745152089846
0.009327131824823191
-0.0035334541730570983
0.01112902127731847
-0.05833909689861488
0.049767650864180335
0.015871072432260862
-0.014857763558955184
0.04392449647382974
0.026747854056673317
0.0034345335573439427
-0.013262022259615588
0.018258721411681774
0.034963673443866784
0.0011636417474995588
0.01050710047166694
-0.010763404441277987
-0.006908274596807047
-0.028739156525211897
-0.007009849344065001
-0.03442003137303375
0.033931924882243066
-0.04132083512625037
0.013674030974897524
0.02528394935570579
-0.03734421499197451
-0.010988611014175673
0.00747311376722818
-0.007162135773692343
-0.0011009590754737925
0.0164863660931819
-0.0258102998714387
0.002061012027627037
-0.05334746095254419
0.052193017443210976
0.025030438710308946
0.019615582759434286
-0.021059215623993974
-0.020968259802781154
-0.06111925094101662
-0.014002029861881267
0.029126233896260283
0.03146572412743592
0.0012806409048870468
-0.027235060998704347
0.0189854372278753
-0.012120175154628826
0.006893924337149349
-0.02404725374627168
-0.008867580721514608
0.00490720071712589
-0.006316962449216014
0.039226838364575876
-0.03441022345321332
0.019018536913964646
0.07008561842684269
-0.04918650811882393
-0.038226798271860034
-0.015494706088647347
0.02076749889673248
-0.03821750343314872
-0.0059483227290040575
-0.02326804784806046
-0.05079987389556214
0.05155895352393251
0.021809260310120746
0.03807681611994297
0.04032727769364515
-0.012955752913976621
0.019410872539534507
0.009588253780396
0.054605177285479395
0.005501164628106049
-0.005041057579031397
-0.04728264943278566
0.034828321860455494
-0.031642997755873606
-0.009888932142372301
0.012723515886620705
-0.038367070484676406
-0.007258342987097835
0.030263795850004233
-0.004335307689131047
0.021374917610753847
0.0011480707253073603
-0.02264263378847627
0.008536586034371903
0.015040958950481163
0.061281084613793856
-0.0775793008916424
0.017516488636599527
-0.08091006217125947
0.004073273409259184
0.05545410763783541
-0.03297329766969886
0.04070202431434858
0.0038253514269620016
-0.026275827044171966
0.02864828017012576
-0.0163821294594434
-0.017538667006431932
-0.023925420731968933
0.04010800203583643
-0.0028636110669879398
-0.043505588037150066
0.008346020957445507
-0.021185970811492053
0.028968680035891245
-0.03374209685044731
-0.014662443451079463
0.0382451676296454
0.002247538315563095
0.005673607431503254
-0.016658917432829847
-0.03857628427498155
0.007954219223303256
-0.014161965454130863
0.004486753777662788
0.06815887020823273
-0.0017291962355462463
0.03146147554632825
0.03247945524797268
-0.010180829948081595
0.05764932372985875
0.023497926151619955
0.0019034710526208976
-0.07158408409709971
-0.025903501234642315
-0.0029833745676969056
0.0037767834184748647
0.022983450728434638
-0.08435344940808058
-0.011669938423632772
0.030008219811698534
0.03233286378534395
0.027513525966259597
-0.026782333283814998
0.03413517125257915
0.030186964998402628
0.008173099765668584
0.028338375272549482
0.04050171681590446
-0.02227505510304444
0.005653997951679077
0.0067026636089749896
-0.041890700477292084
-0.01226084334861758
0.0068350797728643645
-0.07161458869530468
-0.019875121354699668
0.023521668721380215
0.0035571571442550055
0.01699357539200582
0.005685661004068816
0.014299869914616375
-0.0252476867667724
0.0038473628942538377
-0.00889872810890259
-0.007514843064020678
-0.009442326268014539
2.478730124041602E-4
0.03196419679409401
0.010036459558520998
-0.028330632931935492
-0.012835656542239877
-0.0020650389600505425
-0.010357369816306566
0.022407922487813686
0.03899485387651645
-0.10315321280654327
0.02042942735280609
-0.035255954999822245
0.01094654738946052
0.06808905233914678
-0.04452240342511457
0.013200974767960044
-0.01043256802448121
-0.014516685477908235
0.0028541135259066847
0.01436740678397222
0.014740580360521761
-0.019972939317571114
-4.149088924752381E-4
-0.040373339721889556
-0.01848299493762448
0.011382570475203583
-0.023932677849156415
0.013730504749964907
-0.03555051922556837
-0.03212834211474017
0.011725856431455404
-0.03887059802414876
0.00857219218654139
0.006870178694740228
0.01135514621178322
0.08577030536768676
0.023296443789400014
0.002604298679042376
0.03746527422765586
0.09604810069522779
-0.014648817098507082
0.007743066259669074
-0.07603708397995107
-7.608100063458377E-4
-0.016488411358349737
0.00706408279150271
0.02090823962027563
0.02859205692239996
-0.0408756984023361
-0.08273957954150762
0.0430734109467521
0.0
0.011360095528837117
0.04017318501369899
-0.010549696125867439
-0.0683265193477774
0.05763658081796857
-0.0032946595712506285
-0.02461543914990168
0.011907393350415362
0.023346562153123064
0.02555724825339107
-0.053229437426233976
0.01071846939677484
0.012343426507243925
0.022382797219077478
0.02211900580831228
-0.014871370583205944
-0.01351518837102653
-0.009322052114879437
-0.024877834091612403
0.01729262720744462
0.002051106478847209
-0.050161527101415755
0.0013598418425997613
0.0015319954285954729
-0.03676470949064121
0.05421239773508284
-0.013889522889597748
-0.038220598529928394
0.012092201753525336
0.01130452526354734
-0.002749138953510327
-0.02278086459704455
0.05253898593702984
-0.046795463830569275
0.029022218438177337
0.02673578353280512
0.01058728682110672
0.008389128414720039
0.032929960223955966
-0.0019982320729571533
-0.02545140044531211
-0.02456103697305438
0.0055974484037008354
-0.016679649486579837
-0.03744255196994827
0.021436427653155912
-0.0066230271499066705
0.01684045953996914
-0.03976544670822209
0.002789927602545688
0.07034972380596159
0.054321900991875956
0.010413069372562462
0.019537480444503617
-0.012522458721241898
0.0029975320188660587
0.0024201241593438706
0.013952693506867302
0.03625580733433818
0.07665480190222548
-0.09642624841974637
-0.04222347433309327
0.024670928852336946
-0.039888421124416755
-0.035097977936268315
-0.015232385873751426
0.023856063871139463
0.01966042207142787
-0.04272040448420181
-0.013657969535458916
0.04739829864794069
-0.05233637477018374
0.042297382927845205
0.026360563593342386
-0.07167953089218393
-0.03316384345232582
0.061642990320915206
0.03286349523242767
9.300497059051942E-4
-0.013444733725292918
0.011545622195825663
-0.022190823061832888
-0.016523337700555106
0.06973332780571412
-0.06459926263568525
-0.030228448632796577
0.009504661765434227
-0.08147096360450468
0.001871936107427771
0.05363017944390129
-0.027913774058339474
4.2213069824765387E-4
0.011629282757614599
-0.019846824757555427
-0.019820418104033694
0.07302827704942651
-0.02176173257987002
0.006073190418153962
-0.0015194842360630942
-0.01892985581381052
0.002909329171527579
-0.030460891855141267
0.025669642857142856
0.05550991384624292
-0.018120367893083793
-0.03579083582234076
0.009019736255799927
-0.009781902312578427
0.030204849052758907
-0.042166300835546656
0.008588950766162166
-0.010451990433876492
-0.0033445625398104417
0.026517066528841192
0.05122389847150485
0.2461755566656741
-0.0889167564540751
-0.07735685961645014
0.044883854460058485
-0.04172377100379738
0.0032409171328425385
-0.01881875559072834
-0.03669565911411384
0.00292312585646232
-0.010766137866447568
0.04375887849814748
-0.09072569606705536
-0.020244875606181493
-0.03841385470457554
-0.033224960791923
0.16193383565195593
-0.03127639483257498
0.011325428366521572
-0.015897863161312614
-0.03945106288221346
-0.03916137862300592
0.01967280106355341
0.095174074364412
-0.04721642150342638
-0.023223367823738725
0.08865910527414309
0.0328145106515195
-0.0400976473801536
-0.02189070351261936
-0.013460864742744195
-0.048938823579758
0.02997263047473632
0.14425623148652017
-0.09146610366538574
-0.05120546657921686
0.032546525593651274
0.019874680025568366
-0.018473971704055528
0.04847796131120161
-0.04282779592117213
-0.03244693947981937
-0.03740763797502499
0.02662341773608183
-0.028141944975005252
-0.005136214312058948
-0.03818838075482889
-0.05457835245232485
0.11227245873958336
-0.009943658018958152
0.004393861698880442
-0.010876714771224798
0.025669642857142856
-0.03527268574288346
0.02665214144220388
0.013219836186328604
-0.05325794274577214
-0.051433141613990825
0.04635952662813214
0.00819495294049287
-0.007954289943223346
-1.7675044903320974E-4
-0.01418600672564655
-0.03428638737018157
0.10568628495088744
0.255991970464772
-1.2486139457357041E-4
0.024223760769531505
0.06912086546093123
-0.0357516650277072
-0.05939298206182583
-0.038519045034293514
-0.030999877930232303
0.04339521164120214
-0.0675796675510324
-0.05046808511672391
-0.08068436310165025
-0.039117995214919946
0.05282003657481545
-0.09415614453496637
0.14410306320371
0.004555319471039161
-0.022002121263154907
-0.03406374439634616
-0.04477260915565648
-0.010960612344837417
-0.0138172440982113
0.07785998599174541
-0.021990241614152417
0.0319527748955515
0.051545759144030256
0.06931285792587685
-0.014758275694244778
-0.10193443437809399
-0.04410771323545674
-0.020891416905385738
-0.01306425476554806
-0.010434083096661356
-0.032001485153866846
-0.015067820321754528
-0.04667693448880392
0.040951463297234536
-0.009684024762241627
0.07498212702794758
-0.019404709502137796
0.027066633131178342
0.026628896713542842
0.05095349531761833
0.006742734663902121
-0.02562038044868544
-0.09489361074441277
-0.04550214036317581
-9.034468091635127E-4
0.032643969799423196
-0.01850738024734408
-0.03229874048158444
-0.029286392950387687
-0.11350367685027164
-0.01831604262593978
-0.029218925141735297
0.05678953769015144
-0.02840176735936916
-0.0680575165200132
-0.025648719019571307
-0.04892052129523372
0.03035441375483905
0.12492448678527371
-0.023716563428531637
0.2783028727055819
0.16650308662969232
0.027525939892213837
0.1084683000205451
-0.019740149903878255
-0.044894366453013174
0.01748470450973367
-0.04258418406300728
-0.002642002052652574
0.03434943006154554
0.0010582041291349112
-0.09896502301510512
0.006350844394271013
-0.022976771242560572
-0.08270506704078702
-0.006178334652033279
0.06024510180146402
0.017618087878573593
-0.045571204516287885
-0.021698522674321555
-0.06961285161354586
-0.0795210068340618
0.026513691842377073
-0.04422256872302948
-0.003980409833504379
0.059398077387065276
0.05538690951389803
0.020335090961271785
-0.05001593501857085
-0.054883253097512186
0.009564674009788346
0.043570529194638344
-0.013857241463285583
-0.006088801707494804
-4.2187974272034356E-4
0.08521484088446656
-0.004691307125688559
-0.02735007457241809
0.056095309605081516
0.042086826810098746
-0.12829459005623475
0.037777641945077454
0.0033946822471677043
0.019867302011448693
-0.016890077096493913
-0.11524004401043111
-0.07636521572804679
0.030387781569274644
0.023597052741976605
0.007208016670546419
-0.15010531591294077
-0.04476038275875169
0.05133928571428571
0.012937269168218898
-0.023627258370117428
0.022775859459893213
0.02665732912222499
-0.06012282141002106
-0.04501294916710256
-0.10565472986054449
0.026524235205608544
0.14390150748505842
0.04112406881875396
0.03718827923179664
0.18622437879897139
0.04767721438381012
0.08552587782193391
0.1476799204308073
-0.09564262316523381
-0.13142612879599594
0.07034631505086839
-0.05615336082032193
-0.05133928571428571
0.019786546054322274
0.0
0.07440147368111458
0.033036215736501576
-0.031042716386758894
-0.04314379032314925
0.06575041094414596
-0.03426892716306476
-0.016597336212125988
-5.94980945641501E-4
-0.10670010880945331
-0.014935752724053272
-0.07541357382034303
0.18956584336479673
-0.003025210035861089
-0.03466061192151781
0.03316234612754514
0.0
-0.012173046117873593
-0.04293336652571628
0.007941584949215087
-0.054950968249239285
-0.05079135137476725
-0.010458938145375284
0.1012369566674188
0.03448162585870476
-0.01939825422668324
-0.04491800031577309
0.01589529272133674
-0.013996243131421317
0.0021566272144886624
0.010771169918694055
0.02933750575144413
0.0
-0.15767716999644502
-0.03607769565792828
0.008431620091771262
-0.08367478101778641
0.011230355035054894
0.02998187337577507
-0.08162371694301089
0.02960435247225962
0.002820803605305844
0.0
0.012594422549027366
-0.16274941497236886
0.018323284429692374
0.023450168053357614
0.06787038945216853
0.0
0.06950525893318438
-0.03240739304167653
-0.049250064893159924
0.005086841113632754
0.27470287280151073
0.025669642857142856
0.0
0.0
0.05069311789609206
0.0
0.0
0.0
0.14901687520725682
0.0
0.0
0.0
0.024402360999976513
0.0
0.0
0.0
-0.15549637620506016
0.0
0.0
0.0
-0.17834998734597482
0.0
0.0
0.0
0.08316650031187503
0.0
0.0
0.0
-0.03869865921200198
0.0
0.0
0.0
-0.051778559663751854
0.0
0.0
0.0
0.15015678738548002
0.0
0.0
0.0
0.0
0.0
0.0
0.0
-0.025943483500019668
0.0
0.0
0.0
-0.0783822394888195
0.0
0.0
0.0
-0.06391957623893246
0.0
0.0
0.0
-0.17668269847654217
0.0
0.0
0.0
0.3008922874059444
0.0
0.0
0.0
0.010923650924477883
0.0
0.0
0.0
0.0
0.0
0.0
0.0
0.0
0.0
0.0
-0.04141965830333506
0.0
0.0
0.0
0.0
0.0
0.0
0.0
0.0
0.0
0.0
0.0
0.0
0.0
0.0
0.0
0.05550067704258947
0.0
0.0
0.0
0.0
0.0
0.0
0.0
0.0
0.0
0.0
0.0
0.0
0.0
0.0
0.0
0.2606525056938994
0.0
0.0
0.0
0.0
0.0
0.0
0.0
0.0
0.0
0.0
0.0
0.0
0.0
0.0
0.0
-0.2747335244331538
0.0
0.0
0.0
0.0
0.0
0.0
0.0
0.0
0.0
0.0
0.0
0.0
0.0
0.0
0.0
0.0
0.0
0.0
0.0
0.0
0.0
0.0
0.0
0.0
0.0
0.0
0.0
0.0
0.0
0.0
0.0
0.0
0.0
0.0
0.0
0.0
0.0
0.0
0.0
0.0
0.0
0.0
-0.30337554207451684
0.24300480074369954
0.11404043049521859
-0.0536696891644012
0.0
0.0
0.0
0.0
0.0
0.0
0.0
0.0
0.0
0.0
0.0
0.0
0.0
0.0
0.0
0.0
0.0
0.0
0.0
0.0
0.0
0.0
0.0
0.0
0.0
0.0
0.0
0.0
0.0
0.0
0.0
0.0
0.0
0.0
0.0
0.0
0.0
0.0
0.0
0.0
-0.021410801856358748
-0.10762434259048563
-0.12270004657498
-0.05164035105269243
0.32186670220169405
-0.08440033410099154
-0.004906452184321666
0.010444884827318424
-0.24774772213803406
0.2918010546852348
0.015521469455168573
0.05446562849284921
-0.032711172013100635
0.05174323828733878
-0.10004711181608616
0.02734535637744678
0.0
0.0
0.0
0.0
0.0
0.0
0.0
0.0
0.0
0.0
0.0
0.0
0.0
0.0
0.0
0.0
0.0
0.0
0.0
0.0
0.0
0.0
0.0
0.0
0.0
0.0
0.0
0.0
0.0
0.0
0.0
0.0
-0.025669642857142856
0.058940554793461906
-0.029012070935534946
-0.025669642857142856
-0.025669642857142856
-0.08384405263998021
-0.029201622655620495
0.03109097556225791
-0.08796574422565638
0.005470183400782367
-0.010443768312952208
-0.029760717437153784
0.0
-0.013554367159384429
-0.0426818989254678
0.004595915032159802
0.2435451392579152
0.05497056404288518
-0.08721426004978966
0.1105652589506833
0.10650624071705145
-0.13501730354702657
-0.05625186849383117
3.6259722281490464E-4
0.04983375135019725
0.05706943093686546
-0.08349955324637301
-0.02831008122501129
0.06996277502338026
-0.041900706876730295
-0.13487110303736358
0.1172539197180321
-0.05182933617425142
-0.1457255114695838
0.03367353869657195
-0.08386641319077079
0.04018697230279099
0.05133928571428572
0.11935359311617791
0.08092120355198049
-0.09349868050739843
-0.02627248784197833
0.09317751789700424
0.04211511990754099
-0.019581998395665413
0.023950336981341736
0.009390592211970817
0.040706697695202
-0.009145429635919727
0.043412562187253305
-0.02621688534699948
-0.04076141921743474
0.0360431339187628
0.003564051611164777
-0.010331559614726864
0.022467612372138058
-0.06730202314534922
-0.027755855504423714
0.09172814702325521
-0.09671738018956844
-0.03730717056842552
0.07873138609755151
-0.012690993659250192
-0.0013878654924290579
0.19168976574579907
-0.03582514537726594
0.01419214821629158
-0.013156037994223511
0.03198171794290094
-0.015344032350091005
-0.06183556486268851
0.056796048823895204
-0.008536953468191104
-0.05191314318734476
-0.040923105054640675
-0.007396475925575595
-0.009954609172513514
0.01863188150042239
-0.10129941114586984
0.05288992250329584
0.09311560233618568
0.020569378669972424
0.0551261185155717
-0.011744395440267445
-0.14895018145623515
0.021314984280076284
0.039826075641853156
-0.0761488973272506
0.06539118649112181
0.02123654413427475
-0.054111741487952725
-0.008947446785444423
-0.035592135500883935
0.08902696203899269
-0.02310348883960772
0.10451105101069036
-0.06907864833098687
-0.04296484209055824
-0.025251555278918033
-0.06163765082774359
0.018656213203692498
-0.0343238790735025
0.05645247783987362
-0.03227354097881782
0.001829663722886142
0.016749186295344325
0.09425405331000669
-0.02187055996730293
-0.03453586234599385
-0.013738380927469648
-0.07237184548933978
0.007973029818610772
0.06857126501888605
-0.03621017623056054
0.001710109876729659
-0.020997592605765787
-0.04741200960363872
0.043675490810950866
0.03759572785119001
0.013367439984276308
-0.019591462554904134
-0.05975311317667828
-0.0750137336117043
-0.026495094066824133
0.004929212697798523
-1.311196057018349E-4
0.025670468404380024
0.1307001054564881
0.24532188482277772
-0.042373036943713124
0.03509899091943214
0.04625014597138712
-0.004491159950566537
-0.038850368662050785
-0.013639646621135787
-0.03744960979465914
0.03397413222369346
-0.022453060742620608
0.013446848735139329
0.02080890111346271
-0.007547168339792874
-0.04858836242649246
-0.04693362138640401
-0.004466524715310994
-1.41878337781981E-4
-0.07560013182658096
-0.06470062921339254
-0.005281620535524934
-0.06011014859833232
0.01841198672427946
0.05960575864510522
-0.0025850331036187148
-0.060623847392746344
0.11535519777677286
0.05160963159969936
-0.03430226551349759
-0.05254856072194857
0.004867119304349049
0.032718365987257234
-0.02329587406755456
0.08088371843560449
-0.039163896028599245
-0.0527528980510101
0.05012550983491755
-0.04636923775127757
-0.042646995078289895
0.09386188156069628
-0.07852617466553274
-0.0057281195519973405
0.005674083657214647
-0.013137238442038915
-0.06260325250746937
-0.015894755490199124
-0.04665929616531871
-0.06866737110256607
0.06651184601293678
0.014209917518798052
0.01118379507745745
-0.09834219566554937
-0.002204911252298908
0.0026194948303431727
0.06338562726109043
0.03882359504591128
-0.011039374131101325
-0.08255349030151068
0.010996553640796413
-0.063334029212974
-0.036213311196749004
0.046263556400214026
0.05650780856931551
-0.024595009430886296
0.21789775325044186
0.100078511948345
0.067830273338516
0.019231049111203644
0.15313380804133359
-0.0031850260938581024
-0.03572056019578608
-0.03195906344934299
-0.07508861998244873
-0.0367234222205253
-0.03873977441663567
-0.08371976656817215
-0.021513768805186698
-0.04739550880955322
0.07817364739068314
-0.042496458754296765
0.10060744419164769
-0.0055779964084152756
0.028676818448096882
0.007025999783581448
-0.13847587329309632
-0.03718111703774379
8.166384454116968E-4
0.0735894404391208
-0.036924711601759405
0.006426835094652444
0.07467537365593419
0.11493777290400561
-0.01738839302401511
0.019514562564141323
-0.05250321593569163
-0.012112319376768451
-0.0844992189465932
0.038706010722925184
-0.07800442349623249
-0.03574458843069989
-0.03988832381855369
0.06421093000411411
0.03757324929687972
0.026573721321632066
-0.01878512629046259
0.029357294092857852
-0.040903115009423424
0.014969199380237254
-0.014838165783845916
0.01958706323409257
-0.05035429181669854
4.6892878919770065E-4
-0.08201162831084502
-0.03466736652939057
-0.02466026991392754
-0.07624846994681093
0.10584917823840248
-0.03559273148977629
-0.002164688284099126
-0.0013994765965875781
0.005284165652316391
-0.05528337612020868
-0.05915208281468448
0.037856736729745835
-0.03089891372745185
-0.027859782923618945
0.08722234096760195
-0.06530733560140647
0.26259197803793655
0.09389115478802049
0.022215455226401074
-0.023310562931429232
0.005743112650472015
-0.013996441933271243
-0.07153937885326098
-0.018635346269834818
0.09801356543281989
-0.04443995053295703
-0.045921722793466624
-0.010020203053857368
0.014645866897555225
-0.03801210026169701
0.026737231922273445
0.04777522606517769
0.04411843144233204
0.02525353412703632
-0.014473023926264879
-0.027944863635937116
0.005416408817901586
-0.028429272513612554
0.029877105562969894
0.02894964833779378
-0.029892842124744967
-0.026092013883851115
0.034499119646785883
0.057082152834299946
0.0013153631175876063
0.019546861609297972
-0.10076257881763939
-0.004315950107716352
-0.03998262490629657
-0.02996866805808588
-0.021307599136278513
0.03997832573345297
-0.044924727692312275
-0.018894815715201546
-0.007628649840221409
0.02717094937442249
-0.06476708240380893
0.0570991669827544
0.0433418819821372
0.003936768312498392
-0.020333874831573548
-0.04680308218206562
-0.007243922978137994
-0.019691031209752373
-0.010901204970543595
-0.035125059169549486
0.013987249305777397
-0.03105966907504265
0.016043813003876462
0.0983392164945871
-0.018118241608074417
-0.018446472206506356
7.63977925888587E-4
0.008915026096406549
-0.003875220228495931
-0.10214813374025113
-0.022338857070933478
0.0012421690618866048
0.09064431208615062
0.02800817476091143
0.07679391906319738
0.021849606723173223
0.023587881282333335
0.039519818648560655
-0.030906344966645773
0.0682242224027608
-0.028803868099157474
0.004435129262330495
-0.04343340209629873
0.024001097092702785
-0.01347663957102056
-0.021829747971501764
-0.03103147945913653
-0.013896023664205108
-0.020555297840350324
0.02619492463353449
-0.009464996349041266
-0.02285526457643575
0.015925692300298493
-0.012408119989984215
0.05635637859862321
-0.05877063469198006
-0.022713777882811342
0.034262338841274775
-0.02018709100507017
-0.027802080582721603
-0.00474780968903999
0.033285331274817864
0.01830333823281886
-0.010894163443333892
0.04726945067041398
-0.03465224965509678
0.002394581258171255
0.0114246720615672
-0.00873179952152036
-0.003891746165592253
-0.003318897712101799
-0.03127570065030607
-0.0035931403368702746
0.02078336644045364
0.04212953315368315
0.0203667680100251
-0.03973466651677021
0.014848929423933357
-0.0466304465644983
0.024825808650584646
-0.05476697426220178
0.01785893215849551
-0.014629268434242605
0.024362488845589572
-0.051252241144479904
-0.049128911500086095
0.011992512026398375
0.013228754238004771
0.055348200911241804
-0.04645355970542983
-0.01274835323117008
-0.00997403321210547
0.05800131637152067
-0.016437237871358184
0.020186374220563384
-0.021306100320139246
0.030091881438563534
-0.015435037557410776
0.07667777706767567
0.007199766646539464
0.002001394309564364
-0.01627914448909716
0.04185948658688757
0.003169390154970822
-0.0285404160093074
0.019854792371766586
-0.014954233600798415
0.03268785152657754
-0.037272922483616404
-0.03603981194155362
0.014715923891490672
0.0
-0.013906613549566203
0.06104602807121105
-0.013015766575370845
-0.02293435405135555
0.05261813423081785
-0.025928559071195484
-0.01234857980978735
-0.008741024389008572
0.031760402366329446
-0.0025133586125902635
-0.020268604772327815
-0.0668460973328012
0.10777454450814125
0.012135391221595451
-0.04003656355830639
0.008018658294129344
-0.01677189926034171
-0.04610589733594714
0.020619825123303643
0.04090645436595374
-0.04526623842295227
0.03594891541873894
-0.02499738005383958
0.011169577563321396
-0.040998434217795074
0.017552444709514208
0.01231861253964928
-0.0014461189003057047
-0.022862531080632513
0.02731223722231321
0.006863687614516188
0.015150412723597365
-0.006450609477878021
-0.013051580140754311
-0.03482043667521764
-0.0015844562032852755
-0.017029642976066198
-0.021393671109882235
0.018737291512140094
-0.02920502346009603
0.00810984244289318
0.027116036872247506
-0.003981795848619244
0.01425337311273845
0.002799607401144655
-0.037484891573944426
0.014398480639583738
0.03130853986901242
0.0033941634705034612
-0.01449963898925112
0.034775029192298336
0.022788789025322602
-0.02931242802076759
0.023788473362946105
0.0063225763903512824
0.03246415285824252
-0.026219663621329534
-0.01779264328467685
0.0038718011891276266
0.013064425590984953
0.012573308414966775
-0.01760007179181958
-0.035690121465568075
-0.009863694242850374
-0.00894627991040544
0.017481096972207264
0.024579695416449276
0.017139794901235246
-0.035811145749898673
-7.320767585596161E-4
-0.004203652523589323
0.0181636041602879
0.003456929802121025
-0.020286087851001864
-0.03100305152928696
-0.024257971480433262
0.04816344954516222
0.008928255308585771
0.029176181967623314
-0.01361127717614976
-0.02605568644705795
0.04541917538655534
-0.03263823344544382
-0.005649997049000072
0.015689814085731252
0.016384359538852762
-0.04777516816937479
0.0013959437967367497
0.01676202933090326
0.04823919450543752
-0.015958469288040542
-0.0025980374374235463
-0.05162332592001867
0.015639741463554624
0.004504546822298273
-0.01592092777839856
-0.02808506260575785
-0.001347564225663976
0.041295083197104586
-0.0011815991010382457
0.07151078181941047
-0.028091737460496702
0.012240165628863639
-0.04602260713025804
0.02176097676871911
-0.023991720625434233
0.01451839216969067
-0.008674589601805276
-0.008262823811010267
-0.04216856243119307
0.046494887449266935
0.034419339206352706
0.006805229137662565
-0.02479537123372054
-0.008870546045281254
-0.021629280670880078
-0.014667231792223075
0.05069256527531773
0.018700934964304958
0.019166856674638362
-0.0023682157976457454
0.04092664892798792
-0.03564826767050512
0.01692894378073203
-0.034693979052666246
-0.0026585030915638463
0.0317725570462406
0.02069842930572821
-0.06823830109107054
-0.009561620416380295
0.023685413527973456
-0.026049494056652057
0.015684168758118434
-0.017218205640995923
0.03358462462453869
-0.014884387748266958
0.03807445312066302
0.004768460434589878
-0.01219825352657207
0.029406906607518195
-0.035680912106780954
0.012469012989613247
-0.020026264746025885
-0.009292092062959216
0.017382655537193276
-0.010735400034468549
-0.025926490898274687
-0.025544110021305355
0.02218404620761451
-0.013740671306610566
-0.005365437808375478
0.02201913324501405
-0.037579095827265374
0.02141327432436337
-0.00500270351301204
-0.027282592656145417
0.014981933933112845
0.0026366957412667855
-0.02553667446910652
-0.009812191150382598
0.057289350960701264
-0.039313249192572355
0.03632158415587411
0.04974668107625574
-0.056098232916368604
-0.01269384203645903
0.014068833885525892
-0.007939768543431758
0.012064323896199162
-0.029788535984159148
-0.030617819194167034
0.021599384354082433
0.025806561670318397
-0.030764039255646407
0.020115430130623606
-0.013238267256374291
0.012887325844498865
0.021222548990035124
0.003494391544669073
0.01846941933724464
0.018425626416118175
-0.04858222771888067
-0.011789021707063887
-0.04179846997308462
-0.01296372802683941
0.010763918169391071
0.011101030087674213
0.009475451225509239
0.010430767861649728
0.038004711624490414
-0.05087108442039716
-0.023753455772972457
-0.011897616345136
0.001870865979725746
0.0947691618043768
-0.022094740881538392
-0.01304827049721985
0.006972502543491969
0.046532342463219994
0.029360050554363446
0.01871322845056
-0.041800672397116316
0.003918858784143914
0.040766964655713486
-0.04077519913632838
0.028857982711658542
0.008470099471738352
-0.03816032588504414
-0.007744361391302239
-0.023306970384543928
-0.014255386243365975
0.03736721042548449
0.01324027361591205
0.025762046967826656
-0.03571688892303596
-0.014479112844026457
6.871876289968396E-4
0.005369360576510929
-0.021163830917497274
-0.011479654380395433
-0.019145471336371168
0.006533465186397518
0.00577482691403889
0.07303004288378172
-0.005274735024987742
-0.007826374951979832
-0.05360388494508234
-0.054978062123776
-0.019243785260796807
-8.997912931755642E-4
0.06347751751376048
0.03489162063714098
-8.934822549164848E-4
0.009737209650548976
-0.02441431678145057
-0.021826099234004553
0.01945407352618599
-0.02933832942433451
-0.006677365521233013
0.03306563322852878
0.025852209195225642
-0.018859601968412815
-0.0024833421250995864
0.007000168023564817
-0.06039100639799394
0.029006647036587212
0.003148018095256687
0.03486792207050522
0.008793754780174447
-0.048496919160963714
0.004209086584297627
-0.02266899836347719
-0.00670937440981823
0.03255626557220238
-0.01992536229964455
0.014222054946911268
0.04359272964184893
-0.02580339010287465
0.030492554860995075
-0.007525641714586761
-0.005612335789903097
-0.027836067659716142
0.04894813353859936
0.04896993153733139
0.010622762993938497
-0.010375829190236597
-0.04367365954323234
-0.01762340045585429
0.026856727253252687
0.018575041475084413
-0.04373855227314814
0.031171209278774772
-0.02981573878225048
-0.021247130438312892
-0.010666598885341196
-0.015846504551390424
0.002966451174014218
0.020284376205167796
0.009532339439031152
0.01560292589817955
-0.030240312062030192
-0.039176153647875564
0.02377771072686243
0.011260126345664498
0.014044960705585495
-0.016902407218918582
0.03565515026588064
0.006296812793456338
-0.0045752737406520305
-0.02892209701594025
-0.016102965592717018
-0.004847127147725054
0.04162336938891902
-0.008309381471529403
0.01571503368462934
-0.01802094281070056
-0.009570586841816357
0.06024969165930562
-0.03172266557298904
0.010694596502483538
-0.0522290862085496
0.02408526906904777
-0.030672860688192537
-0.054960465072954
0.021559593713419027
0.028681955031872312
0.029145464818491576
0.08555330106202957
-0.034431735249614986
-0.059810974672446664
-0.012529696530105374
0.017904302673121947
-0.002228680480722032
-0.017694631086323763
-0.019394512731039988
0.05542383643505561
-0.013310231406236816
0.009447388134865807
-0.03841541905317518
0.06205313870922066
0.004802684765097577
-0.03310828474699859
0.04359598603019689
0.0100428567749434
0.027368948622439167
0.0053801837068039315
0.03862784759112912
0.01558315525656516
0.026472701326264024
0.006705204293900315
-0.06915544200646306
-0.03483232582415433
-0.013100632835396617
0.013595069456001346
-0.0034613211362206422
0.0022577547319454798
0.03623574393125889
-0.014222990293781896
-0.07168003617448382
-0.024889395582775448
-0.04680511438991937
0.023410614589743736
0.029946219411767668
-3.753937218273738E-4
-0.027231944509752817
0.014943300793878508
-0.005372735221828032
3.591533702279083E-4
0.0191184478435123
0.0019178596829913554
0.03691870800068444
0.014782183341317756
-0.0729426589468648
0.013132888816771755
-0.01365403820632932
-0.062246367599768926
0.05005554626864548
-0.010605002372206494
0.019525435649518343
-0.06564591491003484
0.034978325455531284
0.011299016746350164
0.05012988354051888
-0.014635250374055983
-0.013697474963445196
-0.005449410777256308
-0.013508526410498024
-0.012304311584161464
-0.024420406920422456
0.028384174208116564
0.041208999497895804
0.03914210267358431
-0.04837740211373422
-2.488956597060943E-4
0.01794458975428457
0.0069030403972100834
-0.031940035526690426
0.03697065429031388
-0.01574601390928322
-0.011839924310852401
-0.02944733940798762
-0.005972344116457834
0.005634429087192246
0.011190549188531105
0.002921344797924096
0.04540583601925811
0.01605207611659644
3.6588062044167965E-4
0.003499159104245912
-0.01914979011044965
-0.017249100316413
0.058768649434216995
-6.444693341254616E-4
-0.005745632103101018
-0.020388146205670133
-0.01678341165277624
-0.025047211484740373
0.014979794186452816
0.042103719698869085
-0.05520451739794296
0.024198106374544788
-0.022737125836616752
0.009950730441202676
0.034481214514192324
0.02368096115171133
-0.026182125133178583
-0.025664636925651886
-0.00731080540089845
0.03273764712088329
-0.022012088559010306
-0.024404644522540892
-0.007927670727847926
-0.013993420181345518
0.009979672167292904
0.03145232523850276
-0.014904653961137382
0.035234218122171354
0.02253568032721911
-0.06133180308746251
0.007717858917588038
0.02210956045374541
0.008704364429667755
0.028256981397321235
-0.0043107541881824765
0.023588627588734416
-0.08536855959367419
0.009766049022191442
-0.01758801320553199
0.01870801458445597
0.0011483573374087563
-0.00808257073222486
0.003179613377961934
-0.058682507656968655
0.05615761675753488
-0.0011838113312486066
