P, C	0.0078125	0.011160714285714288	0.015625	0.01785714285714286	0.02455357142857143	0.03125	0.037946428571428575	0.044642857142857144	0.05133928571428571	0.0625	0.125	0.25	0.5	1.0	-c	-p	R^2
0.001953125	0.8794265351462279		0.8887743613970372			0.8900461002086135				0.8733691301726523	0.8601392568327019	0.836894642357338	0.799181583201912	0.7660193708510004	0.02455357142857143	0.07589285714285715	0.8894449396999685
0.00390625	0.8800739292986932		0.8913309681528248			0.8878084026538853				0.8751658076446591	0.8577669161390252	0.8399844431490965	0.8073716074067987	0.7744303245719197	0.01785714285714286	0.03571428571428572	0.8884934803203646
0.0078125	0.8809301878417075		0.8898557644512576			0.8903268658861911				0.871094667045374	0.8607520277115662	0.8305623622410815	0.8005251762477283	0.7861814441316425	0.02455357142857143	0.10267857142857142	0.8891252194130028
0.015625	0.878130621484543		0.8888096108686292			0.8901121574796675				0.8814085780505012	0.8581834467055768	0.8302133248068915	0.8062778309740369	0.7699094316735609	0.02455357142857143	0.08928571428571429	0.8898543246294475
0.022321428571428575		0.8853915779227836		0.8928744549802275	0.8909063611886975		0.885911025943393	0.8881779111880256	0.8880003692393443						0.03125	0.0625	0.8889754986747478
0.03125	0.879286424665997		0.892908103509463			0.8902876232633459				0.8793980857988055	0.8579976541455961	0.8407689405038533	0.8102561052388748	0.7911712780641617
0.03571428571428572		0.8868855941479733		0.8953064576180235	0.8917413917356412		0.8936064428322835	0.888025257761882	0.883723894169324					
0.04910714285714286		0.8863847610099241		0.8940128273056644	0.8931639112441725		0.8925752489172071	0.8899498013541033	0.8834216976233522					
0.0625	0.8798624665236375		0.8922642348546549			0.8943002898195943				0.8873250005601484	0.8653724955391116	0.844899564295731	0.8127639154238746	0.8092637284288529
0.07589285714285715		0.8903100428917863		0.8925614164306697	0.8963398373023195		0.8875195688333101	0.8873231640762748	0.8851234655833939					
0.08928571428571429		0.8846896353213849		0.8934576085746193	0.8945642411559783		0.8920639933331943	0.8916670582920129	0.8843802361613284					
0.10267857142857142		0.8859601592745533		0.892269832579401	0.8953023108600549		0.8894420515263609	0.8887960600245406	0.8864874594460149					
0.125	0.8778627639790595		0.8916569790269084			0.8929210269702643				0.8861558173313429	0.8651334523603982	0.8481523114249894	0.8250287601346915	0.8001569217262986
0.25	0.8602717619496252		0.879953959884509			0.8815388433990748				0.8747595204916455	0.8696092688549653	0.865074195858025	0.8643034395102388	0.8721973508260368
