P, C	0.0078125	0.011160714285714288	0.015625	0.01785714285714286	0.02455357142857143	0.03125	0.037946428571428575	0.044642857142857144	0.05133928571428571	0.0625	0.125	0.25	0.5	1.0	-c	-p	R^2
0.001953125	0.8762336971499343		0.8862120195476099			0.8866758791938361				0.8712970884595086	0.8552123687260244	0.825801766127352	0.7864409802686865	0.7535890193304499	0.03125	0.03125	0.8948230534229009
0.00390625	0.8757418960079817		0.8873285659630388			0.8831093712013874				0.8695237143022913	0.8534642574715929	0.8217965431945181	0.7904631896265614	0.7573030732410851	0.02455357142857143	0.05133928571428571	0.8988739875167812
0.0078125	0.8758258988256258		0.8866547523073192			0.8844772913362335				0.873500997009259	0.8557376034268843	0.8293982623759534	0.7848822097351761	0.7716023663465215	0.01785714285714286	0.044642857142857144	0.8984525719133971
0.011160714285714288		0.8834475898877688		0.889050309228779	0.8878046271096068		0.8834343682359207	0.8795723418343958	0.8760879558866962						0.01785714285714286	0.01785714285714286	0.8994416692828364
0.015625	0.8758704616328029		0.8854249051128664			0.8883152854564808				0.8706211301320417	0.8515650679909076	0.8249910158282501	0.7988225074733663	0.7697840714479025	0.01785714285714286	0.05133928571428571	0.8989066626493409
0.01785714285714286		0.8772013562820243		0.8903009894217527	0.8871219847505533		0.8792339406471749	0.8831356998894806	0.8768836891460803					
0.02455357142857143		0.8859408348836906		0.888382197633239	0.8901045970282022		0.8846351114385926	0.8815122346962938	0.8818825904795587					
0.03125	0.8743701515934428		0.8870981770846489			0.8924544234033066				0.8765340697530382	0.8489142868903726	0.8302901475997548	0.794491628569644	0.7678871766000808
0.037946428571428575		0.885293176768428		0.8857844117639582	0.8876104052268481		0.8855408848690446	0.8799747540550564	0.8817412925653747					
0.044642857142857144		0.8847987224752798		0.8903171511767897	0.8877293347111337		0.8869294802257855	0.8793979246124711	0.8849337784696					
0.05133928571428571		0.8856809811664007		0.8901477496207741	0.8905909085036633		0.8860082120765969	0.8834493672196087	0.8811142944083195					
0.0625	0.875585504332438		0.8885399342042457			0.8856048165032101				0.8719863616804296	0.8536765630106984	0.8379152289228979	0.8130214322222504	0.7780660418938266
0.125	0.8688901570351676		0.8830679807132726			0.8816150769297855				0.8760379802397462	0.8566309415778416	0.8347155167615623	0.8123872085438502	0.7804042948991412
0.25	0.8580094755997995		0.8738830636569409			0.8775200355637177				0.8720304392841001	0.8687697357257981	0.8631422889979541	0.8620518511750079	0.8596019835766149
