P, C	0.005580357142857144	0.0078125	0.00892857142857143	0.012276785714285716	0.015625	0.018973214285714288	0.022321428571428572	0.025669642857142856	0.03125	0.0625	0.125	0.25	0.5	1.0	-c	-p	R^2
0.001953125		0.8784871903406429			0.8909766393533103				0.8836793207297465	0.8697026547364536	0.8514014149564753	0.8184608536480288	0.7939896598630515	0.7457606210163202	0.018973214285714288	0.10267857142857142	0.8983344955870595
0.00390625		0.8755293679558356			0.8897056815801029				0.8865308354418718	0.8734190175865705	0.8482678276826034	0.8182934798983084	0.7910176745090826	0.7674964361742631	0.018973214285714288	0.04910714285714286	0.8983719271982747
0.0078125		0.8761522902265954			0.8908292708063642				0.882004825975275	0.8727920210188854	0.8487071636620875	0.8277251461827082	0.7899779636544093	0.759961004864634	0.025669642857142856	0.04910714285714286	0.8979114966214224
0.015625		0.8763720613867021			0.8869441831016273				0.8845271701874062	0.8764949266281331	0.8543910872079152	0.8334076430906602	0.7910080938448557	0.7741500212075639	0.022321428571428572	0.04910714285714286	0.8980989150352167
0.022321428571428575	0.8614581809296515		0.8803706768995051	0.8840176611782011		0.8922645675205989	0.891640888628346	0.8848502627897729							0.018973214285714288	0.07589285714285715	0.8984425086563289
0.03125		0.8752405341632342			0.8893360313907755				0.8881226296364143	0.8766568419512843	0.8542243354359537	0.8377724459599228	0.7941786272239113	0.777407084302292
0.03571428571428572	0.8621917417012571		0.8798113817399779	0.887139061580508		0.8928879601074542	0.8920319379472731	0.889955384506107						
0.04910714285714286	0.8609497840701935		0.8818211985643749	0.885853070111445		0.8960698316796324	0.8952410346842354	0.8953846019135587						
0.0625		0.8722615000314998			0.8927784943105496				0.8920173240578452	0.8793192918201682	0.8612896134001343	0.8279328807525868	0.8047750035300284	0.7782895831789599
0.07589285714285715	0.8597316597264105		0.8792070636829258	0.8877592847488829		0.8933708448428638	0.8919543863484103	0.8891781822719581						
0.08928571428571429	0.860186769477326		0.8792387696383122	0.8891955760300075		0.8912106265557767	0.8899921503503999	0.8924426711720479						
0.10267857142857142	0.8606068935915295		0.8797053658567837	0.887025609599542		0.8963567927910457	0.8899647592974935	0.8880774130901695						
0.125		0.8701071384059299			0.8910851273050553				0.8907742507937763	0.8813201681857034	0.8626740600967808	0.8482528355105542	0.8284994324184621	0.790833781427166
0.25		0.8558291892735421			0.8742902575065941				0.8785671558916329	0.8684692695006341	0.862547953823391	0.8650543794213751	0.8594694140341382	0.8643480584090157
