-7.177504762952147E-5
-0.002219143945429888
-0.015145415489100356
0.017436334482159456
-0.008633754682948845
0.008676556681390155
-0.012627983552592084
0.012585181554150837
-0.00369253004628212
0.0015182134775497535
-0.014764128280589827
0.016938444849322068
-0.0015496011949199754
-0.004830648902377025
-0.008102933678542427
0.014483183775839415
-0.0043098347196383925
0.002127198823958257
-0.010904159656156074
0.013086795551836231
-0.01094550690823034
0.003157650518038296
0.006606153771629602
0.001181702618562425
-0.0023585074646281564
0.008759055324849906
-0.006111401263329973
-2.8914659689173797E-4
-0.010492846472082769
0.0030593592922049063
-0.004928879583299305
0.012362366763177248
-0.0070479854367456
0.01365748916038024
-0.0025384072122871023
-0.004071096511347641
-0.0016310740090911893
-0.004976833955269789
0.01128527906454693
-0.004677371100185792
0.007099130440119639
-0.010011964110558387
-0.009403136071539947
0.012315969741978862
0.03896416426277826
-0.0596320172824133
-0.017257461616499128
0.03792531463613423
0.0470985298794382
-0.07330008011175457
0.030629530789124865
-0.00442798055680845
-0.017826315357241166
-0.006742480125800285
-0.012420385186037
0.0369891806690785
-0.03603688059577533
0.039689753550451685
0.10499258988758987
-0.10864546284226612
-0.05570114098435669
0.07181071555753127
0.056285897597837746
-0.07239547217101223
0.017892615400802725
0.056049136799761964
-0.04584026268440631
-0.028101489516158255
-0.013610306595230711
0.018111322982357875
-0.058466619386577254
0.05396560299945016
0.016819069204591378
-0.018332756973662323
-0.03951276582001267
0.04102645358908379
0.016589703683601187
-0.0032864609525807944
-0.012817191464649545
-4.8605126637109395E-4
-0.015422505358398435
0.005809010757574818
0.016519554008113252
-0.006906059407289793
0.0042571501482233775
0.00484294608813088
-0.0024026408249336103
-0.0066974554114207765
-0.0026551380819239464
-9.248722870248798E-6
0.010544192352012134
-0.007879805547218094
0.004832362495053051
0.0037236747897140482
0.002027263442566858
-0.010583300727334021
-1.4297572048176024E-4
-0.001400671135389452
0.008361848235283315
-0.006818201379412105
0.011937219178999536
-0.008244832212077948
0.0069695105423237
-0.010661897509245153
-0.005825932255515258
0.004371368215954019
-0.003050814350979248
0.004505378390540381
0.02145597324767458
-0.02160642431815096
0.00703122311339264
-0.0068807720429161865
0.01482313573591055
-0.006743247962786791
-0.005899037317706654
-0.0021808504554171526
0.016348830971644343
-0.01084034398830785
-0.005114388092745825
-3.940988905905673E-4
0.0050885610531629915
-0.015681347284229104
-0.012860572651695618
0.0024443572593082904
-0.0023778275337648595
0.02037107146817805
0.014211280986378748
0.003235872213811438
0.016230781687829907
-0.008411633659742063
0.003291370208747914
-0.005031396952505774
-0.006138392857142858
3.2765649756448696E-4
-0.010185748225237563
-0.004585807258293526
-0.018117012163397766
0.015635481094982553
0.011502566677241968
0.006163128687649601
-0.0055073024568354535
-0.013342314492840523
-0.010788192785368784
-0.0016842247857288871
0.0029381970327591236
0.0030372824781371086
-0.005801705045232749
0.01941271705943158
-0.01420694674428391
0.0012110987453683286
9.821362448120484E-4
0.006345946507875905
0.006674696708097942
-0.006433143313880878
-0.003810844620433502
0.0015025777428888647
0.008939949333105695
-0.017336865652653
-9.466941891307064E-4
0.006991220994091142
0.0027503347238175624
-0.0041561379515523125
-0.03147029879501625
-0.015279848364242838
0.018132799068687734
-0.0015978319164830944
0.025387555368504476
-0.0044928846249008315
0.015856858430050635
-0.00807263404837973
0.014187318773724747
-0.022713747028039848
-0.005958776795909539
0.024871378401318228
-0.008467893462149942
-0.003534124561111393
-0.017437010925179686
0.0014392501399032795
0.008066145060013992
0.01779396975023903
-0.01056143860727962
0.009656902971858386
-0.008060551825748613
0.010370688208849472
0.014911280491519891
0.00665675373006507
-0.00943691156218422
-0.0026280186314869337
-0.01647900528161416
-0.0024124596829364874
0.006330102416324316
-0.001990281003280822
5.26685981213108E-4
0.007223129360002373
-0.004808917904366158
0.006077570741988279
0.001839824400531584
-0.009413267636189026
0.0016006609160819727
-0.006630901018617599
-0.002072692089617076
0.0036084980187428874
-0.01775150772854224
0.011311744346012263
0.016079829733092084
-0.019495691796202936
0.017305025353397934
6.7410643371567E-4
0.005700925677549163
-0.004224087166778726
-0.0017073729310799896
-0.005760965029961129
2.2670734678569178E-4
-0.01694655413241727
-4.0512086521989413E-4
0.022133711511913776
0.0049532195138241916
-0.004429061475882836
0.005404633238472209
-0.001446488757186646
-0.004039313306242232
-0.0019254268210934337
-0.00611864347427867
0.003992144608360336
-0.009472321053529041
0.0023962187793805084
0.0026343535663498102
-0.021472739863688375
-0.0060480483585869105
0.004799410387740597
0.0030730921510113297
0.015070987312756993
-0.00967763166928606
-0.002169172398650141
0.0034958706780543053
-0.004423045750136761
0.0025004218459582263
0.015826606178791502
-0.0012205502340359303
-0.007508651492405677
-6.093689444977447E-4
-6.749110027825483E-4
-0.018051709602919512
0.027459381112530136
1.0988451797928813E-4
0.01634936675583344
0.011554062304392411
-0.020375370744674125
-0.006272428073153194
-2.103089482144438E-4
0.0066380811404655625
0.00795883212734302
-0.015234510408333072
0.01455577880221342
0.0056213261740533805
-0.0012755766936587472
-0.03424063728425184
0.0032350773166995818
-0.003131120427379789
0.0158487650207321
0.012276785714285716
-0.020793158179462715
0.001411187677914389
0.00991937599446453
0.004053274427165202
-0.010887637269641615
-0.0048060968516674685
0.009702392685337789
-0.010047064863721446
-0.016612277208858765
0.007305091978940546
0.011347277972198295
0.005426187826945156
0.012416599185192454
-0.006465250295924826
0.004918397345194874
-0.015411907431735795
-0.015326114561349231
0.0104711765851802
0.01543416395429433
-0.013499123993232052
0.01580288159395734
-0.017006574151099595
0.010848738211109803
0.011275934260077489
-0.01679505001033829
0.015079201860826705
-0.004839736140744305
0.00621310466675599
-0.005642871822192486
-0.012541122274592954
-0.00996275744198639
0.01124289154070506
0.011528115241350868
0.0035047078420140047
-0.019972467663201002
0.016773195119882765
-0.004045181351544677
-0.002317108424500206
-0.01428253743712823
-0.00117519834725139
0.0012618753371609727
-0.007255958717062104
0.00195823710212026
0.0161990704240767
0.020740008156177984
-0.00925897988124623
-0.011857404192742674
0.008110591702146317
0.012899462542807875
0.0018472781079222483
-0.0126589052914974
0.015932027216227697
0.004338507421637994
5.459717037507262E-4
-0.0197615888609537
-0.011453456281930315
0.008316509386072932
0.0074138122128030726
-0.00361711129238908
-0.04299138146549584
0.010460802278968818
0.0036665336075332993
0.011372347292192024
0.002465671422539246
0.009479976383987367
-0.0037640614509276814
0.006045839231063451
0.009182883603074517
0.004529781991632416
-0.0127254584547854
-0.016168046499149956
-8.751924731100705E-4
-0.008733570059488386
0.01330061745040344
-0.02128152799762762
0.013348711358453107
0.01716727626758724
-0.006700829298436612
-0.003065497030845193
0.011347210557702651
-0.009564578866068972
0.005360342853723953
4.7227694557876E-5
-0.02201440731926073
0.023698914986795022
-0.008212222292833457
1.254402588251758E-4
0.003440793116211166
-0.013433543972643548
0.009258211968173523
0.0314833517241364
-0.009785312341734671
-0.01027702845003691
-0.017382246919808525
0.00604811483243628
-0.007308821937929647
-0.014568076297399172
0.006769695917502123
0.014054203049024617
5.957434313298877E-4
-0.0037242029430675544
0.013382559841438038
0.005964261195700925
-2.4456960983715737E-4
-0.0068215835005673055
-0.003659959803334254
-9.65582042914497E-4
0.026760907053528994
0.010821205764184305
-0.026086454148387603
0.005738691543705123
6.536867620008408E-4
-0.018532739873555894
0.025439640584814925
-0.014838420479199399
0.0018878278322937356
-0.0019270709036628897
0.007488937404495119
-0.003753447401754602
-0.0020594487014673505
-0.019911558104494586
0.031620141831626467
0.019193866431333403
0.003600203039546921
0.00422090486664267
-0.01411576493387702
-7.144921747426532E-4
-0.01129617353649976
0.006900871544416367
0.003903093647312403
-0.02934772556080656
7.382584200437033E-4
-0.011693514069728019
-0.01237302655179057
0.014195856952808497
-0.006797986530371482
8.30566276703565E-4
-0.004362344253047237
-0.010342423639911159
0.002025478438572167
0.0189097870605906
2.2385320280871035E-5
0.0053550310086021465
-0.0022565217597008075
0.006872029428798351
-0.01884618006172426
0.01984980278383193
-0.013591214299699624
0.012225457356493023
-9.99349631274047E-4
-0.01030196882076776
-0.00166125549025712
-0.0023279967492889323
0.018419980732860643
0.013741527367388843
-7.554900302936826E-4
-0.013658351347400776
-0.013020013187952073
-0.01906914219345289
0.007795668899393273
0.019045609294611687
-0.008433503493503126
0.0016858819369863984
0.010417361211162659
-0.004813753747163944
1.1423863314463927E-4
0.0014399007071697308
0.0019170445699317066
-0.01589768023225487
-0.0067730281624539205
-0.012431754828259589
0.004680338596299585
0.009880700489982241
0.0028570487179292673
0.01638753010090223
0.0029974018764178907
1.0305416060541611E-4
0.008385982724642894
-0.006177589266219672
0.02708628743672014
-0.010806500824834829
-0.015244498032324898
-0.0015830554157599424
0.018866514050459224
-0.02875641655242188
-0.007690940994345379
0.011371962132246222
-0.011243472552703087
0.014980494411580796
-0.0044936144309225485
-0.005012607573380021
0.0
0.007677292776453118
0.00834575877365772
-0.014442710112654968
0.0038641106964042472
-0.0043642245387584405
-0.01116248973694788
0.0030609574271378316
-0.015569426917234544
-0.02198361399677429
0.018372015333750977
-0.018125643229076956
-0.0017237172537338322
0.040525890910394234
-0.017445966098352216
0.01754854259067777
-0.012950992626661878
0.011609781033411764
-0.006604190323107094
0.01810661724690871
-0.01590892271633186
0.010992668632051832
0.011097403597479828
0.0033693805309251788
0.017509803928454075
-0.02395635026903025
0.021979413040658816
0.0038201743697320843
0.011065226966258465
-0.012237130011304283
0.004457235291457943
-0.02754167633003108
0.0034448061782448515
0.001355518274067294
-0.0071109679566910495
0.004269570245687724
0.008097433282234823
0.022811865929313183
-0.018405773987564353
-0.015263149744373056
0.005581692092352448
0.012575313072190985
0.019204242567620114
-0.004439683303731719
-0.019386429496483993
-0.009344976971481291
0.0011121524563428718
0.012628646828350331
-0.029225759540061846
-0.00802025258265309
-0.0013386590840121582
0.024595041100519188
0.023627532168117797
-0.010665319762777624
0.006867205012371307
0.003309491281315864
0.0027523645854733497
-0.011150693469437865
0.01604645156194371
0.010985686519792568
-0.011402534480600711
-0.009141731137338713
-0.007020997149374188
-0.0061500953920436835
-0.010750151898923452
0.013644906672990276
-0.010622362588990247
-0.0026882593871465684
0.00391201583709546
0.009521843596313289
0.00694494010505005
0.006009783615572419
-0.030045812207673123
-0.019659775106593565
1.6641409986623001E-4
-0.012581894531634965
0.01805750821569673
0.018314094901028134
0.004876162417953116
0.010616964413006547
-0.0055731891833057535
-0.0067149023807471595
0.01239229314303712
-0.0074773916098145946
0.002293288359252509
0.0182486577381867
-0.04015839732073306
-0.0016719411133685937
0.005733360697297454
1.1762602713591332E-4
0.015095463889786548
0.01297782772496954
-0.013096165464847936
-0.006017013314793944
0.012216040082188602
-0.009473054084020691
0.00244580985946642
-0.004280780858700676
5.026001263075302E-4
-0.0010447236114563547
0.0037363868389160048
-0.010940582851644658
-0.0192369920071336
-0.012290757968616626
-7.738763014503817E-4
0.025383632248043242
-0.010191218286714805
-0.0017961981585989818
-0.0088376374535768
0.015257076707752153
0.0034098702688915433
-0.0165373681132195
0.01087311499231691
-0.008259549849035258
0.006174119433263042
0.02374083390391597
0.011421025568003618
0.010365353323586454
-6.823295763778974E-4
0.012465173888169602
0.010505808540484494
-0.00634255243146899
3.4188394210810796E-6
0.0019979237716411143
-0.006725723475774787
-0.019653043265687044
-0.013263985365292141
-0.00594049210369133
-0.009231701981529571
0.00917422588476719
0.0015664170231392154
-0.006152365111473768
0.002400544677481236
-0.0045733010582648176
-0.010301081872012332
-0.009860124973556783
-0.0024733067851358693
-0.012438221740044794
0.012922802688798153
-0.0033204844644697667
-0.013551345400681432
0.022058402047186332
-0.0031948395286523212
0.015804894147029104
0.019251879839150818
-0.016537911193071964
-0.01094840777221767
0.017819860680666974
-0.0016078925997639916
0.010216674082156122
-0.010328133472278312
-0.013559477193442523
-0.007450371376695012
-0.007922925205085172
0.03573291455350142
-0.001947190815073616
0.017380545226274823
-0.005842026535826266
0.006284476683948715
-0.004341919754738195
-0.022403104203390208
0.012548408636151623
-0.005683061070726674
-0.006005796538312083
-0.012762397625320134
0.00461229788945979
-0.005257024885943869
0.010402708391358331
0.01374416319830835
-0.005475512738967715
0.003923952320060155
-0.017802929194893603
-0.002979487990760237
0.006713596062817056
-5.408585283325374E-4
0.005253400569893173
0.002850290380256722
-0.001880297712977624
0.011051019027511762
5.094476007075866E-4
0.006141209015106529
0.01456475439442765
-0.014975076162099142
-0.006279607227034326
0.008351801321149929
0.012605815302913671
-0.002096699675624079
0.0017601072884980279
0.026385813068095648
-0.025169993658407892
0.00370640737621546
-0.03149079659251558
-0.0033708755577548464
-0.00818899503280901
0.017616955301628434
-0.006608804598535953
0.014739681034550542
-0.006652663103188102
-0.007853534573262513
0.014092810218862052
-0.02014262476255225
5.286005255742982E-4
-0.011098135695012881
-0.0014670521835758368
0.013389018832925021
0.018037192200932264
1.0864190053779324E-5
0.021146013177869773
-0.004395256301138869
-0.0033353131221752295
-0.018222658762332512
0.00488054748285074
0.002690272129159812
0.010202485442912133
-0.01663829363763067
-0.002130475575382906
-0.028672711114954758
-0.014841787751753368
0.03871665870710449
0.008074768468093723
-0.008567869795848436
-0.021973024927355193
0.014448189417741194
0.005377498567134152
0.019673580355726437
-0.013755949297612561
-0.014974657915613995
0.019832909715992872
0.010588043921857158
-0.014673317237706675
0.010421900308148163
-0.01586926295781088
0.0017001775300100512
0.016405185237764873
-0.001695025962532527
-0.013105911190373153
-0.014644294080364549
0.020520372430458157
-0.021913693659882175
0.012023582517495215
-0.01676683515584777
0.005714674485466559
0.015143664671559044
0.002079642630410881
0.03509840776263542
-0.020400329646587383
0.007767989377745821
0.011693138606880185
0.025232837838976035
-0.023043063595403042
0.0034495880090119942
-0.0021981027561399843
-0.005073456509424708
-0.024671140040115114
0.01246720585490109
-0.011767613370205451
-0.007004253589847454
-0.003363122753717436
-0.03301875504282182
0.033199595845020635
7.345802495673567E-4
0.011122890674672285
-0.02557908736606144
-0.025041740584525234
0.0017112858901974105
0.011149833667709714
0.00828568837193791
-0.0064489946153455935
-0.009060715226091382
0.03175987428753932
0.016288449537743936
-0.015160811225256879
2.5070331431132666E-4
-0.036506541460563396
-0.015122063227155294
0.04663981375605012
0.03575279709346043
4.920053209133812E-4
-0.02063043143141855
9.482970418524181E-4
-0.008351057913111215
-5.149829463558259E-4
0.021664812405964184
-0.021384225500869825
-9.862456000513022E-4
-0.007007728173377647
0.01153854683676219
-0.00729280573920503
-0.025675581027496258
0.006745200676980239
5.795335460943209E-4
0.025407144474405237
-0.005050440986142215
-0.01731658191365913
0.014566279314358636
0.002941356926427656
-0.014190956343364538
0.01010080579871679
-8.115330400296911E-4
-0.014663899382452807
-6.298980672847301E-4
0.012172547738104023
-0.017077626766647515
0.005098280391069177
0.016206157376444
-0.010351684917270091
-0.0016260579968850088
0.01595588076842963
0.06704638584991333
0.005983215312153279
0.0019337466710213974
-0.008428003713567004
-0.013895282529156918
-0.00570289784637725
0.0028466905840836866
-0.00935052577321038
0.023870895427340673
-0.011355842846594055
-0.017755973261698036
-0.01863432942442409
-0.01448353464853758
-0.004558495883678419
-0.02331045733536944
0.03289353985822047
0.027853003062290542
-0.019138397440194615
4.958090496480598E-4
-0.004808305199046279
0.008975421540979352
-0.03778202583766943
0.051186084024788886
-0.02468688680343121
0.005878313654915096
0.026010712866692286
0.014456167202727509
-0.013756637977450466
-0.030762204305280635
5.402927833941858E-4
-0.012742845958704459
-0.001730464774217292
0.011248936546169895
-0.006056480016846345
-0.003756839000966165
-0.01718593293120948
-0.009685066162962124
-0.010863825942171555
0.04169134194363548
-0.00888889602635123
0.026861842589230956
0.002918288470360482
-0.008795239038927101
0.002231683442095388
0.0011852761157067678
-0.025874914949721113
0.006069232792022002
-0.010502543901605833
0.0017370535006856792
0.0081031688264969
-0.013790932985885837
-0.012272263267885112
-0.021314426119911183
-0.013553243234697946
-0.005685844511322537
-0.0029226345886390146
-0.01971579929538637
-0.011572404845265661
-0.007313372127341466
-0.010585766452774292
-0.017702285346559314
0.029602770472364724
0.005101962741412863
0.10419998697668736
0.022296333822330004
0.03794462428123753
0.05461459699222634
-0.006970176136734445
-0.008906077699401644
0.009936375667314519
-0.021795720825033456
0.009656929538729797
0.008236270038590867
-0.041718398288994034
0.004578512836261707
0.013785399147958911
-0.005254244524176787
-0.018689530934784232
-0.015899249979598577
-0.0028514796731482737
-0.016461719497483915
-0.023176873149027166
-0.002656545244140938
0.006375784619601149
-0.010618655843372597
0.021254074947581084
-0.03708887738183273
-0.04144853458329193
0.0232358403969085
0.06371168995305361
-0.0018079208784100992
0.004898662569633509
-0.022341300695574613
-0.03064716602348941
0.01492838571714315
-0.007788862189710952
0.010590113392489322
0.01132252762272486
0.014656826809962931
3.257845509232254E-4
-0.008568013138850047
0.02218476444703455
0.04006467025005671
-0.04768066791304815
0.013955649322885936
-0.02399122198179935
0.0035820774159525687
-0.012954921982278282
-0.013843349398597623
-0.03894993123244799
-5.015998825447926E-4
0.012549830101036946
-0.014261868882520573
-0.018667533747187368
-0.021360376564316386
-0.0074729689906464425
-0.006626933468521886
0.009688230045714357
-0.012153284568927442
0.008801640414094345
-0.010850652973182945
-0.002500805125927575
-0.04762289222491634
0.036092242563387826
0.02159229379123682
0.015556693393196368
0.016041012342080267
0.07167051863257125
-0.005789963711654643
0.011540237975769523
0.03938133457069996
-0.04296875
-0.025255255752164557
0.024650267919246613
0.017345258787660255
-0.009317525946994459
0.024936632836506246
0.0
0.0648603507931215
-0.044542481635895796
-0.02001602813964505
-0.04715844926743115
0.10115256430957247
-0.041719662859352726
0.013442318597555212
-0.0046763979686442955
-0.08069918282612565
0.03721358204706852
-0.020165834880802938
0.12818366608904888
-0.05864904756787755
0.013694661467276204
-0.007606622253721124
0.0
-0.06016596681206183
0.03679937654004606
0.012276785714285718
-0.012974217659682022
-0.0903920558457199
0.02041885524760024
-0.004338588124915192
0.05341637448472344
9.328459447312904E-4
-0.015433525519337186
-0.011008294241567441
-0.014826030476093459
0.04639088966017789
-0.02505530038618431
7.035688608564919E-4
0.0
-0.01691080426294713
-0.02506298744902153
0.0048384581447924145
-0.038829299890403506
0.09722438431369927
-0.021412160269386186
-0.0046563314161344755
0.0050410925181367215
-0.01750270399394934
-0.0027286579351651005
0.010292268047070471
-0.0673493645709407
-0.032163302893026456
0.01649046461937144
0.017814423739038406
0.0
-0.015790063782953362
0.012544188240994998
-0.021504418015274848
0.0026718743967216376
0.1099780894925884
-0.01756553900328623
0.0
0.0
-0.001342564655149094
0.0
0.0
0.0
0.0653213070099854
0.0
0.0
0.0
-0.05788770630464374
0.0
0.0
0.0
-0.02391735140743377
0.0
0.0
0.0
-0.04613711682746445
0.0
0.0
0.0
0.07065853896126122
0.0
0.0
0.0
-0.027076202013065945
0.0
0.0
0.0
-0.004187700246531129
0.0
0.0
0.0
0.03584800318268001
0.0
0.0
0.0
0.0
0.0
0.0
0.0
-0.02800648406484081
0.0
0.0
0.0
-0.02026190430387628
0.0
0.0
0.0
-0.02440520229584176
0.0
0.0
0.0
-0.09629009242079506
0.0
0.0
0.0
0.21796298227014022
0.0
0.0
0.0
-0.06027850688442488
0.0
0.0
0.0
0.0
0.0
0.0
0.0
0.0
0.0
0.0
-0.03603688059577533
0.0
0.0
0.0
0.0
0.0
0.0
0.0
0.0
0.0
0.0
0.0
0.0
0.0
0.0
0.0
0.039689753550451685
0.0
0.0
0.0
0.0
0.0
0.0
0.0
0.0
0.0
0.0
0.0
0.0
0.0
0.0
0.0
0.10499258988758987
0.0
0.0
0.0
0.0
0.0
0.0
0.0
0.0
0.0
0.0
0.0
0.0
0.0
0.0
0.0
-0.10864546284226612
0.0
0.0
0.0
0.0
0.0
0.0
0.0
0.0
0.0
0.0
0.0
0.0
0.0
0.0
0.0
0.0
0.0
0.0
0.0
0.0
0.0
0.0
0.0
0.0
0.0
0.0
0.0
0.0
0.0
0.0
0.0
0.0
0.0
0.0
0.0
0.0
0.0
0.0
0.0
0.0
0.0
0.0
-0.05570114098435669
0.07181071555753127
0.056285897597837746
-0.07239547217101223
0.0
0.0
0.0
0.0
0.0
0.0
0.0
0.0
0.0
0.0
0.0
0.0
0.0
0.0
0.0
0.0
0.0
0.0
0.0
0.0
0.0
0.0
0.0
0.0
0.0
0.0
0.0
0.0
0.0
0.0
0.0
0.0
0.0
0.0
0.0
0.0
0.0
0.0
0.0
0.0
-0.023271862465063374
-0.004909385347522065
-0.04761706698391909
0.02009717381214783
0.220655583911377
-0.08556031297817965
2.572346066207643E-4
-0.06354178998228693
-0.13602886819585464
0.14952016391361414
0.01857016759753819
0.024224434282539915
-0.043462237849656395
-0.0030013287881505805
-0.01705059790464626
-0.008881307628559102
0.0
0.0
0.0
0.0
0.0
0.0
0.0
0.0
0.0
0.0
0.0
0.0
0.0
0.0
0.0
0.0
0.0
0.0
0.0
0.0
0.0
0.0
0.0
0.0
0.0
0.0
0.0
0.0
0.0
0.0
0.0
0.0
8.496395681423519E-4
-0.002996981697957611
0.008318356809818898
-0.029442877145067013
0.01920898225823541
-0.031201380306164386
0.04458980812516982
-0.037506795424762915
0.016618052964739012
-0.050590515398382226
-0.012276785714285714
-0.0013678188359901424
0.02182491349340633
-0.0031567398050514686
0.019844178695221544
-0.018415178571428575
0.08731454247751361
0.11058964618554397
-0.08363443788648331
0.10638583313480283
-0.009429854110358887
-0.02031813402079005
-0.07759710504822528
0.02178478020119451
-0.024351690690839832
0.05614650753191313
-0.04537445495627013
0.013836872721817646
-0.027176581120120176
-0.007276795280781228
-0.07891685833278411
0.049828444751398596
-0.0077102865721204485
-0.04785826879420192
-0.020865791341912205
-0.05959452148762
-0.001043590901915241
0.031670694650079705
0.020947807304669178
0.0979452528607806
-0.05703438707280664
-0.009211649811941657
0.07627322816542018
0.0085429763168663
-0.002861334735718017
0.028771503142971326
-0.015475101958437985
0.013789367833724604
-0.0069421598450729125
-0.006233394611164542
0.009343633257318497
-0.03963031665073743
0.00919100769798559
-0.03236631727592485
0.024926594660092824
-0.004752613870304076
-0.005817023757873966
-0.018865189140787178
0.049709680971948965
-0.04207806597793407
-0.02625053624842691
0.02100833761499686
0.021720627862161515
-0.025359736857290573
0.058823479918230906
0.0015980056166662792
0.008970277639654004
0.004119972453911358
0.009279804016328105
-0.027864532433658933
0.035528398769137104
0.03655733073041359
0.002162890795063221
-0.04002672773330757
-0.04806347248881827
-9.109297341954427E-4
-0.00192482976838128
-0.021643488650480894
-0.009840553690258236
0.011126989960498776
0.03245456056941562
0.0026778818318650343
-0.02858585561224504
0.011379958154911286
-0.018856358012019098
0.0020664257180056274
-0.006245022537189287
-0.029180182121596822
-0.0053436075146922855
0.030163004243600466
0.008825332076415513
-0.02077762376361714
0.003147882934465303
0.03983083673319574
-0.006559766338224039
0.04105167043747107
0.0021637559388970337
-0.0195893758551536
-0.03370241781610927
-0.01945701082441559
-0.017036912993899332
-0.01162490192670691
0.043212958911975415
-0.037071990810567126
0.008616018044949946
0.030984354023619827
0.009910207672927059
0.018821088725316466
4.831246394426357E-4
2.9827013804614375E-4
-0.01369875852453113
-0.008148672028197922
-0.005857331930946143
-0.016284211751168308
0.007009118365986571
-0.01933111329473093
-0.00447910385212053
0.029715197513682602
0.006157718778062923
0.007952493232510498
-0.026301953727598644
-0.019680052811264424
-0.005489302560870319
-0.0013558446341056882
-0.020512349852544347
0.0010465583693966144
-0.006941628465925624
0.0462503171054774
0.06441247273529346
0.002825049835714446
0.0047074645670635434
0.015639477357525976
0.0013818998449982006
-0.03518230862567174
-0.0021180523135393235
0.004320760936422288
-0.008352672118144593
-0.02483606338555247
-0.012350248907061134
-7.698930119555501E-4
4.522446400604749E-6
-0.009000123784433772
-0.013613929738432328
-6.786624338583885E-4
-0.012495046181120002
-0.00873606568902098
0.008004491398063992
-0.017865950369633857
-0.01471318275525822
-0.007591895682586414
0.021101067158854125
-0.0065037998496870805
-0.005459146232584989
0.05849651209777195
0.04335361819369818
-0.017736930136899025
-0.02795399487548508
-0.011796092756149788
0.01883680641785752
-8.290677554625052E-4
0.01202403270979976
-0.005580787057833594
-0.019833434922816293
-0.007476463131427625
-0.009062133218145215
0.004073921862330621
0.012280248602699021
-0.005851459524236123
0.002979784874191229
-0.02728796936929005
-0.01022307649557591
-2.859743096712986E-4
0.0025265387816592964
-0.0011640873579656479
0.0020511004949727712
-0.0076368613252682255
-0.0029018637308107715
-0.0029133809972100716
-0.015585246750652782
0.002594319431655938
0.010893044443790955
0.03431554664595887
-0.018710624255283935
-0.006965790244308309
-0.018742171099746997
0.008790609166511386
-0.009133628391585484
-0.017955516694117955
0.022047618058763513
0.02230067414484649
-0.021583746522911406
0.06751575979455073
0.03385511511833436
0.012325217242867599
0.025401775392688695
-0.010542512220728181
0.001753065173225054
-0.018283788963716747
0.0023108333139447443
-1.8529343180324898E-4
0.014565765266401725
0.004850615884339243
-0.0226322342105527
-0.019490872648529816
0.004301424414267489
0.02559815537328728
0.0024581758215042986
-0.03946637232093863
-0.001871359983493008
-0.002795753127275201
-0.022702110910203126
0.01586885233635703
-0.020420317640096032
-0.006580138183820763
0.018799415040721724
0.0038163049832264165
-0.0179435379060851
0.02153338797738537
0.01114102964982011
-0.0021782405283904786
-0.012729654371329953
-0.01498784374580103
-3.367823125712457E-4
0.01305399174789301
0.014067773025880135
-0.026892259859391303
-0.03402671515839752
0.017276997415623333
0.0025739549683175735
0.007058266736122123
0.008563381755640474
-0.003032514950639286
-0.009243886612842867
0.00127748103419696
1.9346213158703135E-4
0.019419607846534535
-0.0063121808856280315
-0.02775115705278872
-0.02726286393261964
0.02457788771839257
-0.004075321460189897
-0.006138392857142858
0.020636742267121186
-0.0137983435384501
-0.011001047424501791
0.014590704704028805
0.014463218149131691
-0.017712505182361428
-0.0031115190348026843
4.1221308756791573E-4
0.013318431233626311
-0.02492889463490499
1.6922199414456246E-4
0.021592302507716345
0.0061937957766712015
0.03041584800142952
0.017316245503833518
0.015159824881733397
0.016527245635800776
-0.007027109320836084
-0.01814203806870965
-0.0011503748672123792
0.0067762650893422715
-0.010985040754362007
-0.003112397905996536
0.0017387700472284119
-0.02697191105653752
0.017655230506514893
-0.0046780875667953355
1.4204127027521267E-4
-0.00814013261258678
0.021481172901909054
-1.3654633418444702E-4
-0.007400531666862831
-0.012700690275004171
-0.006856576647003755
-0.005430816988891373
-0.004432442244899155
8.245423004259508E-4
0.005823761225977972
-0.004127527525319042
0.02622397715078527
0.019379217734378666
0.002661180899593772
-0.005582901505451165
-0.025798379391986172
0.010669776185224489
0.003597496130635279
0.009581122162404197
-0.016501934492904376
0.007356819868644021
-0.016169185825472762
0.0067005543742185755
-0.007093538639363345
0.03178005631968905
-0.0033133740710547897
0.02586867341633036
-0.020306435059634448
0.011646661069904024
-0.015188210622119204
-0.017048179044586678
0.0021739029577126263
-0.021957764622671176
0.009653640744254439
-0.0025861219381030903
0.013070108421596364
-0.016043833163591828
-0.009011342168447383
5.714273070374963E-4
0.0034947221581943166
-2.8807880730735225E-4
6.733864244894215E-4
-0.010197032061777479
0.008603889627102658
-0.008903527486887162
-0.00845100472545341
0.015260776324214024
0.01691934593636557
-0.012357287003756908
0.008758519889953756
-0.007727489503620271
0.0029101514640082135
0.0264115222092908
0.002580515224271435
0.009040891786617985
-0.01670703492741902
0.025758452992473695
-0.013764842708110122
0.013722273023580148
0.003916170701427891
-0.011008298226190585
-0.011490603432968647
0.004588363604584487
-0.0039781078267565745
-0.018589146067194792
-0.02108532367239311
-0.012303157468411508
0.005517795370892217
-0.020166504172409214
0.010650992893583578
-0.017095967402337008
-0.008812453413397286
0.02210636607301822
-0.005379578850564526
0.02048104864114248
0.012187023466949087
0.005708656472354403
7.16056321703939E-4
-0.004469244110526727
-0.010595333601828932
0.0016369310005826653
0.005626379536823581
0.017296969120993273
0.012680509631314148
-0.012644079827226587
-0.008901683001843519
-0.0194283062049982
-5.231569653966518E-4
0.016483508806747087
0.019728156129129627
0.0034840363270554923
-0.02346318118087395
0.002781417672373965
0.012348167442302504
0.0053194787710914935
-2.7275485888749763E-4
0.008402084885190541
-0.016771612738858483
0.01364378524112761
-0.008549573305058388
-0.007675717900875144
-0.009466885827813236
2.7264851832537623E-4
-0.0059026689297927044
-0.0043038802471226725
0.003370811430957244
-0.02108956934959129
0.016039841885451562
-0.02108945794691671
-0.005646222642733937
-0.008390899076957175
0.025543523766497635
-0.003267663372083579
0.02960586834929571
0.00585492720613098
-0.0021729352887407526
-0.00871411885737923
0.015942234330078103
0.013748597330495473
-0.03375560436518561
0.017572677357484336
0.014993212838362004
0.008790579024458048
-0.0016211213285072835
-0.02591623975236828
0.004672002365197372
0.0045994278595724815
-0.013948570783326104
0.006969032788238967
-0.002756950576287084
0.0054106041976707195
0.008356218190174004
-0.009627819165254532
-0.03134973652498204
-0.013748962550420084
0.0035930889075294174
0.012444525600121041
-0.034233966193236015
-0.02486358385406555
0.043220884698922886
0.013414291926641784
0.028272854853617205
-0.005999108036355057
0.0022149866810441095
-0.005835973630029972
0.013574640986753143
0.00992513328523086
7.774811895044174E-4
0.016173121813487817
-0.01027794764603628
0.010187858573989017
-0.007755369119441881
0.0022391157649563056
0.004008249653451153
-0.012866635867131352
-0.006791716292323714
-0.004395938264574168
4.4660839565030964E-4
-0.007435214155373019
0.003143179467629851
0.013382397175650198
-0.013162964799603183
0.006560921465316599
0.005812830079813792
-0.021243067933030556
0.005917015576092243
-0.0069714647012578575
0.00846802233751924
0.005077606433662498
0.0041231634091007325
0.01697207025298952
0.0057659452492250535
-0.009530757533485411
-0.025025051522234325
-0.005332787536197677
-0.01158364483412344
1.8409718446131193E-5
0.014273334126742655
-0.0042445711805864485
-0.009706260639436862
0.021821900189647477
0.01988051778472499
0.0047499919158979775
-0.020304440443035237
0.004118709818341218
0.02420933287954751
0.010041326834667833
4.1702479430815636E-4
-0.017399573668409548
-0.01647066210274295
-0.0011099834008555208
-8.269284201193831E-4
-0.006273641448170254
-0.01155788099570282
0.010050700539672996
0.0038992503410103605
-0.003606354394298729
-0.007127567833578086
0.008882352890771909
-0.025767199299575723
-0.005017641904880078
-0.007547373925894945
2.10942331907529E-4
0.015310314367133787
0.023148667438035314
-0.0013359989808524536
-0.01793747787233544
0.018174445399853238
-0.010976872774640293
-3.6943504519964436E-4
0.0011697323739819296
0.016235132720178614
-0.005176849671551925
-0.024195585866357942
3.472804174317369E-4
0.016598049136817006
0.028142498642254155
-0.004513835869185977
-0.008599096700950418
-0.012343811826576304
-0.006314356109619345
8.28621013359997E-4
0.001048690166546842
3.0564669228410994E-4
0.013675459869828877
-0.006663382636429268
-0.004265663391732042
-9.64268232092968E-4
-0.017338786961109326
0.008401036716581064
-0.013562741738914695
0.018527013484268343
-0.008049442781546873
-0.01708887843258239
-4.7211138551899075E-4
-0.011565014041534328
-0.004154856573140674
0.03072584805249929
0.013547652479532967
-0.009389625168872293
0.0017629885645433167
0.006007043862401544
0.0029616985692679934
-0.00813393456437081
-0.008541742722963671
0.01642417705940293
0.005244530123366293
0.013391274653146148
0.004914969503604857
-0.01408692009045816
-0.012075486329333732
-0.00758172233839603
-0.015789696470149918
0.031146814300567163
-0.011979680045631177
0.009237093382246552
0.006194532846422554
-0.0064935453816679
-0.004557315920790983
0.0037298642526386932
-0.004154598475456339
0.005398933628795559
-0.001404691899259472
0.010990171206013031
0.005752066090785595
-0.026284122519064753
-0.0017318035456543087
0.013545364606183547
0.0020362514755476813
0.0053443112380915075
0.004004506861554553
0.005004119417382696
0.00491722520142804
-0.018866606828481083
0.00850397302576888
-0.001848167290937239
0.005285197465912531
-0.010759942120638135
-0.01264655280196918
-0.01818421027000204
0.01743737486218285
0.005211901503119686
-0.018057041964515
0.009346995117019322
0.003780968217517169
2.0895971684426525E-4
0.005290085787573496
-0.005073969376643023
-0.009833686025595176
0.02336537759692859
0.016856838395841074
-0.004718246410699732
-0.0076225218827397166
-0.008967188729512774
0.008790384349748733
0.0018777355056706895
0.003616189776612558
-0.0060207711288863125
0.022096164901106226
-0.020531081896963857
-0.001236322634586973
-0.0021408261579937606
6.416096719261341E-4
-0.009296118204365895
2.1330331380164805E-4
-0.00414244959629207
0.002635971440824182
0.022042137075196096
0.004217045176123466
-0.005129959622056785
-0.02542590881493806
0.025744426942732886
-0.003969010869398482
-0.0073199912717654275
0.003374225676678083
-0.007634138046538191
-8.175871354082929E-4
-0.009956166109978803
0.0035161595996306156
-0.0073729452802374276
-0.012655227238697745
0.018607992757352133
-0.013649046115271497
-0.006215842506434694
0.011401906495710223
0.008446651897882344
0.02847489835302648
-0.0105553596029952
-0.018453573544358566
0.008609005889155119
0.013858897076094901
0.010965095307287157
0.00640410808955667
4.924997602471504E-4
-0.0021547940873472326
-0.002897783062538885
-0.0195437853121902
-0.01658354977321321
0.005086114340048433
-0.0017080678024452896
-8.325708251721037E-4
-0.012313642650827863
0.007968007863271395
-0.030244628830718545
0.027114719349280995
-0.010058542893990876
-0.0018000163403395783
0.008144954683272858
-0.02257878357833231
0.005025045823726998
0.010630244466632636
0.0058704529505546
0.02011271167829102
-0.0020541499979690753
-0.01147370008354104
-0.015273038607459344
-0.0048029828341769835
0.029506243800600376
-0.014027516027417948
0.0034592780412349166
0.01698977680682825
-0.006550413602024904
-8.13768315073576E-4
0.003402002987508859
-0.012392177278953972
0.011295317942575746
-0.01202570128779299
0.006644823967534246
0.006754616669918842
-0.007510963559172553
0.006430121934961877
-0.005895516788180407
-0.00364887417503599
-0.014286391389685396
0.016187045303217018
-0.014174165642782954
-0.0075650886657454355
0.004397397164168135
0.014912427710247938
0.011796716375480791
-0.009449730998070213
-0.007276015075173919
0.013970200415512085
0.003754985464414943
0.002669964554623073
1.1414299104797309E-4
0.0019158674787188247
0.0016158364936951289
-0.0016200447705371993
-0.004922177827934884
0.012606796649810941
-0.0051621600188276155
-0.01792833870340848
-0.001112581377320768
-0.0017160360496549926
0.015599712999997305
0.012172833696558505
-0.004374598904548615
0.0015014319617809879
-0.011145910035398204
0.006580511855440677
-0.01225597566044955
0.021790547277290066
-0.010476445604605082
0.009626441162376069
-0.006321204737701294
-0.005135516107692592
-0.008499573015133016
0.020595665564744285
0.007917338489612003
-0.004831445588393573
0.0017652716764650581
-0.02304334368671132
-0.003274922304498081
0.006049438330604564
0.007856548225344335
-0.0244311969483732
0.017381907808995394
-0.017304880268567555
-6.058035335293433E-4
-0.004054745677839262
0.02193133817105919
-0.006687972994262806
-0.0063841172167175865
0.021745737286150955
-0.006429098499858037
-0.011714717849818692
-0.009194022077367962
0.007744618148605893
0.00783243757590267
-0.02651733495607953
0.007542218378993604
0.017636814470614215
-0.006202368466530999
0.02006104592724605
-0.008128048404790245
0.004443441884307875
-0.003544782984360453
-0.012726193534404434
-0.0016739237683001508
0.01666343736167182
-0.017625249491586926
0.01902800855106271
0.011580967187541818
-0.011216087975449601
-0.01909011122419131
-0.007301562598640895
-0.0020250139681741615
-0.005844546341714049
0.011572687124266724
0.010519567311915376
0.024190214191145254
-0.010866033079729264
-0.0068733955722588115
0.010163860803939424
-0.007787153988829557
-0.010321741771916332
-0.0262749809366547
-0.016758548834139214
0.013009933159008958
0.013687079005867702
0.006909512151003877
0.0014074518736844506
0.006712074476512245
-0.001728057613192913
-0.0016184129604024612
-0.012370847086932276
-0.006754412266283226
-0.0026396909958324036
0.018415178571428575
0.004635341518059265
-0.009088082607697646
0.024562729065586077
-1.423090013725056E-4
-0.0024216730395852266
0.0027441629544105416
-0.02528041448958501
0.012382301735142558
-8.108369937441023E-4
-0.0037391761246729728
5.5585810507232866E-5
-0.0025986714004080976
-0.00433618168772196
0.012624308592634224
-0.0076437827691489615
-0.005640608383945197
-0.009167458460272246
-0.0027716427159743
0.008747263036481556
0.011199680173119666
0.004781210848590414
-0.029026601962285757
0.002914291048295654
0.023787193997704466
0.01011995113685332
-0.006610852717031877
-0.0014325094938560665
-0.0030388822529025545
-4.896807053932856E-4
0.0032623319325574647
-0.008353085220547136
0.019454018457890163
-0.004047486956103907
0.019198074948773347
0.012945805778776872
-0.006164331658740305
-0.012961303730914768
0.0038145711211331366
-0.011573300665231162
0.004013968314610048
-0.00330227271312597
-0.002088343867277442
0.008060066530430735
-3.1305831916321556E-4
0.008797980530764042
0.012108321560979782
-0.008774815109717867
-0.019225936654703936
0.006834736528145328
-0.031226163396255432
0.005376968081879976
-0.0023063442945714923
0.014382743731222647
0.019646303466691564
-0.0059294688399649555
0.011552109333873873
-0.012706195912376492
-0.02309646424263615
0.011955337941731243
-0.00899553704321306
-0.005877670660644657
0.017892047349833264
-0.004746907811088412
-0.0026384713521715192
0.008569381709124023
-0.0018473001736308507
0.010519121705395004
-0.01893274190221261
-0.006937966028891098
-0.01711676893326053
0.005524046989143622
-0.0013644444378632546
0.0292776317139738
0.016340458894221893
-0.02351003818422097
0.0018808442356848688
0.01677563700028884
0.006260658074347144
-0.0028022782503829215
-0.016819013406100293
0.00676775864009856
-0.01616327277606474
-0.01122336105107836
0.014955906853677776
-0.027184900903516388
0.004519274899714902
-0.0032059165873482686
0.016922014952893985
-0.0015495612710063108
-0.02234407284743515
0.02062343659947666
0.007586918029518404
