-3.4977261144211025E-4
0.0027512910388460352
-0.013436649216398745
0.011035130788994908
-0.005141475240659033
0.016465105580775297
-0.015350846750635066
0.004027216410518888
-0.004717141832685357
0.00206261360474616
-0.012444835673464341
0.015099363901403502
-0.011811959208063216
0.0031227237151673724
-0.008794551796704058
0.01748378728959994
-0.004317729430296887
-8.723515590071437E-4
-0.009049459708645563
0.014239540697949459
-0.00411096626582042
0.002030932675940654
0.001099604863401553
9.804287264782651E-4
1.1306489030844281E-4
4.71177594557645E-5
-0.0025410731671507607
0.002380890517386434
-0.0029021177340649044
-0.002656764555931215
-0.0064115535451630574
0.011970435835159231
-0.001271794308170096
0.012289460962000863
-0.004774105113967728
-0.006243561539862945
-0.0071900273447627885
0.005351282072960302
0.004095241847423337
-0.0022564965756208376
0.009991817716270817
-0.013586306417287343
-0.005856687312329916
0.009451176013346413
0.042823600915858684
-0.058392945126456076
-0.020895931338299978
0.03646527554889738
0.050513930823903465
-0.0740580411197408
0.026999867446773244
-0.00345575715093586
-0.016161889394563422
-0.0033234373856361518
-0.01802547848406971
0.037510805264269274
-0.03904236741463756
0.03419701593870305
0.10231768842469328
-0.09747233694875873
-0.07142080837306151
0.07641564091734483
0.06339182412828842
-0.06838665667257166
0.013118478486475547
0.05887574974652621
-0.04191119755362324
-0.030083030679378432
-0.01060232927437252
0.02249742463314092
-0.06532379127889903
0.05342869592013072
0.021983476572565927
-0.021298127731778978
-0.03943162555992079
0.038746276719133936
0.02059626203213338
-8.773350995536482E-5
-0.01890358798990114
-0.0016049405322767808
-0.015831918797165796
0.0035219747116614197
0.010684772727373603
0.0016251713581309267
0.008098085872536145
-0.006760559772573115
0.003060887654783402
-0.004398413754746379
-0.00564680533812801
-0.0039754783772182264
0.010250232779588326
-6.279490642420145E-4
0.003531806227395507
0.007955608701305884
0.0031898068517585048
-0.014677221780459819
-0.004236176563687219
-0.0036433075281316904
0.005827811353704083
0.0020516727381148644
0.01442585337170389
-0.010556004536796745
-0.0019228054507113611
-0.0019470433841958044
-0.0019056567641029644
0.004016845552981205
-0.005331830775252948
0.0032206419863747577
0.014865498279189166
-0.01767368423110407
0.007339402626448373
-0.004531216674533459
0.017568032183269678
-0.007815739390619272
-0.005678227802863855
-0.004074064989786605
0.01885801250718164
-0.011568287006197093
-0.0039683488205883065
-0.003321376680396348
0.004160722761631682
-0.011280954507587359
-3.2358183271841926E-4
0.009416806940100922
7.146677671275167E-4
0.021913772879126797
0.015799332465870508
-0.004323242567667987
0.0022926809857590665
0.00591386748232129
-0.015633753511499607
-0.0047116149188386365
-0.006138392857142858
-0.006093445723391199
-0.0043570146327380046
-0.007699623341795827
-0.03279143580578641
7.035048203623551E-4
0.010889468892457484
-6.159767687751042E-4
-0.003768030708887978
-0.0013651099032040565
0.0010625095480886835
-0.003245299290657681
0.003260569040847601
-8.774654907180313E-4
1.5753862008387014E-4
0.010098464835542597
0.006989922592964647
-0.010923565531048084
0.01136174230747107
0.011814453880105056
0.0017237214828835536
0.0030133102553143824
-0.011137778505962414
0.008945098786814307
0.010863659747824711
-0.013290970650003352
-0.015191180525569553
0.007470959967656187
-0.004332933934011741
-0.012857957648256483
-0.0251617505964324
-0.001291071922216224
0.015774859743453946
0.0026805642392691295
0.02171813629837991
-0.0023633159555427104
0.01902361078502722
-0.003254138913031848
0.017267658762297133
-0.0208815123936865
-0.004275113230509438
0.012449010603300618
-8.784421059361575E-4
-0.007471418415783547
-0.007198659553925398
0.016159947249366247
-0.004274802493165801
0.023106095104508548
-0.011016990649941473
-8.277555570742577E-4
-0.013742918364090645
-0.0031494400383598247
0.003811465977880988
0.004839748344763639
-0.018927501446103702
0.0023929063472151162
8.692494054786523E-4
-0.002757350109780599
-0.008269476723392564
-6.607009172479566E-4
0.00906601415270229
-0.0017876020800653234
0.0024026357894617774
0.007014719453975041
0.0016938158669538178
0.001393348997036384
0.00258119139074942
-0.008803939690285981
0.01118970336722084
-0.011773192366163547
-0.009838064317082775
0.013956736891580302
-0.002534399888534325
-0.008884567113798541
0.0316985702557901
-5.72900324237199E-4
-0.00305870917656652
0.004735851607679217
-0.005183055184734367
0.004298132136075151
-0.005460304161284594
0.0017424944899899729
-9.99372919772962E-4
-0.0028518177153854384
-0.008420674775294316
0.007275334162273576
0.0019515960003580433
-0.006784598848667773
0.012219134584234525
-0.007278488987272857
-0.01664809856257417
0.020045844558325532
-0.018456956862467563
0.003975184367189084
-0.0056632078794347975
-0.024767787606300672
-0.0036797148999952443
3.1631171990916494E-4
0.013192518693272079
0.017372757585810278
-0.009505369988712216
0.007777926485311237
0.007336842332735242
0.0
-0.009586572850047397
0.003260212329756397
-0.0023777128646659523
-0.0064601291872874575
2.583735000218669E-4
-3.030686495781531E-4
-0.0019358247878322916
0.016960465546410907
0.009782986540345994
5.905805179176986E-4
0.0018844084265228858
-0.013655900940379884
0.017601445440502246
-0.0026747043414573476
-0.0076825280841607965
-0.010169088433788808
-0.010565062695035701
0.010699989987693979
0.0010817184059138084
0.006903170927612817
-0.02716855490919691
0.007169720684812602
-0.014828793600298974
0.015350500394590088
0.008458771970802659
-0.01237817773587044
-0.002450119094490496
0.015934569249685924
0.009465167125877732
-4.2222587569817633E-4
-0.012013452353456133
0.003937922354408029
-0.0027661451288405296
-0.01002832777192587
0.008566830919183276
-0.01143255189951247
-0.020073818120392866
0.01758999435124568
0.0015479464669949606
0.005339159407309635
-0.00467126099537098
-0.011019983717876498
0.009246663811416072
0.018796695031384307
-0.010154181441246315
-0.0010244836444454558
-0.00867197179408992
0.007659358493471765
0.0075217460409033095
-0.005790769532981759
0.006466564537679239
-0.0015771758003759713
0.0145733635244736
0.0016038034441465433
-0.010888678964308713
-0.015667940066851092
0.0054586495265572035
0.010393409675250743
-0.005730485120758116
-0.006616044550889406
0.0026405770754692735
-0.008656205831916654
0.00917757191813779
-8.251598156704394E-4
-0.011233798321492973
-0.004771244730427735
0.01124876299235782
0.008799015784416128
0.01284448619167972
0.015050698299652424
-0.004057798480585253
-0.007178640419975546
0.0037508852850137724
-0.006613844819209151
0.009938308731819851
-0.015014249957865489
0.001862687080283791
0.010962316806834089
0.011493517180723917
-0.004765512867238857
-0.007944227415824382
0.007982014399694612
-0.008230969666238312
-0.004584437011149556
-0.019911960970632782
0.007620539741539566
-0.014598761099077722
0.007699802014601878
7.269909673213721E-4
0.0013612355999658224
0.00754656592284609
-0.009031759891712737
0.014924794285073584
-0.008532571073070951
-0.024187372436992524
7.518891205239818E-4
0.007792499457929642
-0.0021239500886673056
-0.0017758321435918708
-0.01378306927331185
-0.0017594837896988931
0.022024558323696493
0.0016397244374172807
0.005459077883719262
0.005217523337014727
-0.012878996635507477
0.008307929093825904
0.0020460032168073527
-0.01670092412490783
0.011064626069338165
-0.0012498442297281765
-0.012938381028138624
0.006968424150696963
-0.011994435205026509
0.01579049481513948
0.030649733019047318
-0.01118014663236355
-0.006945868855948969
-0.01336565941933868
0.0032643503294532347
-0.006389846908328544
-0.005211087266329611
-0.0040267927442931735
0.01347080623402441
0.005786190907075609
0.0018255799641148896
0.004495970965801492
8.893039500106632E-4
-0.010492385676531945
-0.00521915041194076
0.002829345256384061
-0.0067364057656166924
0.026452644380408827
-7.14427183568205E-4
-0.004198455130023617
-0.010535393738829689
5.362546866629546E-4
-0.007189451509183214
0.020629744060547392
-8.755774657117927E-4
0.009108410462828785
-0.010835942231428279
0.0062314407579371015
0.0013688391581875535
-0.014422053755865099
0.0017519286659679685
0.015608939021049453
0.012381137836063892
-0.012198044890225005
0.01528571436544343
-0.002385856034478229
-0.010149541960935492
-0.0025956382957816743
-0.008039954347969398
-0.00548213910507244
5.503092398067536E-5
-0.005604298924968287
-0.0033730934128604704
-8.366900030438232E-4
0.006138392857142858
2.312086490095424E-4
-1.325805246404966E-4
-1.6591182852572495E-4
-0.011288237601783295
0.003955654753366194
0.02022891400724528
-0.019370647479649575
0.0037991169807314543
1.734723475976807E-18
0.013673999221735124
-0.011651367847631709
0.0035231895948657933
-0.01423540756903712
0.0023720392000123793
-8.087642232081516E-4
0.00627318557994649
-0.013344247767582008
0.0022647165652950095
0.014196696853810352
0.01886763637419553
0.0029012837959842223
-0.022991434044116795
-0.016916460703539395
0.00648345974064924
0.01349946444870077
0.00731535459901116
-0.017424336201552905
0.002497353642785657
0.007056854396777551
-0.0034092084839608613
0.0021643676831833436
-0.005721091513329525
0.02051551807082086
-0.012693367115811168
-0.002562662421757499
-0.029177788344306677
-0.004457075733741335
0.014101098963443765
0.018103515640727826
0.004709907462495949
0.009701437250021051
-0.015471067667910877
0.01875880272460074
-0.007379700213303679
0.015714498347624332
-0.015482461723422753
-0.004341853304925935
4.353750463252839E-4
0.011408163528999697
-0.02616743058573642
-0.01249678339790106
0.012009845526400545
-0.004520160147776521
0.013143357475693783
0.002626118518835075
-0.004498961631883867
-8.846615848976975E-5
0.002277438103979656
0.007176343489309074
-0.0013059893528515835
-0.003111028659040213
0.009876400463333709
-0.019695188847758928
0.005910242239848726
-0.0057824318773510835
-0.003070626374744145
0.01977294840113722
-0.019729192558230663
0.0028818643177922296
0.018275931655921746
-0.01082877475712633
0.01674804040798897
-0.007192505584788912
-0.008040349658432831
-0.008846375578792285
0.014861979086183493
-0.010809485165947826
0.007374195712658643
0.0087173663147766
-0.015080258936103338
0.008319496951758274
-0.015104691951664428
0.020573575146357336
0.012835913145564502
-2.8002353346962775E-4
0.0031469997991657624
-0.004644975934868292
-0.018791448907767235
-0.0013971629213072982
0.013119723544501421
-1.5758785792845988E-4
-0.006722030542324505
0.010470832589106742
0.011298993945965943
-0.0011645631321325362
0.0
0.007782218935796474
0.008182928715559786
-0.009537803328747606
-0.008949012517742654
-0.012596518747560652
-0.016549639372264995
-0.0037212254932162013
0.01706834318338553
-0.013701409609410745
-0.004937534306446099
0.010157226217819266
0.00717759164636603
0.021874502809788164
-0.010624933520615016
0.00740666939339373
-0.006391421570823849
-0.005739324662433713
-0.0063725555690228395
0.006645600009825622
0.018533408620166468
-8.959035553786198E-4
-0.016197475705117165
0.006948565445833638
-0.006339425155378648
0.0
0.010526616095901551
-0.012514387020265192
-0.006746870725565689
-5.154631317068948E-4
0.02239627202884236
0.0035076392749765445
-0.003661000632908644
-0.023737532678137052
-0.0015627655040913345
-0.0035187260037663685
-0.007340796010590445
0.012277929626503006
0.01488451772461205
6.934426073182979E-4
-0.009543953137587456
-0.003158491150998074
-0.007973809489961785
0.009642701646195942
-0.002342847409244349
-0.00244167549859518
0.019059217509418004
-0.041492446607118275
0.010360066485280884
0.003187098760805668
-0.01764902249737746
0.025138697376714245
0.0073398759183738345
-0.013017905957388822
-0.012894665608736804
0.007803981723488777
0.0015397321762610867
0.01404537278477239
0.003887849080158605
-0.00234155233008748
-0.005065696483120127
-0.010810510043158476
0.0024289694871061
-0.00213851934747197
-0.011859484370472382
0.001843792768886363
0.009739591350734348
-0.005022620002632671
-0.004141486433385902
-0.0018170580649702287
0.01411733333692159
-0.0017496167742042778
-0.0022210522273394973
0.007633373683841361
-0.011475677756771363
-0.0037835345061683345
0.02163738941647177
0.012674685306155743
0.007579888629037873
-0.015536310802120987
0.0033885910032549873
0.00376818409383369
0.0073839568180373155
0.004000284424218991
0.018107100168661454
-0.009954865761404284
-0.004877307399957975
-0.01472582417594547
-0.0031586599489122464
0.001584598216004247
0.008187321565798886
-0.008663949846917077
-0.012659810023810045
-0.002881847046078377
-0.002396108962791464
-0.01162949036075642
-0.007538519441252474
0.0035466630501889123
-0.018851226830737422
0.02604616788877043
-0.02658635632797922
-0.014247221764749407
0.007725269604204693
0.01340355478537093
0.016361348755314607
0.016223755871423627
-0.006726015901077104
0.003886927106473862
0.0010063350177435763
-0.004434912056309567
0.002158524553393884
7.782027162613423E-4
-0.0019547531645803503
-0.008937414643811824
-0.0072084287166418615
0.016738404267524813
-6.828511593914427E-4
0.02001674379706771
0.013485937797072686
-0.012500962313006504
-0.00730534627869746
-0.02976493755992305
0.007510778087319117
0.0036252071253850843
0.0020642540031743425
0.006138392857142858
0.002163007962339073
0.0079039658177349
0.00231488868039885
0.012066890987798484
-0.010727568978185218
-0.0019258581781064071
-0.004448485902179847
-0.009218971806869404
-0.002081668632226346
-0.006799979325791487
0.009103847554562169
-0.0037697708852321545
0.002024922477374142
-5.050972816726357E-4
0.00973192048807225
0.0019977095213324367
0.014297239647380687
-0.011534950922609205
0.0067363208148067365
0.005360591403358593
-0.0018969913708606857
0.0158473554250877
-0.009805643275606239
0.03153039008427715
-0.013275557286861599
0.00110282092098419
-0.037841286347280956
-0.0076365376253646235
-0.005915183525596548
0.009705817435562957
5.611079321922452E-5
0.025439402686049814
-0.007090817242835229
-0.017247715595317556
0.00934345364011223
-0.015457143131785608
0.0021309827013191824
0.002783894178118187
-0.01886100145517893
-0.0011917814552976636
0.030939504465728213
-0.004533491551066347
0.01964476694304363
-0.01162231934104462
-5.538374680672323E-4
-0.012619150248258708
0.011184713836481506
0.002476842747421795
0.006113048646050281
-0.017405520197757953
-0.004588686731669501
-0.008635589761274015
-0.008016602634760242
0.025832113715259238
0.005072310049868089
-0.009464464876129699
-0.0276153706935484
0.021524748068938088
-0.005068123528632515
0.00991842672057107
-0.013019189147670081
-0.01675999136197713
0.03486194387134321
0.009958467651146032
-0.013621156173900518
0.004167724217998682
-0.016231390052971528
0.009330178472216758
0.008767554920905016
-0.012372948992262277
0.005272221828555549
-0.008810500319655686
0.009579638579477294
-0.007005135304594624
0.004579084148042246
-0.02320185505955087
0.005590430165952492
0.012657742899564858
0.0050963814792136485
0.03463471678546937
-0.01979982266683218
0.00775624767995341
0.017281280807359474
0.00795977267661832
-0.0019197263105803775
-0.0022946340253922
-0.00404709746395053
0.002275693010581202
-0.03116530066631257
-0.008187595160535514
-0.004943259681419145
-0.0015205645329431
-0.009921426137086598
-0.022758163261091223
0.029459851601398863
-0.006540123274348738
0.00390999338596297
-0.0034675717413450487
-0.003304261387753459
-0.009051507091904571
0.009384862516905096
0.004714304776980237
-0.004062716585377479
-0.001421197818193106
0.03208765103621567
0.01545362518823317
-0.014029664080052904
-0.005612985481953271
-0.0263635451286883
-0.01225893614874571
0.025913353907025753
0.03715785980447078
0.001731378932501847
-0.01998897214312096
-0.006836623160657561
9.131386985418901E-4
-0.004670430843600564
0.020708202442120894
-0.017322695232266695
0.01032382322726141
-0.005089104944424619
0.010056534916644027
-0.0042023110652195
-0.021348792645907902
0.001625557430883788
-0.0033309332599445775
0.004368609690141093
-0.01324312196718727
-0.02011907119190212
0.00613839285714286
-0.005318485003442511
0.008643224374453452
0.005157715218040577
-0.009479820256073053
-0.01821889931180234
-0.005771948000747291
0.011021427643588702
-0.007762377390938406
-0.004502683527011029
0.005425613151647531
-0.004263103401127361
0.003805764187812096
0.04623087604192532
0.07315369235119337
0.001645100736917338
7.639133660258292E-5
-0.022865853076309152
-0.02722208617126943
0.001208264398777711
0.007747335093140434
-0.016011034860918205
0.018109633349022908
-0.013677177259591083
-0.005019756620509812
-0.00897460281629175
-0.004887520365704019
0.007932659491814778
-0.021709946228151138
0.02048671835754632
0.01885770318649963
7.713545082192646E-4
-0.006303593613372837
-0.0048608354236369744
0.0031180342080001557
-0.03477331493409426
0.05728692017327648
-0.017679218866417677
-0.006296156068961539
0.01689247099444969
0.016508180189839156
-0.013456442177691435
-0.020528501281942307
-0.015087614359823693
-0.011759520274794941
0.0037242273231638864
0.02943667018883398
5.066198571646919E-5
-0.004491222969576969
-0.01958973878607126
-0.0012105164604349974
-0.023855683579624663
0.03613859742016008
-0.004217724311033243
0.01023684208454526
-3.9298609862624314E-4
-0.013858444933421601
0.013574776500905853
-0.011000767070570216
-0.010834445298226981
0.0018804229018769738
-0.0077231288867823465
0.002090025919137598
-0.0022364960946325064
-0.010379099503082521
-0.012531159830579326
-0.02018801561037222
-0.012219852864679711
-0.006398909931118671
-1.1573882984786989E-4
-0.008544657233299007
-0.006670501131069349
-0.00704775180705751
-0.01227935831054355
-0.00461045020077566
0.017189518384732396
-0.005669733787036477
0.09906335684357079
0.028442197677997612
0.0464499337597626
0.04837539286540399
2.705673425003772E-4
-0.00917053461212327
0.002241443509474813
-0.025993371905981187
0.03315308414485021
0.01325640897421384
-0.041235719104439565
-0.018116596616699517
0.0249983819974955
-0.019580939925166112
-0.019293764803492132
-0.021904513526032267
9.316311380937921E-4
-0.01796153608368589
-0.018308765961088568
-0.002350534495292972
-0.0068817474940090426
-0.014253814066292869
0.013468812389531704
-0.02321865337840265
-0.04563693192445709
0.008982971172279955
0.06507115255237166
0.016587601685532565
0.004132217345274155
-0.021092298913161212
-0.023230526206031485
0.004956493841539099
0.0013426144094365947
0.007358498914021441
0.0033238682826553685
0.006189202256055085
-0.0033659073214242757
-0.005143266987084747
0.020306769360755823
0.03732491656475501
-0.056336612433263066
0.007755051443472609
-0.027652192475966314
0.013261702549053967
-0.0027823346877100235
-0.016718981646162236
-0.029452595171679877
0.013941925742735206
0.011094024271486041
-0.00754550073717928
-0.0019098180969021618
-0.02058097419498734
-0.010990945889923415
-0.0027278998882762275
0.008436708556275213
-0.010103336275883059
0.00359464582638056
0.0021980748721191707
-0.008252710646183473
-0.046938074501303724
0.01573393288726245
0.030039680410463787
0.006713966669320278
0.010543340905438075
0.06825418565227649
-0.012337678038248086
0.013738648892440154
0.04763421495066567
-0.038741526033703864
-0.02505064432472471
0.03434822127918357
0.014645360866234457
0.005612280163733935
0.017132408363713117
0.0
0.053264939428532436
-0.03876426136106678
-0.020418109947326
-0.05736612558589538
0.09337892770491908
-0.03656272553455403
0.00910208454173393
0.0036848904945329082
-0.07338444478428333
0.029301954194239366
-0.029177868137662155
0.12561383594717782
-0.04976349384556458
-0.002218740147913456
-0.007582048277468284
0.0
-0.05083271776033965
0.036424321042296065
0.014646722288827114
-0.005515896213467549
-0.09238520174666469
0.01802856128481569
0.00631556478854058
0.04705325456124417
-0.008625159315485
-0.01255115357221419
-0.003878041397053537
-0.009341898239682877
0.03866505030674935
-0.03751458034423062
0.009439260074603379
0.0
-0.018309438620091423
-0.026335188337928674
0.004933076194685169
-0.04722913808795936
0.11339442136376199
-0.029016161928165675
-0.006754402241788724
-0.00786498307841107
-0.015196333366828607
0.002463178613002632
0.007350693866001214
-0.07596822046859061
-0.030562338772814897
0.03391694586352108
0.016559875758870926
0.0
-0.008795797200376286
-2.2683159481452775E-4
-0.01932326092734151
0.013044426438131345
0.08918969921627878
-0.0012884092557756757
0.0
0.0
-0.0036744309497622964
0.0
0.0
0.0
0.05661181086980615
0.0
0.0
0.0
-0.04957172251593123
0.0
0.0
0.0
-0.019527546798676063
0.0
0.0
0.0
-0.05075585999343916
0.0
0.0
0.0
0.07465193851808785
0.0
0.0
0.0
-0.027015421445395663
0.0
0.0
0.0
-2.0409446488906836E-4
0.0
0.0
0.0
0.03554949591971915
0.0
0.0
0.0
0.0
0.0
0.0
0.0
-0.024673014152274922
0.0
0.0
0.0
-0.02890196025151394
0.0
0.0
0.0
-0.020161572391155222
0.0
0.0
0.0
-0.09706673344919098
0.0
0.0
0.0
0.20357784653829497
0.0
0.0
0.0
-0.04883873543367969
0.0
0.0
0.0
0.0
0.0
0.0
0.0
0.0
0.0
0.0
-0.03904236741463756
0.0
0.0
0.0
0.0
0.0
0.0
0.0
0.0
0.0
0.0
0.0
0.0
0.0
0.0
0.0
0.03419701593870305
0.0
0.0
0.0
0.0
0.0
0.0
0.0
0.0
0.0
0.0
0.0
0.0
0.0
0.0
0.0
0.10231768842469328
0.0
0.0
0.0
0.0
0.0
0.0
0.0
0.0
0.0
0.0
0.0
0.0
0.0
0.0
0.0
-0.09747233694875873
0.0
0.0
0.0
0.0
0.0
0.0
0.0
0.0
0.0
0.0
0.0
0.0
0.0
0.0
0.0
0.0
0.0
0.0
0.0
0.0
0.0
0.0
0.0
0.0
0.0
0.0
0.0
0.0
0.0
0.0
0.0
0.0
0.0
0.0
0.0
0.0
0.0
0.0
0.0
0.0
0.0
0.0
-0.07142080837306151
0.07641564091734483
0.06339182412828842
-0.06838665667257166
0.0
0.0
0.0
0.0
0.0
0.0
0.0
0.0
0.0
0.0
0.0
0.0
0.0
0.0
0.0
0.0
0.0
0.0
0.0
0.0
0.0
0.0
0.0
0.0
0.0
0.0
0.0
0.0
0.0
0.0
0.0
0.0
0.0
0.0
0.0
0.0
0.0
0.0
0.0
0.0
-0.040597933829684574
-0.0021007848876452764
-0.04467511136142655
0.015953021705694875
0.21311722715348028
-0.07588924022177704
-2.7640526617008637E-4
-0.06053594074818844
-0.1175139328528904
0.1403407820976153
0.01923174418145076
0.021333230702112745
-0.04188688198442987
-0.0034750072416667287
-0.016191425107477387
-0.006833342338997676
0.0
0.0
0.0
0.0
0.0
0.0
0.0
0.0
0.0
0.0
0.0
0.0
0.0
0.0
0.0
0.0
0.0
0.0
0.0
0.0
0.0
0.0
0.0
0.0
0.0
0.0
0.0
0.0
0.0
0.0
0.0
0.0
-0.007426802112918534
-0.00915954224593176
-0.001210754480154035
-0.022800834990680245
0.013487371962517626
-0.03247358119507153
0.038656023949896264
-0.02177059960498763
0.02278543939577058
-0.036830357142857144
-0.01835340790005427
-0.012276785714285718
0.020878357184431207
-0.009414310470342666
0.030691964285714288
-0.02620298929410795
0.09516190120692687
0.1043974493299303
-0.07289950674857343
0.08645738336519664
-0.00926091901929356
-0.019242908224260433
-0.06834581191482618
0.02096039893660314
-0.030589471515426146
0.05008756590836578
-0.02949467220514628
0.009720172546036576
-0.026429118215810118
-0.016847052717309335
-0.07145817927995358
0.05419840946488458
-0.010956437634613354
-0.03283492957562769
-0.017809587576402115
-0.0559129780662472
0.0017666973172576201
0.036830357142857144
0.01564797982366943
0.08609574781383104
-0.047544541933558275
-0.01176609580168593
0.07706046102677772
0.0014819208899172522
0.0019526839465065539
0.023637235185122268
-0.005681645770665784
0.001424957341149691
-0.015451892205524577
0.0010046550550954969
-5.429248725772502E-4
-0.026896719961423544
0.004641076809907976
-0.027414896543892
0.008515675800770603
0.010783136691546695
0.008447791342133776
-0.020126026666712298
0.03584110732807939
-0.040354297110978245
-0.03206446580268019
0.022649862595460715
0.014059487254546152
-0.011478226386324368
0.06806469376299139
-0.0171093220355817
-0.001058695051584063
0.011430092578044788
0.009269109079334417
-0.00689998343607501
0.02508075426330101
0.03595775265690589
0.001276404139505841
-0.04268875971400024
-0.048961838272765776
-0.0020885798304466317
-0.016312666584160536
-0.009818984044604455
-0.01249054991896247
0.019469050894573084
0.021985171126906677
0.001684489847350542
-0.018364178389668917
0.005328744485801366
-0.025647726814465796
-0.0034033149781007507
0.004377659730169032
-0.017627646757969302
-0.006652722288330668
0.047771210186591466
-0.024820816834493352
-0.02182380340425731
0.005161144258232643
0.027407725400233684
0.010024110986536612
0.05347570319199027
0.004296650615278837
-0.00880074422999559
-0.02669030280855717
-0.01570638628780615
-0.008751185362965373
-0.02082700037635676
0.046972840812674665
-0.03602956877624214
0.014714644858253599
0.013930957026848236
0.02292207962975741
0.01348580673479731
-0.005136469454850167
-0.015790961136246146
-0.013403734743178968
-0.007097824055034851
-0.006838069296429442
0.002699898219119098
-0.003512813541351932
-0.02801155826889026
0.00499250141157549
0.020108316941941914
0.0063825591121459396
-0.011457642872732338
-0.010832262747917692
-0.020598331029416658
-0.004975319550649553
0.004017539817624975
-0.027605740130393353
0.0110366756265134
-9.133809832932958E-4
0.0354245966127752
0.05446037132456249
-0.004330241169546432
0.006258721763930894
0.03111959428980052
-0.006879563828271809
-0.02777665873285577
0.0017420575315943796
0.011388486830425535
-0.007963661871958027
-0.02539539938141481
-0.013235884423029127
-0.0030310441147601186
-0.004572060494280654
-0.007616415166142729
-0.01946776778771521
0.004697135955288336
-0.0027389106325986182
-0.00619154528232542
0.006120325176118665
-0.01732717094771588
-0.01803618381868647
9.81990172383292E-4
0.021925102879045408
-0.015892891081332843
-0.005270362029066014
0.061545851939727426
0.03899011246466481
-0.012451788457035588
-0.013418878987252447
-0.014829557168922095
0.014746801003631996
-0.015655470597495343
0.019082172069138172
-0.0024125352096811283
-0.01862783535051058
4.642624525646212E-4
-0.002715487639008002
-0.006090021178275308
0.01154737579696662
-0.004326790509660493
-0.004963494518494068
-0.03125972927631335
-0.0062696327079587045
-0.013343038525385147
0.0011844094688634858
4.579037039464818E-4
-2.402765477080935E-4
-0.007811073307383533
-0.005640301733190525
0.0019251413863295309
-0.03236144612306044
-0.007817125441249977
0.005671752467467712
0.02747450035208378
-0.004189725712511151
-0.01612207126114385
-0.011118861689977054
0.009446783137028989
-0.01487268096933563
-2.3879513661442982E-4
0.023515323944885154
0.023982198364022177
-0.01096883498402505
0.06474283931942143
0.02785895606424224
0.021522653462963046
0.019473450240641014
-0.003691728739934815
0.010807339652720542
-0.023653905101808093
0.014781275197277191
-0.01294389002341309
0.01112682941181466
0.007929986824638437
-0.020907297932752887
-0.03675975283722168
-0.005069218682309539
0.026597582903153175
0.007470385971041778
-0.022559189838486128
-4.6662190215422477E-4
-0.004265280462399511
-0.03454370260293437
0.01731612214898956
-0.023338319666993713
0.00764568012119054
0.009089909700266071
0.0011925404588731027
-0.011689907013480584
0.019814100081452207
0.009411352501294388
0.013489264925829232
-0.017810253730054692
-0.02053850469015679
0.008453844523834169
0.004941647874665668
-3.9078371773965375E-4
-0.029038370044958482
-0.012400279146733318
0.012513052799936272
-1.8041687498512003E-5
0.006540700550520317
0.005500105084657157
0.0023147424713493084
-0.008665241154480053
0.0015433633016881379
0.003935378316711292
0.007798413900421972
0.007222944050298986
-0.017344775667010773
-0.02967790992140412
0.010735075304320635
0.005562748517075116
-0.009804802590468956
0.00848559403285977
0.0024652539727496123
0.00826987508187386
-0.004474573630198614
0.009044944478190285
-0.010846116196961696
-0.008124490763261834
-0.00592509563682071
0.015931382093703074
-0.017811874009436884
-0.011107733257218401
0.026973215289877485
-0.0033636598092779183
0.033471609146449734
0.02643525379771136
0.012143627620069626
-9.011262383842485E-4
-0.005113456217973258
-0.016408156488008016
-0.010100477151795802
0.009222434832001525
-0.004299600827061614
-7.345341138297297E-4
-0.016645949447016816
-0.026906417810632348
0.025301963895311988
0.0024939605179257946
0.0014054211935010715
0.0032931002491462615
0.02141021822116754
0.02219783630999374
-0.015262785688451394
-0.004050983488209153
-0.0071632137532310226
-0.008539225587271692
-0.011121082612921857
-0.003747546681401038
0.009465756821298719
-0.010598887409379466
0.035585672622723004
0.010390758098924563
0.00303869114812261
0.004237526517259413
-0.014150781581243386
-1.8717822956742836E-4
-0.010182289996600983
-0.006540317904861481
-0.009196285388592662
0.001752999868783977
-0.0033692060947376427
0.003056275667671091
7.660185523638285E-4
0.0340476535714408
-0.014507593220517643
0.018671182543768386
-0.007298129204201325
0.014156518116161795
-0.017158756476772972
-0.012276785714285716
-0.01803906322245946
-0.008798849886296926
0.005830750802634737
-0.009215191291235481
0.005495336359118341
-0.009547093991179964
-0.01349731269598654
0.003077944530182281
0.00796811009041975
0.004302695108606717
3.3876810665436127E-4
-0.009100802327111357
0.0072171335809147075
-0.01676840058708726
0.0015347300974778103
0.0013420068240070334
0.024472674504999237
-0.0031976752775239167
0.003972136435467549
-5.544747598886252E-4
0.013437156677953997
0.010134687678678148
0.009860211314864626
0.0018473810428540878
-0.0025439849487856126
0.0029927951397171757
-0.009116298331641737
0.00729550598773741
0.0011271505069844322
-0.014621286545957854
-0.0065475737977533765
-0.00596190047265288
-0.003925805371551541
-0.008101595303115626
-0.011153887614608416
-0.01727551323569963
0.022895428649979503
-0.01491199557581053
-0.00952108171589569
-0.024021230462089236
-0.016319687797015096
0.027608423800192364
2.4506333697790414E-4
0.029679132795413246
7.8811643194035E-4
0.015771684479808395
-0.002413696876513988
0.003366986652889852
-0.017542537517565696
1.6242397245521192E-4
0.005010457772594462
0.018138088956136694
0.001392637590904345
-0.003626101980495923
-0.017667665873097288
-0.013981550896792962
-0.002362016455305165
0.015851235886890726
0.019351059017626963
-0.004974949419966876
-0.005226037985346576
-0.008262878817161624
-6.636759601581763E-4
0.0022238768721683753
0.004838105135395682
0.018844422136296952
-0.013189775479721581
0.0023356095700518553
-0.01092496213309733
0.001701282175997046
0.0026847785319549537
0.0013164048851782711
0.0014074176731863446
-0.007478297562210343
-0.0015572741013568112
-0.008989715264325038
9.344074298202991E-4
-0.018317771092343463
0.0174824757826062
0.003909542410857462
0.00804913373528381
-0.007496795613352331
0.016568934929879892
-3.721876913195905E-4
0.005187351845537886
-0.01002950131568063
0.007858047692062622
0.020267597486599963
-0.020781974925203353
0.019897207378283117
0.007417430846060779
2.184564805428578E-4
-7.313161086412983E-6
-0.015344049620374561
0.00843077859928687
0.005233344149794794
-0.006653789117775238
0.002229115192139794
-0.015452427966332751
0.0023035072564593258
0.012178041156259256
-0.01615914676628313
-0.033161397077285305
-0.007751312732833816
0.007278510604345005
0.00934846514492829
-0.028693934544358996
-0.02412112746272186
0.03284509271498373
0.006748717565361587
0.023501474446966472
-0.0056618551829728135
0.0020280864771351683
-0.0014769456686933935
0.014033264296137373
0.016020174287308876
-0.008422512070627223
0.013786070902196574
0.001626240979980523
0.010950902092558673
-0.011285587963813766
0.0016932374145717938
-0.00373491515991819
-0.008281746909379571
-0.0196413500323518
0.015212496300825482
-0.012719651334748667
4.75641007681532E-4
-3.893524218942983E-4
0.006337403292683711
0.0014338372697097186
0.012453278098775694
0.009099378364813905
-0.012678059278686272
-0.005336091721640511
-0.020855290428801434
-1.187614394205826E-4
0.0032869358624676983
0.009106011987316582
0.01067132483456742
0.007549690149301132
-0.01469785317746303
-1.1470661412131804E-4
-0.008018899058864552
-9.099014788975634E-4
-0.004964286374518483
0.011128816520425015
0.005770233708014598
-0.003285058192288177
0.0015881822142080513
0.026331414221289824
0.00422439684886001
-0.009131434937408752
0.0053557840373793094
0.017593513347153256
1.7786088469007267E-4
-0.014968756294382152
-0.005012459748669632
-0.005277281300091748
0.00289497169614802
-0.005127342369045631
5.279393658637124E-4
-0.02730876881984877
0.002107652226299351
0.011582548399332735
-0.004870317792324156
-0.0062079864157845435
0.009169982829567895
-0.018496193884979133
-0.01465630059152172
-9.253020771597628E-4
-0.00251280206783021
0.01941144779322567
0.011546407720419588
0.005780792354435855
-0.02016276146679248
0.012251765260912349
-2.777088161869043E-4
-0.007716701848832778
-0.005755094273232141
-0.0028646922758836096
-0.0041059039450649076
-0.008787402562810505
-0.004150501091290614
0.009704892233510645
0.03507088523660969
-0.019879156707983084
8.788213404558563E-4
0.00537203676597854
-0.008483923316013334
-0.005847623722071593
0.008018781207373305
-0.00925476535709839
0.011563534495660057
0.008770344751448377
-0.0027517979180072868
-0.006971514711819311
-0.004386849311677301
0.006138392857142858
-0.006705557878925451
0.016291165640626465
-0.004868468292671154
-0.010642096010461795
-0.0013404014931693064
-0.015414253647647445
0.0029101985151510582
0.015969743067277248
0.005900038884151129
0.007256848048834504
-0.016073188417458306
0.014059791604412022
0.009783747381428702
-0.018517645409011317
0.005193504469830001
0.002911387300827129
-9.609022771089109E-4
-8.072324203564612E-4
0.01008579315076504
-0.009856375233958032
-0.008439526061264127
0.0024639363616473994
-0.014602088348783385
0.008802789213541804
0.00903848747377654
0.00900078419979758
0.0037891939572396926
-0.004354047530976178
8.996866208991188E-4
0.0055403709255771785
-0.005117341512887523
0.0012156046746230687
0.001446325689996383
0.017255301745813585
-4.031209232939091E-4
-0.01993007746076684
0.005935924169944429
0.011527014038459639
0.0020848343309426143
0.001354127850449468
0.004020517353892285
-0.0036310872328155722
-0.0028919714987321737
-0.01135050007079591
0.007305976079495883
-0.011067587306569903
0.0072073452194173415
-0.006242255328196918
0.001823907123896195
-0.017536674965726102
8.08264538838593E-4
0.009304977920165946
-0.02076691794513835
0.008851035657149382
0.01048600967892911
0.0023900957799475233
-0.0019418391955653036
-0.007650250745300154
0.010307189542087807
0.009910530798327408
0.006076097888918798
-0.0017756460174656076
-0.00607554191157662
-0.0015738796389966085
0.001121700959705568
0.008772664436431436
-0.013112810930781331
0.00834495111824718
0.014586401263548874
-0.0065530938749327715
-0.004019352553253899
-0.008273378207483653
-0.015503733154722216
-0.0064278939294950075
-0.005662712659452736
0.015399005430848803
0.0074401295183314144
0.013185740099863539
0.007865991309958312
-0.004426352957410758
-0.021123563505286658
0.02866396761624044
-0.018344157918489284
-0.015016753999934154
0.00977269116906182
0.008705149888419961
-0.003009094667393075
-0.014260780125305432
8.465003246478451E-4
-0.011691206426302142
-0.01300668639788541
0.020162249507796375
0.0012130748334968858
-0.016807050084231844
0.011160214846561987
0.007864791900662213
0.023546496511456395
-0.020546598591584638
0.005883744716473179
-0.0011995838401825023
0.005232888954852395
0.0025051179762868607
-0.0038606130497903426
-0.0064992680458205235
-5.861147464481043E-4
-0.0023535790134672357
-0.00394099096398272
-0.005255838932413685
-0.004833285109022999
0.009605256174511898
-1.930601606888252E-6
-0.013454159036791164
0.015331047794683902
-0.017286592108155512
0.019815697290564538
-0.0015712607947692674
0.004036270271457962
0.010647229700776518
-0.02329646281452151
0.002562365950121468
0.0028961438801510335
0.0037637340206481355
-0.0015328378611657624
-8.53405403178264E-4
-0.013935068209740137
-0.003346366650783158
-0.01239302615162264
0.025287893489527244
-0.0172607809526222
-0.0010208727535045538
0.006848865666142829
0.0027243403321707722
-0.00664718577306309
0.0013478958024287567
0.004545327292631159
0.006295662019145764
-0.007834901726059364
-0.0013549800981658274
0.01793412852887263
8.607419227566863E-4
-0.012434834337531401
-0.010818011572360347
0.008124641208744078
0.0050130557342128335
0.007841352638534799
-0.013741644593649066
-1.398466469597374E-4
0.008677718141434435
0.0033207143732767903
0.013435345117928576
0.0031056458162723923
-0.013230455904186984
0.005063095516965887
0.01516570433795773
-5.103758383424219E-4
-0.004446250620593659
-0.0025113080993945797
0.004738162656872462
-0.003261936217209633
0.0015282815079631848
0.007587058245674098
-0.01394905386686434
-0.006876799556739875
0.003048699340925857
0.006208551301098766
0.019006614498496707
0.0076878437030795665
-0.01869885974798377
0.010223024969415184
-0.023476886401935203
0.003958741625361652
-0.005768138495556787
0.02195439775991709
0.004246922350940801
0.0032106854948805224
-0.01701734098342936
0.00680211146060866
-0.0018343434425465458
0.015695444520049465
0.002542180829800522
-0.012817035908217771
0.010868683908222059
-0.0296990252173542
0.006026533978276145
-0.0031718446906142776
0.009287525440916763
-0.029563456426430178
0.01154575547426897
-0.009901031938441565
-0.0016965088689165062
-0.004943113477245756
0.011862282016895239
-0.007536970839298229
-0.005010691953422535
0.011805422189751745
-0.010893790914318047
-3.4162463537782935E-4
-0.013471627543900092
-0.0015443294089556902
0.014811194894072352
-0.005420157537426403
-0.01042387429884451
0.030289860857546445
4.6791807368558834E-4
0.008504478432825098
7.163351153533723E-4
-0.005340718770996376
-0.006772871392632578
0.003951958387330267
0.006681290778353797
0.007756081205863916
-0.021918765805011568
0.009508811147301557
0.005540686181813122
0.0039838630360767464
-0.015903083356022203
0.0028170432391355716
-0.003673190840141531
-0.005582470531571995
0.007824896408219845
0.006873050008678309
0.016370862521208354
-0.006536141348471919
-0.002014219675895424
0.004029814451589175
-0.022610673232116588
-0.004240302275227651
-0.011714572800727413
-0.010551160294515258
0.017660050625275724
0.012081171746595351
0.001294158428745783
0.001550180281490849
0.011920583135244713
-0.0034553077400231377
-0.006640648278869645
-0.008122930129186532
-0.009793797666952984
9.175729118702175E-4
0.013369760015049238
0.0017060635375946275
-0.003590399363269726
0.011578410025574647
0.020144941780847705
-0.007456955046718531
0.0015768027348534441
-0.01869302444088302
0.004123311645790179
0.006138392857142858
-0.013512944558316064
0.004461856537954239
-0.008178891616603292
0.005306969585168583
0.0135842261414681
-0.017658938612623458
0.005461861144327165
-0.024008540696246215
-0.008430802371333895
0.022177330485305326
8.144816603695565E-4
0.005012902371419062
-0.01826180792680074
-0.0011268611081304662
0.01855053688164763
0.012307954050260307
-0.001992960665258345
-0.006000748924176281
-0.002514960029021569
-0.006021919626383006
0.0013818107190985951
0.012556954292569682
0.004644722512200213
2.3338435337469962E-4
0.0026314656442565296
0.0184965491913495
-4.8377307790387764E-4
-0.010977074670284857
-1.715318687476675E-4
-0.015104033452042056
-0.002365585829146954
0.0
0.006495345963291888
-0.0019126770167706506
0.005461861144327165
9.712380449404621E-4
0.0022202056994799473
-0.015477281609007718
-0.002034866455144826
0.009941879812831659
-0.0332289878966026
0.008698227423735425
-0.01336170352833091
-0.0010826910211037787
0.023884811926743764
-7.226937234704692E-4
0.015192092259346713
-0.0018466737765599536
-0.02457148134147455
0.01632175744027971
-0.0025775174867669406
-0.0030431986419463385
0.008460042372884707
-0.006258172239007308
-0.0026450733144442323
0.0106812652797502
0.003160641112870533
0.010912286870913526
-0.01823846164839272
0.008057619625132885
-0.006557431358217159
-0.001090596045260448
-0.004164442987996663
0.013011627754148105
0.007530715715857918
-0.012524028628922183
4.660875907754915E-5
0.012117312334471476
0.014170422895216542
-0.0019736493319980858
-0.0015005154696603475
0.014461649375051283
0.0036168932645039274
-0.02970399586572267
0.00436694029769622
-0.01735163556344985
-0.00544315640761215
-0.0048650780422519425
0.017083199355496764
-0.010294770772791405
-0.015148053447747207
0.01867808191501748
-0.0027448612107535356
