-0.003183911288228006
-0.0029085251391117103
-0.01480282250164028
0.02089525892897981
-0.007462057759039176
0.011547145008376848
-0.01214411024679347
0.008059022997455784
-0.010231758663172334
0.008045496681635147
-0.01744302435884974
0.01962928634038687
-0.008613971457627718
-0.003118565632955388
-0.007495360367295076
0.019227897457878153
-0.0017866202178943545
-0.0021989067533597813
-0.008140813263839917
0.012126340235093918
-0.004344304531819782
-3.0331257526878576E-4
0.005344600248563177
-6.969831414745855E-4
-0.004535882758360849
0.00906860050571534
-0.003917336282625739
-6.153814647286929E-4
-0.007419710492181854
0.007469487186739437
-0.0041946722996677455
0.004144895605110041
-0.006209780343597307
0.004945720427739506
-0.0016191644773155384
0.0028832243931733587
-0.006230933009750225
3.2059364114749717E-4
0.005482690876116839
4.276484924860876E-4
0.009629899653732227
-0.014348354805132394
-0.008637974192806635
0.013356429344206715
0.04040033343036759
-0.059187817173258044
-0.019200792543301128
0.03798827628619153
0.04659267384639176
-0.076099170972099
0.026572929657872398
0.002933567467834717
-0.015698807873374618
-0.0033894114901771542
-0.016991622606561077
0.03607984197011288
-0.037829102242296804
0.034845693515111235
0.1058939168968717
-0.10291050816968617
-0.06015894763654466
0.07212691617686909
0.057569128985222
-0.06953709752554639
0.01656101657407623
0.05396444801065079
-0.04183241041325579
-0.028693054171471284
-0.02036781153407506
0.022921696590364353
-0.05923892332766367
0.05668503827137452
0.01627311647958144
-0.021227954450505723
-0.036740822028398214
0.04169565999932251
0.01966908723598
9.336692061737237E-4
-0.021730412648606603
0.0011276562064527467
-0.016151379542899233
0.008492852118413868
0.009079093955617512
-0.001420566531132126
0.0038793632720003565
-0.0028528259829007103
0.0019333285787453917
-0.002959865867844908
-0.009396495025610116
-0.004425595213235467
0.012066519997690367
0.0017555702411550245
0.007930417009511883
0.0038500385852098494
0.0029450875534861327
-0.014725543148208054
3.4508118483974996E-4
-0.003098529555379721
0.005451907406993752
-0.002698459036453738
0.014243372682335371
-0.01284635012406583
0.0013951732079971867
-0.00279219576626688
1.5968108334365148E-4
0.006036734371882256
-0.0041523902157368335
-0.0020440252394890637
0.013083303471093655
-0.016315277181635127
0.01151533339157902
-0.00828335968103743
0.01423086276423235
-0.005204630584149404
-0.008302937195009543
-7.232949850734267E-4
0.013489329158291706
-0.008834235164334056
-0.0046868758235621266
3.178182960453767E-5
0.023740564818093855
-0.02194076982629512
-0.01055007854133782
-0.0017000167996636638
-0.006385481303296163
0.024504565020903986
0.019246917120820144
0.008647468597545012
0.003991530091506867
-0.003741504898791324
-0.023761043099471836
-0.016256177377266184
0.0043963937961531965
0.001102870047387964
0.0028800538114319586
-0.007359202745948894
-0.0215032631531748
0.007238401728502512
0.016248464779561322
0.0071932560908627916
-0.002227278097464146
-0.014433697221587691
-0.018163062353401017
-0.00445376839312047
-5.235394257156589E-4
0.004476791739303166
0.00649229097600068
0.034306739036010475
-0.0159521072270909
-0.014887469326667799
0.002966655148761653
0.01031306056010826
0.0019480134046006479
0.0035556342768035664
-0.024331454329885257
-0.005313774540979723
0.014406264130607546
-0.022158617901042753
0.009724389927620722
0.01651033247500764
0.0035116546611440487
-0.013618562883410037
-0.027777915829728946
-0.009473614618745728
0.0118357893818162
0.009105131454504391
0.014237606300004157
0.0030363015900433388
0.01484020306070561
0.002306803029377501
0.016827423544279393
-0.016021465300490055
-0.01663299217567456
0.023234927200522705
-0.0017127604574379927
-0.018560061561626116
-0.013400724911098316
0.020109878601583926
0.008641296904869006
0.014878790787016481
-0.012276785714285716
0.003191115640540105
-0.008411808260935917
0.0038814185416337667
0.013032591305590481
0.001959186138530252
-0.006675284313194231
0.010709024999298798
-0.012898836833467115
-0.0017699257034000044
0.006471903965436364
-6.430722201808004E-4
0.008459582009538886
-0.003115082287291465
-0.005354558663056964
-0.0017955856065728065
0.0
0.005766792298022979
-0.004962717944426143
-0.016646074903867415
0.0022777774908421065
-0.005409226942848847
-0.014177222938278916
0.0064691849444583355
-3.009593012943798E-4
-0.01934609460315466
0.01524761462141216
0.01554661638183314
-1.4489328651594129E-4
0.001753414212979261
0.002121542623976744
0.005365420687161775
0.004024347370315768
-0.018422728432122025
-0.004015053699816962
0.020557405879429287
-0.0074414015085745334
0.011743107529275055
-0.0037593064068982525
-0.006963479197965323
0.01210308542189746
-0.008688399624002585
-0.006370698537964874
0.010182615298755733
-0.008695875737048778
-0.0054734140168939205
-0.0013071028940048642
-0.020928978400383567
-0.018077152365084316
0.012436674295097587
0.004230165747022851
0.024866050149978926
-2.4717678245393757E-4
-0.0028095572422228254
-0.0028015828815876028
-0.006138392857142858
-0.0033280274979298943
0.023269402386117584
7.525304587915334E-4
-0.022182257531214576
0.0020946789473271945
0.0019020525866509635
-0.007373226862710043
0.01504900232799374
5.282893092292797E-4
0.0030852337723072747
0.02047763735800416
-0.014219582493704253
0.011926678818828248
0.002552922640611614
-0.0043616579799338
-0.0024961529741019386
-0.011730822351032223
0.01748005883333152
0.005184335591365632
-0.005450062590931289
-0.023517530419072327
0.00146653678632547
0.0018006167136580611
-0.007163019620870201
0.012276785714285716
-0.009015853788053904
4.8461387510166133E-4
3.307920873154768E-4
2.7313376350921294E-5
8.288544249714681E-4
-0.019596127780631592
0.014315221768515268
-0.00454510291813578
-0.02324300360734162
0.010362737808682777
0.01089035117235494
-0.02049055137545942
0.01039439185062682
-0.005367357192352191
0.03156486722485997
-0.013682086929813375
-0.013792007658101233
0.018503389706530864
0.011874606810577224
0.006000808106285414
0.010198235442925559
-0.01088074626839947
-0.003604805347510138
0.008304292747741237
-0.017020089175706583
0.010538543445054773
-0.006755776521644594
0.00586019963371941
0.0019777880187729514
-0.0070210502798219495
-0.012730283168465539
0.010803086075505933
0.006556563739649872
-0.005513009876062248
-0.014156780930894402
0.0038139166083735777
-0.009353507084564158
6.329474738214543E-4
-0.00861787268317014
-0.006013041078534193
-0.0046010115905088
0.009243590823273504
0.004236433779075306
0.01948837187871148
0.01541983804607915
-0.019775826854498427
5.976483904916261E-4
-3.0893810564890426E-4
0.00795137636762212
0.007624187530370979
-7.088271605076562E-4
0.0011667553288722743
0.019946991837462624
0.010612050795686336
-0.00995708105218308
-0.006335740179300213
0.015868429511391155
2.545984831889177E-4
-0.005560782391335375
-0.022799975648436166
0.0010186866009458933
-0.006420935150596716
-0.0060033603570564115
0.005911907370349909
0.018659343785210156
-0.012276785714285716
-0.012698074677541294
0.013755233169815908
0.006496961949758634
-0.013833625841770014
-0.020403242877765473
-0.0017736553537651568
-0.013764996698765625
0.0020929126468642104
-0.013938306134558914
0.0029974140475004306
0.012256613365790389
0.0032502849491865358
0.016824895305899333
0.012276785714285716
-0.0055973022932226425
0.009849433146905286
-0.013607970729113992
-0.017794820792007778
0.00998459802262352
-0.008689013445641165
-0.002160274067075341
0.0016952179445287466
-0.017451089908363922
0.01997677399936993
0.025037652666269637
-0.01589123090759268
-0.016110866444488087
-0.01813053314184962
0.019769012880915884
-0.005182979627607323
-0.010665441269893904
0.01506328054830731
0.013054353175209777
0.0030672758354561443
-0.0010982895599481223
0.001403097756907566
0.005716762721913781
-0.008469787519660751
-0.008201014543008069
0.0021393061133228373
0.006231574610462847
0.020952544945617615
0.014869825573952512
-0.01883507212174042
0.00411188283811155
0.012080751140123585
-0.02651576250471336
0.018888827224707916
-0.0071140250536274995
0.005296397531705248
-0.004242721150812453
0.005017732406453252
-0.005876965245209491
-0.008941070693672469
-0.002162157423678616
0.03041290642509465
0.016020583942153093
-0.002267362639239515
0.004318420842491129
-0.004448256814852971
-0.008110292123215934
-0.005647116182378022
-0.0010804175396740253
-0.00391906034057244
-0.016157241212485622
-0.007072556319830489
-0.009074423490883003
3.6352426043298556E-4
8.994904420831385E-4
-0.015417017017535855
0.0066513656081011036
0.00464264695444966
-0.01942566718376137
0.0029446532676512594
0.015096149444573702
-0.007426731693061012
0.013849520223581931
-5.699971906481492E-4
0.004616459814883412
-0.016640813821035362
0.024364489947638318
-0.020931469990694562
0.022176590757902778
9.040953472280976E-4
-0.016890463677347124
-0.00664958923526692
-0.012386304115468844
0.014532246567812617
0.01653790587912389
0.010362501741894844
-0.01361078681434804
-0.023128675625958266
-0.013759294766588768
0.011493385906658415
0.022074452864398887
0.006459894594183353
-0.005325302697370303
0.018315343849358755
0.0
-0.0024848675240355775
0.009255988271828709
0.00760420830636423
-0.012098815086449955
-0.010284439039445908
-0.009340116463088109
0.013108565008433042
0.0037701014355490396
0.002736681678420354
0.011909407083232368
-0.006164759101160644
-0.014979314640869809
-6.54219657739158E-4
0.0014325761146965956
0.014715147471005113
-0.0031611588557068663
-0.0022822458260362386
-0.01366402771872306
0.02356121033568966
-0.007979826434137582
-0.014173699772977263
0.007451761987632508
0.005063225420515685
0.008131755066418243
-0.007196444481120381
-0.0021980515157347938
-0.002442277687292339
0.009325363971849247
-0.00874296567299741
-0.010752070820204266
0.0014050728527354424
-0.01530802674201998
-0.012293455864253695
0.002792941113427221
-0.014157969091231529
-0.02252856848406598
0.019352216743659972
-0.0026615901858588124
0.0014276323088049554
0.02739319722263655
-0.006303210675239172
0.016785742051708647
-0.022419940024259094
0.007624085021949683
-0.005598658770169695
0.024187219946906605
-7.100311843188586E-4
0.016614520837240465
0.0022669620085663494
0.005976905717251693
0.005787026987047876
-0.028738213656952963
0.031881549411602865
6.435221665680559E-4
-0.011010647363382794
-0.005156255141534618
0.001439511708314552
-0.017539591658849055
7.381591703552277E-4
0.0011824566823684622
-7.401281481194885E-6
0.0019761258457671174
0.009971743750758462
0.018682509764121016
-0.017923901896663735
-0.011618838185744143
0.005598166406819113
0.004343275392847876
0.008436918983760356
-0.007747180284688886
-0.013856412589501738
-0.005001279384744729
0.0016250538513579004
0.0024784388977249373
-0.011089817255927082
0.0020456519264706076
0.005325099234008982
0.008033588247926483
0.02454765382895785
-0.0028158720767654296
0.00690538421189491
-0.003255233073907177
0.003487370784751127
-0.008705490520144493
0.0040288034025758755
0.01801716133645211
-0.010196795813210638
-0.007108883578000167
-0.005621854969720062
-0.007305107217456454
-0.012088935781063905
0.0026330627633715034
-0.012569812211762314
0.005512666155666425
-0.01159613405287585
0.0033165905039408677
0.014771938602319052
0.014296039584941045
-0.02833031314855084
-0.011581023768739125
0.006988494673494322
-0.021980490938512988
0.021446120684245562
0.021406723007779994
-6.600291338383722E-4
0.003304170807858739
-0.007366489204679529
-0.0021317844110415297
0.003751173234476926
0.003433614064896985
-0.007204112639301697
0.01932263298641264
-0.03167923663314709
0.0011845140624722507
0.005375546615914869
-0.0056972241805066225
0.014035091479676519
0.011654003847690678
0.00346734550655527
-0.01242278619277445
0.002398701349107941
-0.0038783502595758517
0.01580026286676903
-0.00646231467251328
0.002420660420332005
-0.012232070839738011
-1.2963131375898392E-4
-0.016151915853357256
-0.013627499469565268
-0.005304829160441783
0.002429634526081103
0.02826869080033722
-0.008572592528848334
-0.0019481751949319975
-0.011355536216211997
0.007999644120407717
0.010354986187202703
-0.01602302058203774
0.005504233012781399
-0.004924328500668122
0.005456626908485581
0.017408331799797082
0.005616589758979562
0.003489027512389758
-0.001784713129428175
-0.0017031283189198262
0.01165146178914604
-0.014097075698399296
-3.612585547172458E-4
0.006478308024201305
-0.011284114205652654
-0.008022489526901998
-7.748702171881923E-4
-0.0035479393387555422
6.088646574031612E-4
0.00492799628412215
0.0027006284791684498
-0.0013169980076294212
7.847402657589105E-4
-2.9381688837141E-4
-0.00962439881241559
-0.007904285786775662
0.006598841278992313
-0.00806223770080168
0.01799631693563561
-0.014247968182879264
-0.004727991471754591
0.0073171165335203766
-0.010776518571145106
0.0246671905362777
0.008350428059231299
-0.004808378169057782
-0.0017299068079486672
0.003930355968472958
0.005134442027805906
0.013221317717417087
0.0019496076974218745
-0.01694423328126668
-0.01024984262035
-0.011579603951785021
0.027229331862316304
0.004474812067231803
0.011420422037773909
-0.009424308055743659
-0.004261187399191013
0.008736876849912985
-0.017159846264214143
0.0017875878476120211
-0.0042101177251368995
-0.004319931109472288
-0.00717863927145772
0.01059415414295084
-0.010320959095372109
0.008754515117686
-0.007365622437581145
-0.00421746047708493
0.004796759016818817
-0.004099040923004168
0.006351356011720742
-0.002419028928979052
5.759461984566165E-4
-0.005449624929666115
-0.004782022625551769
0.021907793000259995
-0.0059219690011579965
0.0029187398070722637
0.01405810740478161
0.006509455859560986
-0.022463570382934207
0.006253139899678278
0.011456695640591655
-1.5020961019671097E-5
0.007646451770523672
0.007922556034290621
0.02519315378382015
-0.012703193737427078
0.001743903744687662
-0.03401432713087482
-0.002841294040949894
-0.0014188765904789066
0.001462127204445223
-0.01499908884229259
0.0039865196217794465
-0.004117317237435145
-0.012804404811284328
0.013570040437147244
-0.018292657765222646
-0.01135646049791128
0.00487367438674112
-0.013180933951678117
-0.005349098775891467
0.028506099552716914
-0.006335450378927628
0.03283959886215567
-0.0038277469934011724
-0.003617816376644317
-0.009649157399014632
0.009700831754609809
0.009600980695231671
0.008845316550705383
0.0037655444390124054
-0.020452169312862062
-0.007033142158356579
-0.010485926816969462
0.014416416157730682
-0.009446057160508971
-0.01646529893027357
-0.010667805281623475
0.010397555872841828
0.001498918349987539
0.012370197667469942
-0.0104061401695002
-0.00561446955246771
0.028056915172266994
0.009375682283681382
-0.018328615525507765
0.005728871262755394
-0.00975851419406046
0.00782099925021746
0.011010033528858086
-0.005441745001480524
0.010425711185341349
-0.010338310451477574
0.009733983553367886
-0.008536011041785918
-2.10271151794973E-5
-0.020084887578268193
0.004163929344175662
0.012172289536350295
0.004960835356185752
0.03201948391705054
-0.01701629726346443
0.017456048755597323
0.004562054596290667
0.008777001481504012
-0.015353385711884498
-0.00104079639044145
5.260202681453951E-4
-0.010603952612543373
-0.028359139413403102
0.0038379597705100865
0.009351572762985663
0.003827405410596631
-0.012917965342493933
-0.017088467113367027
0.01579152387516733
0.00929807392005896
0.00984487080948651
-0.021173406451385924
-0.0040176433109296444
0.005787171575545091
0.0036945579591239792
-0.013260914232015092
-0.007068190049696288
-0.011114116142193112
0.02702502198642471
0.02572205922005049
-0.020138167750767117
0.001430451092590301
-0.02478950076329673
-0.005445708372045969
0.024526034150197294
0.024841808094853902
-0.009927273302845867
-0.01520568867199832
-0.0066684004938321675
-0.0073477336313556366
0.008507760136101217
0.029090261306904903
-0.015381203724616278
0.00929979852126718
-9.772876150208197E-4
-0.010917844188000382
-1.3466852143003034E-4
-0.02437763616955458
0.0032258636414736245
-0.004846511546821806
0.02630144704099168
-0.005109557251714164
-0.01456640822301039
0.004921616364740084
3.7061816483515385E-4
0.0021546685502142927
0.008277121314171507
-0.005046583028424581
-0.016664110628408974
-0.0034749378086620006
0.008248207916385064
-0.0011018565581618306
-0.0053006237602480685
0.004992404482709567
-0.004103963301004859
-0.005100961408441668
0.03193201366750693
0.07292314024236136
-0.010461513099265057
0.010393987921753965
-0.01180580638460103
-0.01060120829637235
1.314918762673825E-4
9.439447021739114E-4
-0.02213933626190313
0.01688321059711566
-0.003117361624942673
-0.014963410239503441
-0.012803868735716402
-0.008272622417543316
-0.00482626033912722
-0.029378924928038133
0.03672443664107268
0.02954736918927395
-0.008820808986149868
-0.002692645813097333
-0.00866280641411897
0.006900003644241285
-0.033247785761761565
0.05934501739813388
-0.027871181583101423
6.936235356553755E-4
0.0155234532018146
0.008246422049111057
-0.01472153113055725
-0.02645914462347687
-8.007550801117091E-4
-0.0025163136745640488
-0.008811270756423503
0.011804073632321572
-0.00889247176328832
-0.006459089544458792
-0.012345720366705762
-0.010171045423190927
-0.016645491385805525
0.03877018272440883
-0.00601684304102656
0.02335744167182536
-0.002261865973572097
-0.009387425515156231
0.005832168061301341
-0.008430041103285612
-0.01128207475742892
0.0022800250667990712
0.0012102035244559268
-0.0033519324817490297
0.015146256450203198
-0.012949512829202632
-0.012972186322909625
-0.02921843755072278
-0.012267430951792325
-0.0010302340874125855
0.0039305368246057605
-0.011816915728824219
-0.01075917405836011
7.238725800742434E-4
-0.010629431233566375
-0.007194841041237731
0.01648262128122137
-0.01475296615314937
0.10401620464702897
0.021752537826604326
0.04284950914223587
0.05275713954795226
-0.006436535934584596
-0.008062942507163643
-0.00665197166177306
-0.025384667389842994
0.027071044160279653
0.028537731232592595
-0.030767109671479158
-0.010166075119990452
6.881932938722201E-4
-0.01894267989883857
-0.013638392194731978
-0.007031642099154303
-0.006173805295610551
-0.03166666002723062
-0.01721480131458506
-7.203051268688636E-4
0.0065110788426397895
-0.016623741315947932
0.022672235391584306
-0.026302812978769102
-0.041774897319959314
0.011352939547192683
0.06627068136059085
0.011170369382731068
0.009234920446789478
-0.026560027258263535
-0.0313078851881948
0.004686652813252434
0.0010844355717805607
0.016505240190212787
0.0057648476063936974
0.015103945576152798
-0.008256673296987115
0.0030910517544181244
0.02211298540617895
0.03097419412008591
-0.05679317973574328
0.0023141607498885805
-0.02942498449120252
0.010545621981675123
0.0011846606341644325
-0.007449384864454827
-0.037861866921513554
-0.0015946286961222118
0.014583217443551908
-0.002141359657967976
-0.010339356527556855
-0.026729197350543327
-0.011146735649475365
-0.0020807728004200565
0.014394746207623902
-0.019361424431182467
0.006620982128532125
-0.013890761895607676
-0.013181605603229387
-0.04604629235176354
0.02875048016164812
0.028165861051611084
0.01293355696948164
0.02110749951582659
0.07093265651921474
-0.005771788730055334
0.013057911812614576
0.037613750286010925
-0.04045011503695163
-0.028167398906208868
0.04379489169312541
0.026154471086670364
-0.02072176496709926
0.02131064761170915
0.0
0.06690188097984105
-0.04780094594485732
-0.014285885240685485
-0.04969233409029018
0.09764102044121122
-0.05299166714864278
0.01413966231348762
0.007725272674946086
-0.08237169700040434
0.036830357142857144
-0.02223259283725284
0.12907634623730888
-0.06346003329451663
0.00914427523807475
0.0015511670405901363
0.0
-0.06413028257979671
0.022504404859497916
0.00624201349859114
-0.0029906400445645037
-0.08654260279234607
0.018415178571428575
-0.002033601131029938
0.04510914212225139
0.005073682316736737
-0.019835153673892034
-0.0019406440871185416
-0.017132171151937922
0.03816644685309645
-0.026196650019360203
0.0038169037756106486
0.0
-0.017088544069307057
-0.021224735813651398
-0.001987107881233333
-0.0495590654143378
0.11331833631377329
-0.021913908481727834
-0.005742316091532333
-0.006353572208120658
-0.018828735527435712
0.006138392857142856
0.004768589455804575
-0.08446838548609151
-0.02893262819511367
0.03875783689044195
0.007200353268813199
0.0
-0.00885893459143959
0.018826462856428895
-0.014697104301786527
0.006278297370207521
0.09123778666989144
-0.0023924754993757437
0.0
0.0
5.919563608700051E-4
0.0
0.0
0.0
0.059538754401691395
0.0
0.0
0.0
-0.058512999925092395
0.0
0.0
0.0
-0.01731651871084368
0.0
0.0
0.0
-0.04757204637477568
0.0
0.0
0.0
0.07127068129240488
0.0
0.0
0.0
-0.02807174354986354
0.0
0.0
0.0
9.836971420572362E-4
0.0
0.0
0.0
0.03387907169672311
0.0
0.0
0.0
0.0
0.0
0.0
0.0
-0.023175880260702296
0.0
0.0
0.0
-0.027694814042581922
0.0
0.0
0.0
-0.02472808392511419
0.0
0.0
0.0
-0.09596374217898505
0.0
0.0
0.0
0.21565454063252978
0.0
0.0
0.0
-0.058882872558317784
0.0
0.0
0.0
0.0
0.0
0.0
0.0
0.0
0.0
0.0
-0.037829102242296804
0.0
0.0
0.0
0.0
0.0
0.0
0.0
0.0
0.0
0.0
0.0
0.0
0.0
0.0
0.0
0.034845693515111235
0.0
0.0
0.0
0.0
0.0
0.0
0.0
0.0
0.0
0.0
0.0
0.0
0.0
0.0
0.0
0.1058939168968717
0.0
0.0
0.0
0.0
0.0
0.0
0.0
0.0
0.0
0.0
0.0
0.0
0.0
0.0
0.0
-0.10291050816968617
0.0
0.0
0.0
0.0
0.0
0.0
0.0
0.0
0.0
0.0
0.0
0.0
0.0
0.0
0.0
0.0
0.0
0.0
0.0
0.0
0.0
0.0
0.0
0.0
0.0
0.0
0.0
0.0
0.0
0.0
0.0
0.0
0.0
0.0
0.0
0.0
0.0
0.0
0.0
0.0
0.0
0.0
-0.06015894763654466
0.07212691617686909
0.057569128985222
-0.06953709752554639
0.0
0.0
0.0
0.0
0.0
0.0
0.0
0.0
0.0
0.0
0.0
0.0
0.0
0.0
0.0
0.0
0.0
0.0
0.0
0.0
0.0
0.0
0.0
0.0
0.0
0.0
0.0
0.0
0.0
0.0
0.0
0.0
0.0
0.0
0.0
0.0
0.0
0.0
0.0
0.0
-0.03260961343534412
7.28162708553054E-4
-0.0454555661907393
0.017178069280985725
0.22088308038750548
-0.07966082464951184
-0.0032206620805668718
-0.06587467748055784
-0.12731770417859634
0.13719611802080406
0.0206753227898372
0.027015392353177098
-0.044394746199488994
-0.00429900806919443
-0.013831504931786818
-0.0070118383250762605
0.0
0.0
0.0
0.0
0.0
0.0
0.0
0.0
0.0
0.0
0.0
0.0
0.0
0.0
0.0
0.0
0.0
0.0
0.0
0.0
0.0
0.0
0.0
0.0
0.0
0.0
0.0
0.0
0.0
0.0
0.0
0.0
-0.018415178571428575
1.1430884433196939E-4
0.012276785714285718
-0.026585529422533234
0.012276785714285716
-0.02455357142857143
0.0375585198514102
-0.02455357142857143
0.005989320205502653
-0.03307105628153302
-0.015409296190496687
-0.0029645339242122554
0.030691964285714288
-0.007558367959606318
0.023925445426459982
-0.029880972471582223
0.10209386308165
0.09333965232140846
-0.0832744920106841
0.10872405699513127
-0.0037145733073044307
-0.027559630436472915
-0.06946955034152198
0.021082929435787497
-0.024967179851809365
0.05457913050117377
-0.05444772213266015
0.021615109402728875
-0.029172275559996318
-0.004880397484824405
-0.08127408533107566
0.04945208089533855
-0.003402910136591208
-0.04273506385101329
-0.016987437952616383
-0.06419229223837536
-0.003110311596286294
0.030691964285714288
0.02664391153053588
0.08297055380084016
-0.050352193182567895
-0.002050719239834971
0.08069518867271652
-0.007616953460476453
-0.003408091784214853
0.023875989353605433
-0.01817736393869187
0.02472485872247835
-0.014920349004798055
0.003541129292876273
0.005100573413663961
-0.03811609990123116
0.01041416232999193
-0.028671443805464124
0.014439661151956372
-4.81387745678589E-4
-0.001833608377317433
-0.02978669254860506
0.054672099808133506
-0.03688330381399781
-0.02853723577890531
0.017646465027179675
0.024488839000921032
-0.020609906574271628
0.05876115222445126
-8.600414578216597E-4
-0.011864572118162288
0.019318886720364817
0.00986073150314495
-0.029359084161503766
0.035136204957666166
0.03862217430829605
0.005142600646971197
-0.042012602690838535
-0.04131585625935778
-0.004698712532125665
-0.01781514237520857
-0.008095163904765421
-0.001837522614614888
0.007577964327580358
0.019262876740531183
0.0018199508482473013
-0.013364595710512534
0.008147831262420966
-0.021907119869598243
0.002689532833237752
-0.008581659720128072
-0.02229343462830561
0.007802100484621767
0.042024858671901796
-0.016899522942793534
-0.023754894021349567
0.006999105073576218
0.02216900037367253
0.003123004646085354
0.04672741396904353
-0.0045326455670621334
-0.014792111080919535
-0.028699518318060994
-0.023139386240149377
-0.008949948365639728
-0.012223737515524939
0.04866140119085975
-0.037817052878494385
0.006011223443692337
0.019482870973715226
0.021769136721934174
0.018247039018351438
-0.0016400205232842482
-0.010915237835018741
-0.009205485781752372
-0.0040889376559022795
0.011681526022967466
-0.007321370785442753
-0.010053319344043332
-0.024732474730883594
0.0026995293739300024
0.0164238279831794
0.012565611963810397
-0.0026052803845654036
-0.03033560796174814
-0.013238665570397429
-0.008810261025158608
0.001347369714917669
-0.02676724437176394
0.012980018867773111
-0.007363867674169662
0.04483715375012355
0.05311465686454328
0.0071132199862110265
1.09274703876987E-4
0.024835757866256504
-0.015526053438799394
-0.017451364431443392
0.008315822052568889
0.003508023341737239
-0.012429480542666528
-0.02864551522323914
-0.025030928732092915
0.0021239190072194197
-0.005403342373176468
-0.015711409364094993
-0.020476805663601404
0.021186414412625677
-0.0010517647082506007
-0.0010502228057520041
-0.0017959265946824662
-0.014398893249477953
-0.012238515781647656
-0.010138898608283393
0.023083073166666093
-0.02317511963734662
-6.148028726023604E-4
0.05826508743670368
0.03358479552747813
-0.0034535216993711705
-0.0204462798962217
-0.014621205787207348
0.015696779514291617
-0.004722887413931926
0.013197028014505377
-0.008081231211448851
-0.014813823309237278
-0.0016816568802820921
-1.9276852959181166E-4
-0.003950168447015299
0.016343199614673794
-0.005943801253685632
-3.5199465453730674E-4
-0.02990883259787449
-0.009467124767108256
-0.005528551485855734
-3.705975210950658E-4
0.001330486537311762
0.0042747567787972075
-0.01409384361522002
1.734723475976807E-18
-0.008594156455490044
-0.018761961250300423
-0.011867184490890071
0.004803514995097515
0.022644517630724066
-0.008961562939446183
-0.0023478521847139465
-0.0032436741749950204
0.013670014089188576
-0.010348721005897938
-0.015361490332747195
0.02042316185541778
0.03606334845788359
-0.013481259744592484
0.05204834382213627
0.03829342003330926
0.013320070419006938
0.01678107731105644
-0.0031346475925745857
0.007657691179971682
-0.01756265497659234
0.0027702124145672514
-0.0034776391044264686
0.008340913891292467
0.007351610538943915
-0.030340116278526716
-0.02061484460205283
-2.9743414094847865E-4
0.03513960388009081
-0.005576476646289174
-0.03237766984724677
-0.019685375238415945
-0.0056920720115206675
-0.016235191434335453
0.01845881592933072
-0.025944188871596392
-0.007439648593057403
0.02795900906633412
-0.003471085457698312
-0.007498105229068436
0.022311181264563502
0.02283986366945503
0.0011275921895124979
-0.02098781319438118
-0.02408609712782467
0.013901546220504426
0.0032136143676924633
0.01999664785371106
-0.026605003852972146
-0.02607077542781021
0.016039179182270095
0.0014390730557595024
0.006793719478635624
0.005030292861822692
1.1766830856081018E-4
-0.01452843716586637
-0.0012173020150234234
-0.003665909070888703
0.008149669274157549
0.0047993492315226045
-0.025237483714406532
-0.014938496353423298
0.013156986325552546
0.0
0.0013891317634185307
0.006138392857142858
-0.013324582555636844
0.0042077726599909805
0.01958279246839522
0.002217027939461871
-0.018946373223955065
3.3189210610572303E-4
-0.008783554067194627
0.015484581103997721
-0.02101944825801387
-0.012276785714285716
0.019228558663951074
-0.007215944277451314
0.05468219853339596
0.019979047604198073
0.017398801920225658
0.008648439293619654
-0.007421596169439003
-0.014479341826695736
-0.015571225336273186
0.014677258553959028
-0.0022145650730574663
-0.005087026256188199
9.894741832079108E-4
-0.020054425185615163
0.004765480564649085
0.002863497694271451
0.006138392857142858
-0.007168641196739257
0.01620551560871432
0.006342037274595669
-0.005716649922106628
-0.006239012453763959
-0.007026026874599309
0.009522694388284313
-0.0050530981665589765
-0.004025881297144493
9.304934528002323E-4
-0.01059225812990156
0.025542714118740116
0.009358120552293141
0.013667965741054246
-0.012620043889130015
-0.017342717101141592
0.009343388519398076
-0.005158057006645508
0.00960558075656158
-0.012622729141738091
0.001272308033688632
-0.011608896046048733
0.002518846169275375
-0.005137423693485991
0.035187290761458406
-0.012906777515958404
0.032585340602832885
-0.01673787818843979
0.007950050422795155
-0.019479093413150933
-0.015679903410082543
-0.007018469714785841
-0.02011989231922396
0.010461234047695675
-0.01326875363536106
-0.0014052506306379928
-0.007652852554002382
-0.0064358269980913365
-0.004627798076783591
0.005221797357606965
-0.001648790094003935
0.006099372514991239
-0.011530507645191708
-7.819387141824539E-4
-0.002291567749565881
7.746430522806835E-4
0.0083479516513154
0.029243374189526293
-0.015302464708407652
0.01638626824696015
-0.011896882029846982
0.005973668025749622
0.01926378667571428
0.009317339328377338
0.013635040326407574
-0.009499957813609246
0.017273577462781825
-0.023754487749837204
0.0014983692527524364
0.0033300374798345667
0.0017222130612962062
-0.010521737474341264
-0.0012832033122961448
-0.003972148577568365
-0.014662774343079677
-0.012574219855234197
-0.013890770950514176
0.01155510012723327
-0.00793568578134253
0.0032057572587038032
-0.030886692570070838
-0.006182690680323547
0.01958148171816654
-0.0030520483064833247
0.025430282252848338
0.013930986046554602
-7.945687541959737E-4
0.005623178379062045
-0.011508991523411337
-0.0013185511255757246
-0.0091086588073346
0.013844724835097256
0.013443797084305561
0.00867135934905964
-0.0030497245993416928
-0.013689883262472105
-0.014471287259918251
-0.018128379832811195
0.017024156517937802
0.02458788197411743
-4.933986290348363E-4
-0.009148940173998608
-0.004429769442608684
0.009034286285549403
0.0012120128918845228
-0.005228924564253001
0.02404188250822481
-0.020295974891023246
0.008416005487360035
-0.01856111907892463
-0.006138392857142858
-8.049915049182527E-4
0.014615512425084262
-0.0014159092489079619
-0.007308509034802995
0.005129486089368399
-0.00797900631016946
0.012358374231885261
-0.031150311991459817
-0.006476665635228783
0.004762717839009192
0.013211500622419837
-0.002262182335122183
0.02218292477041775
0.003806214452483822
-0.005441759224491551
0.001131218196938873
-0.0034235238336266984
-0.002097050911914226
-0.021769604085235983
0.03093272450534483
5.729389149232798E-4
0.014386238047602166
-0.01002708873699283
-0.023423165622098237
0.0212039997493761
0.006041945576468932
-0.011608166469426012
0.007016926606549102
-0.0034224838939012478
0.0059132647308333276
0.015241055013172742
-0.013025976122982095
-0.02523577069952126
-0.007425079148338478
-0.003038097931018304
0.0029645931010865868
-0.02772835359738174
-0.01721625264556817
0.036341965294284725
0.004272950243600544
0.023172043771766054
0.0010991759820602777
-0.005449832014957236
-0.008038833389160751
0.015300321429223026
0.011390363953770051
0.003330886009576275
0.0030691528802850045
6.658437227651404E-4
0.013099507590284878
-0.00637822654783987
0.0030084600294019454
0.01074071651242886
-0.008077545019788515
-0.011905593352159693
0.006860557617466966
-0.021529856372487048
-0.009473216113454634
0.00930315973727329
0.009801039885617722
-0.011971921954394988
0.011118068988910934
-0.002019092730972777
-0.022054833219894782
0.006138392857142858
-0.015086153477943426
0.004604689013558105
0.0034119916207069048
0.009761349198701157
0.007566384693122357
0.017124740693339836
-0.00795788740698912
-0.01872497095678473
-0.007115449689017448
-0.004458996082900896
0.004976168627612694
0.00975573200356322
0.013327146605188798
-0.012081596620511975
0.011076734386904728
0.01990562775441659
0.007547820342967016
-0.018839079026212978
-1.2070062552297896E-4
0.02252304837605363
0.006595771920768368
-0.009654006965418472
-0.01517051891679567
-0.012651684304207229
-0.009130891293580665
-0.006596074474869735
0.011688532182714364
-0.017816624367503926
-0.0018306284026091886
0.004790428425756662
0.005606790197569125
-0.020075366168627845
0.011332307098088539
-0.016769151148187868
-0.018163035062914862
-0.0029813604375218718
-0.0023026151980869115
0.031002151522998983
0.017181148902579768
-0.005562915970951576
-0.014621239342286338
0.006718969972899865
-0.0019912518022044776
0.003240172200262516
-0.006472572599708079
0.007097492622321572
-0.004948339864752552
9.82244917506897E-4
-0.010290901480051929
0.014174753386132414
0.03763716448484051
-0.009986992492448936
-0.0023635631085930954
-0.007450453729902903
-0.010248756147808853
-1.8477218171497958E-4
-9.558753035791307E-4
0.008407463451713542
-2.2033651519087066E-4
-0.003110035441073151
-0.004865402853633665
-0.006344118104113934
-0.004376416143338131
0.006138392857142858
-0.008542361866576823
0.014634279782087435
-4.139293910424089E-4
-0.01789182335447904
0.0029036012693551064
-0.006029872368727676
-0.01483744443481389
0.03171901726480521
0.020014485397177602
-0.006159716281344581
-0.007247733843230136
0.0030546123118871237
0.0038359610753200377
-0.003139388325502929
-0.013608493487995718
0.01307046348741648
-0.007504634418889278
0.005573221439601078
0.006202880535518792
-0.010809261232778273
-0.0199936385185131
-0.007494584269488734
-0.006850180123338048
0.04169717148772306
-8.839451205554529E-4
0.004961191044241512
-0.005249304141320427
0.008122957578072867
0.01605651038391881
0.0026569323400172703
-0.009379381625490053
-0.009287197004019214
0.002053642895857301
0.008003301605132778
0.007137131844411341
-0.023993273351582432
0.01626717420750206
0.016119405321507067
-0.0038768833353263824
-0.009570196788322468
0.012710284629235352
-0.001204371170561113
-0.0035190324767105687
-0.01632400889035988
0.01055612158662059
-0.00765626229980128
0.013600478762233194
-0.011667143165608995
-0.00676342717338398
-0.024042578680749237
0.022889853074252092
0.01578397123883106
-0.02545360962655715
0.0033133592084787257
0.008465717820679178
-0.00940103799943938
0.00631530531911966
-0.003777757773428689
-0.004300372790287536
0.01508247005252799
9.703817976133462E-4
-9.842697454947086E-4
-0.0013174695389904052
-0.0033621630553967684
0.011293153474586391
0.01117007328456399
-0.007429423781543813
-0.012663160309207484
0.008005822015974039
-0.008511680062123635
0.0013299207735461656
0.0014051472946923094
-0.013221729845513218
-0.007832942040457865
-0.002700268301640574
0.00912306489118423
0.005887990846415898
0.026499696938215758
0.00844784516716853
-0.009416558108327403
-0.02766062825845991
0.025717752909415227
-0.008563870685802152
0.0013837580040651776
0.0038303630565648047
0.002540229030732732
-0.007593259858600758
-0.00948219811893988
0.007363786092631325
-0.016477524827268403
-0.016316323307802527
0.014184022304831104
-0.0018890329532557856
-0.015828404430434373
0.012891764687769177
0.003904407474091416
0.02382251498521622
-0.017966981554184705
-0.011039389268149251
0.005887873485666332
0.00858692115736152
0.004818032249117454
0.00820979130541751
0.00718569696074192
-0.004402901744179942
-2.4217505942591977E-4
-0.009702064645210243
-0.01733458220592101
-0.005549565230405644
0.00817409243551601
-0.009476409000487629
-0.01432237012621689
-9.688380886389413E-4
-0.004861429434382711
0.015978289800633455
-0.006721522079238387
0.01704661429524034
9.037620181448491E-4
-0.006870780439930633
-0.012011020737893648
0.011310552846921177
-9.832169036732299E-4
0.017412716929210117
-0.003608968877804538
-0.004561229321553251
-0.011834515279208566
-0.010624068928560033
0.03193972851160819
-0.008307215303953872
-0.005164426523917444
0.01177604802011551
-0.006158286132450366
-0.01552362138680991
-0.004984230163030721
-0.01142182562742009
0.01616069946730162
-0.008826029909750559
0.015726072966266245
0.012739145635912193
-0.0036347050610026845
-0.00866131631634413
0.0021807761697069626
0.008235671865713716
-0.00786696837787533
0.017298266541787136
-0.012533439424772547
9.652781033823031E-4
0.0012807644436919332
0.0037726725965352356
0.005805995016593719
-0.004369852696860452
-0.003969682990378472
-0.0019092580359552185
0.014255619126882916
0.0030975559909464253
-0.003338709330718807
-0.005308468962638489
0.00810947595043757
-0.016878574316189554
9.63400662553974E-4
0.01704430983857833
-0.005911845732725462
-0.018082042845484474
0.0046744941365619835
0.0030025888757808337
-0.0010519279540758377
0.005635754257294044
5.646626877985244E-4
0.008487127553238803
-5.772622252923076E-4
-0.004015256605505843
-0.009502785444397898
0.036084310885694346
-0.010896081910155444
0.0027428288714535076
-0.013990780724635494
0.002225173062857088
-0.021762381934130527
0.02149010972359399
0.0013248922826437602
-0.0053080608560888715
9.644227294408367E-4
-0.009999645237823736
-0.003332791256062218
-7.287490151780861E-4
0.012401979331077707
-0.01568457799590974
0.005864525251220132
-0.02065058016611244
0.005302303302071963
0.001153112342745441
0.019640571806917043
-0.010773351633139519
0.0034078519493727834
0.02146284849068872
-0.016074192631023283
0.006208145211488802
-0.010784561464375956
-2.1692546084413605E-5
0.008731583411081094
-0.027699506109410257
-0.0052262001116914905
0.015783815989619043
0.006747656391585578
0.005125242195786021
-0.00317456782745037
0.015207235634787509
-0.015693964562523824
-0.0022071083012805033
0.005914707247291362
0.016905277393874638
-0.015916402827824444
0.013677175580477652
0.005402068889731146
-2.7019137557422225E-4
-0.023556014330911472
0.004124172534094254
-0.010345131658476893
-0.008525553450578543
0.013492735941921371
0.01667359655617154
0.016186344165535896
-0.004206971868876657
-0.00285857104274774
0.008178295239795328
-0.01437155714147037
-0.016232089570176026
-0.01437446367040468
-0.007648660649137622
0.018765000245066873
0.011506962348563248
0.003212891527688054
-0.002570260303138046
-0.0012397868166776843
-3.987845771291844E-4
-0.004585210071180719
-0.016149575671959016
0.005263040633111884
-0.0059916905620082984
0.02455357142857143
-0.0055712566353446746
-0.024551390573007884
0.022667946206742375
0.0023886293291929383
0.003997877632934074
-4.7228968689924503E-4
-0.022146378862969766
0.009865354693460419
0.009494853881485018
0.009421236601643516
-0.002822120027860128
-0.014100198602829484
-0.006386092317352236
0.009107151000272116
-0.025892729018725906
0.0013212847285012656
-0.018323436524048217
0.0052339552305599325
0.016893559079181768
0.017050058335283343
0.0016203291776452312
-0.018477260244717457
-0.009296910459042998
0.02533537890526512
0.010195710368103699
-0.007866150648662248
0.0042995019147826
-0.006858374766535051
-0.004207331170329665
0.009702262602069599
-0.012472367388153596
0.006240606719059928
-0.010255586439201417
0.01657574704070052
0.0167168358416558
0.004344971528314612
4.0811244514079095E-5
-0.0019004826230072285
-0.013178228064639974
-0.005846256371690235
-0.0031637513496756272
0.0056436363223346725
0.005081352517731314
-2.3891693858921984E-4
-5.93428389394305E-6
-0.005945099335715305
-0.0017622202951189086
-0.010210252306149917
-0.003472444833696185
-0.028222678254632406
0.008022433406244875
-0.004101595554543245
0.017589628990881873
0.022213816116275924
-0.005153056595042621
0.005584304597507568
2.4284152454323148E-4
-0.015124084180310512
0.014215738761024234
-0.010186674939009793
-0.0033400448370559596
0.009319084889279352
0.010542388335539296
-0.004874706645843348
0.006612912013824241
-0.0019904269868069365
0.010109023779572481
-0.00951398960340847
-0.007109025819440961
-0.006956298471112551
0.0017887802345208188
-0.00792997429299104
0.011849765941925886
0.01652635345841351
-0.025523296572109645
0.012004787967272362
0.019723230714362182
0.009661547764702403
0.0032531264372281134
-0.011393428435747772
0.020760937576383066
-0.01213623554554009
-0.02361461970615801
0.004960085153141715
-0.02295567725338999
-0.004580007274073469
-0.01264025456067727
0.03272898294735548
-0.008821002861459142
-0.021621370686911588
0.019927488044820935
-0.001536161995074086
