0.005137726859595796
3.891215100962509E-4
-0.01799700436225199
0.012470155992559982
-0.007145990101108741
0.012497511304665775
-0.01292614755069253
0.007574626347135597
-0.006630441584124069
0.002343084552324495
-0.014780357116171377
0.01906771414797097
-0.010294986540640294
-0.005226240487011016
-0.005558285414909613
0.0210795124425609
-0.0044052681059077465
-0.004317842873532925
-0.00945198200840398
0.018175092987844713
-0.008606067931958549
-6.491820681479576E-4
0.009529969903509019
-2.74719903402605E-4
-0.0019440434469271178
5.250702588579341E-4
-0.005121469432021225
0.006540442620090467
-0.009256152817026431
0.002327987650817957
-0.0030973275705451653
0.010025492736753577
-0.0027730236772708916
0.00778310640907386
0.0010318668631665853
-0.006041949594969547
-0.002886043653990691
0.001288462263041585
0.004571971255253732
-0.0029743898643046843
0.0066971467138079496
-0.015488349506241644
-0.0023222730040220983
0.011113475796455856
0.04179404234600027
-0.05814238986989652
-0.017051928600775666
0.03340027612467202
0.04686717034551101
-0.07333444162213622
0.03146994342651881
-0.005002672149893587
-0.019763712674378237
-0.004171951171287545
-0.014898836185424816
0.03883450003109062
-0.03425068658253607
0.03455645388676414
0.10369441260084568
-0.1040001799050737
-0.06181735959314919
0.07307416225362955
0.060612273223316186
-0.07186907588379654
0.019456871813249635
0.05559337225000045
-0.04543985518576517
-0.029610388877484725
-0.016326837208208753
0.022654824041990908
-0.06113371728043072
0.054805730446648715
0.016072876554170487
-0.020545710296388398
-0.0392945009529488
0.04376733469516669
0.018758372010948855
-0.0017979539547664774
-0.014410875378826
-0.0025495426773563586
-0.0082210888734653
0.00687800495878884
0.00891264461516633
-0.007569560700489863
0.003722109352908235
-0.0015114840897267005
-0.0015076569324926614
-7.029683306887914E-4
-0.00993702252762754
-0.0012605375711006468
0.010168012206830935
0.001029547891897284
0.0011848615487269811
0.01023149354927014
0.0022560600373707253
-0.01367241513536773
-0.0021740434819174743
-0.00384251356203592
0.0055415573923729665
4.749996515805953E-4
0.013741767682930884
-0.014161113901215524
-0.001060293776038038
0.0014796399943227548
-7.505385746249139E-4
0.00953845517985362
-0.005182811992101525
-0.003605104613126976
0.01698043640312793
-0.018356067970307213
0.0113094197282319
-0.009933788161052488
0.010576426842469342
-0.004946001309868433
-0.003711927591027484
-0.0019184979415733097
0.016119604568593
-0.010157698878553162
-0.0031844965263139666
-0.0027774091637258825
0.0092610641597797
-0.015324633986496692
-0.010864358726922926
8.457723392760949E-4
-0.002872615844557584
0.016421363027811345
0.019777990225210245
0.0022647296154904416
-6.542089624911301E-4
-3.660408629690788E-4
-0.003400523153927866
2.2097060785581431E-4
0.0
-0.0018427775413629916
-0.004147647433621996
-0.004181356603477536
-0.02300145898055224
0.0135784122783289
0.012404053326928618
-0.005042475388017392
-0.001285969506537186
-0.007884558945059893
-0.013603607850042275
0.004329877266105998
0.0026603714546703846
0.008476403963895752
-0.0025565018673448167
0.013149669551547909
-0.003888842962827617
-0.00439409167421583
0.008388246055545816
-9.404052123298968E-4
0.0087789344252691
0.0013568925855639577
-0.009971606232238474
0.023606799645261647
0.004030347932801005
-0.022075780044751213
-7.434390428696681E-4
0.012096548099272702
-0.008039444342870947
-0.013209144632880008
-0.03539179145377731
-0.011775393353359337
0.013416260115954934
-6.82937709271806E-4
0.028602245764700655
-0.00799549611905727
0.010657134305838284
-0.012529271615421703
0.007945431753107524
-0.018846679990813214
-0.004181782212254892
0.019649971454211507
0.00409568436877945
-0.0175212472389442
-0.0015645259707698506
0.014427734595955593
4.6080918665095377E-4
0.024635467689121365
-0.009945705195576032
0.00674154365898668
-0.015775342036349324
0.004220933240037824
-0.003455908333492028
0.007238278993719654
-0.007324498135633541
0.009237801385740768
-0.01707634536371138
0.006778447707947716
-3.4734966687000567E-4
-0.0022733534153918647
0.006207464816329401
-0.005231101538172907
4.077171274440711E-5
-0.0015036148700261617
0.008990251449065654
-0.011570811127756455
0.0048103556833290866
-0.0016663793989311485
0.018700631966644746
-0.0012557549770433538
-0.024327408376176474
0.002572511756026432
0.01086922421310854
-0.021852047099925765
0.020222207521085125
-0.0031283891420561547
0.01400498146003296
-0.002681387886187583
-0.0052165808134070945
0.003419614940639473
-0.001986068218202426
-0.0063210790990779996
0.006707155393191071
0.002769899666014303
-0.008949819668353643
0.013170722193633784
-0.001830056233234058
-0.009988654113507632
0.0048102165988910105
-0.010883471636793157
-0.0030221415983517994
0.018424349700256214
-0.019980360014715412
0.004725281998200804
-0.002307554232360254
-0.023325375039524178
0.002900919117636688
0.005571827864011718
0.0024813803844243726
0.01527658712909298
-0.005328961201320625
0.0015441289209345965
0.004832551254346195
-0.0014660070164088813
-0.01043210861823583
0.01607042871060528
-0.005242212106863814
-5.743712513695785E-4
-0.004418170951853867
0.00241863390471243
-0.001350477110922876
0.02041751650833946
-0.005150933792464039
-0.0029483374158198027
0.0063155709097900935
-0.007112624396333126
0.005325525082183027
0.005330248984275074
-0.009656469295910025
-3.336200706962819E-5
-0.005423803896905022
0.012310135510413283
0.011534669412244956
0.0022763741054914657
-0.03866995938885344
0.007684799466422716
-0.0023205959249953207
0.004656344356728158
0.0
-0.008343791012330317
-0.0028972959721625374
0.011596738996343541
-0.010838420044039563
0.004873943604230005
-0.0060612516758053875
1.9671494566728289E-4
0.005311738684299876
-0.02287523315518268
0.015396287234542387
-0.0077194350818255136
-0.0037256576775050523
0.018474154416380985
-0.013397802240144944
0.010259809650268516
-0.007440729300122739
-0.008190917743128402
0.011181947780922461
0.0168979351537673
-0.005130083812536762
-0.010069489423894516
5.975647925121922E-4
0.010415923753712182
0.014715954027746106
-0.014319324838033467
0.003561454227020115
-0.004726656938180007
0.01005059731023939
-0.0075111167236142735
-0.011255223905623597
-1.1809712494734864E-4
0.0045154824998459514
0.006425641087715696
-0.0025239473565970977
-0.009409034691535955
0.011386180567025376
-0.012639549877348642
0.01108533269877899
-0.00507779483241985
-0.005595821252119404
-0.008032978558562092
-0.006062313956858573
0.004422713988897528
0.030627605117800417
0.011278249388187117
-0.012853265384742492
-0.008738126750510422
-0.009513876022965932
0.021287386000936593
0.004218927558414886
-0.006724954536542537
0.0029030309139362795
0.010766280933929732
0.006093536385594301
-0.01901964644082823
-0.003156485657477099
0.008115150838577206
-0.013935594486627142
-0.003527917407211051
-0.01409470083615888
0.007406167983655856
-0.003275723141608511
0.00592943251368731
0.004553326031593396
0.003702637289849996
-1.2205682556433364E-4
-0.002632424635989075
0.010685359325133325
0.004123166287592548
-0.0024666960141144405
-0.0033337620355898823
-0.00382978176543744
-0.018207229039938162
0.0025073672088789262
-0.0133877574448683
0.008576521282383981
0.012306184117043203
-0.007756191222855227
0.011303582740376936
-0.003676252889581368
-0.0016331002752284947
0.012195674085295772
-0.012633324846102438
-0.009879063056092326
0.015103056276764877
-0.00217783515341859
-0.004763572705572622
0.01373877682681652
-0.013457671317288747
8.801634625269297E-4
0.02876481757532186
-0.012240559265066097
-0.015250057936913723
-0.018609452346068485
0.006273182092541949
-9.323589851240859E-4
-0.007710386264244079
0.010478265362388975
0.004224410018518081
-0.01392309104528654
0.004426930003829653
-0.002748920637413969
-1.940411443718652E-4
-0.010253953638606256
-0.003633430236978941
0.01859158818051296
0.006474114028265801
0.018026804626379914
0.010768907985692355
-0.011264249885258225
-0.007551830716236331
0.004896360200628102
-0.017475788714491153
0.021140094931240083
0.003800018504655318
0.005095204898647945
-0.0021692152284879026
-0.003895352835845571
-0.009244400696623732
-0.008870242590894032
1.0118896375564332E-4
0.01574898996824043
0.027439497161014757
-0.0015992612418771514
0.019295570377706062
-0.012148916192273734
-0.006847308362907885
-0.007761303214439764
-0.0046435830956097195
-0.0010719221599563757
-0.013834213856356739
-0.00628503329849543
-0.01049562936271084
0.002087153182728528
0.011192065243773471
-0.018183144267012043
-0.014203712484665433
0.017212785826126432
-0.0120091088300776
0.008761555283137178
0.0030233966984032634
-0.01391068827440205
0.01016926065815329
0.004370910049265467
0.0125525605683151
-0.010183003299040821
0.011582789432968565
-0.008975659812820025
0.016854490432301285
7.95310505391683E-4
-0.008406075317334028
-0.0022758560427089273
-0.012929182588400532
0.018414924362060832
0.012021316418526324
0.005645153011997143
-0.009626721749335505
-0.018992527819977435
-0.017931520038474653
0.00948244799506741
0.01307805146219457
-0.011669455685250536
0.005063322858358426
0.005096875240168825
-0.005904947423042546
-0.0010691945146216447
0.006718341055011411
0.015259845187647498
-0.008002192823074796
-0.004224629203929243
-0.026149661124757185
0.003931247128929073
0.0055211296127525445
0.01619444922632505
0.018045151585353827
-0.005636781773540265
-0.0019261331012432681
0.0015906074824031669
-0.0012690135665377397
0.01700915407391632
-0.009294938192430215
-0.014055350488504672
0.0012725216345198798
0.018017029990076636
-0.024431901469478157
-5.827692016322963E-4
0.005282339099093808
-0.009668879368473889
0.0023747400068406506
-8.086327789406525E-4
0.006020688478226887
-5.818775915122335E-5
0.012243030107476783
-0.0011645185003060082
-0.010760393563192428
1.454739346167487E-5
0.005157361466808623
-0.015280128070424148
-0.003961178502813647
-0.019321208723218866
-0.004409289889634612
0.011681864486228174
-0.022985264805759797
0.011335390740971852
0.020281066473226812
-0.002380211131011783
0.01791582486931155
-0.013067487196118135
-0.0018280492549660153
-0.003686869229065493
0.01988444930485594
-0.002096320946263149
0.009744964250858182
0.010467285106452881
-0.0013772342288616785
0.010839245443520615
-0.020611513111458986
0.020055083250284718
0.007930559357180011
-0.010084533594965573
-0.0013832864330635105
0.002417973839377228
-0.019807836871676324
0.006138392857142858
-0.005272978513738429
-0.0037521137516298257
0.006322283250349996
0.010965226045993667
0.007386023511346411
-0.014317724870272532
-0.003578251630714701
-9.995076665208712E-4
0.012908437029302286
0.0051471852868298865
0.002004781184045382
-0.0055445838319289195
-0.003993364700545897
-0.012215122248592577
4.1929711922282444E-4
-0.022734430275469418
0.0034576863702740126
0.015376720730661927
0.005442908042965984
0.026807676170314702
-0.005598038832648897
0.0018026834183522398
0.0028802858110904598
-0.0027791724875199982
-0.011871921120704856
0.017330701101501117
0.010313803543306728
-0.014927715185205444
-0.005211673148303409
-0.009402956587721872
-0.0036435734015177537
-0.012276785714285716
0.003508174326830796
-0.0013779174100674522
0.0025023860696522294
-0.008052769009937502
0.016111778025299655
-0.0011087691376583668
0.0015853191661537231
-0.025977592770759353
-0.0016736786781901
-0.0010155348413738753
-0.007877461150946164
0.01922852376429765
0.025128839959209948
0.002745204962099684
-0.010801204863896794
-0.005162383805381087
-0.009146101572815311
0.008592713309797998
-0.0020518130970421725
0.005378957900905881
0.015828595108644924
-0.045431887129737836
0.010261728065790498
-0.00467305136047431
-0.003974562188122716
0.01824877495279858
0.0076779939422565125
-0.006145919184716011
-0.017392180077086213
0.011424775829903045
-8.726688872685876E-4
0.009532833723695231
-0.006965050855141002
0.016877309890442376
-0.014897119163911655
-0.0051240549209834165
-0.006929094338975277
-0.0069272203348930105
-0.010741342778744209
0.01700896710466269
0.008133322860885377
-0.019813169993970266
0.0032705687374685478
-0.007242768131259953
0.009426030343427833
0.005849220141871926
-0.0012592631043792189
0.011632230229375803
-0.0015913334032368782
0.0032379386918222454
0.007610411517018316
0.009916281231756065
0.011635979247613676
-0.003460533344341355
9.180830052712792E-4
-0.004584862011265041
0.01122447807229502
0.009105009439776875
0.003668614461513548
-0.006774447446781381
-0.02111315047172984
-0.017302097374014926
-0.006475497891410812
-0.0026906940187041324
0.009122089254435516
0.00800185413044129
-0.010447259101882204
-0.005356682793634413
0.008889519523465811
-0.006347001698570529
-0.013606684545351841
0.004384966291022568
-0.015077304622278923
0.013972801428127455
-0.012667302223003376
-0.013124353155670149
0.015607000396294693
-3.05719483050422E-5
0.012298695926636068
0.01262389303472519
-0.0029874882187422534
-0.002234878986503059
0.005983379242605745
0.001023868447373951
-0.005807016487922178
-4.6072160932183765E-4
-0.0038440090870137085
-0.003942564282554289
-0.01841941219009679
0.028653904205841497
0.0056590893440577415
0.008028870650738595
-7.216967060216448E-5
-0.014202081023974434
0.016861624389990802
-0.010578818173991257
0.006704921927591404
-0.002774585478308024
-0.009928228532354472
-6.445554849099132E-4
0.007159364054100321
-0.007260326994497548
0.004471412858711371
0.00847901875267442
-0.010850088459344863
-0.0035317803344011743
-0.008291461463290788
0.006076413012175206
0.007113399098535
0.0054537891994658975
0.00868644317181906
-0.005722377706946061
-0.001841659190572862
-0.003010808356161271
0.0037387105793969143
0.01041374366108772
0.003250597457707692
-0.005032814440377636
-0.003692615277832087
-7.692891381106274E-4
0.005498873347192587
0.013875552454210406
0.003272709673965266
0.023844092832781213
-0.008624064854606098
0.006048538020964295
-0.03879714964587071
-0.004058697191787924
-0.008197601930241995
0.008947226627701053
-0.008752125274054029
0.010088156945718825
-0.0047465797757994845
-0.017412003423318202
0.016406985003276517
-0.01647916497766887
-0.005891451715661218
-0.0046611267369286655
-0.0060905837691668085
0.0015484031884880848
0.02775274231440834
-0.011290309117770654
0.030189098354218874
-0.012516375821513668
0.0021675047252025636
-0.008394062174934335
0.007111873390522558
0.007788071126020254
0.00290063531494982
-0.004900096198089137
-0.011582127182418663
-0.021167471052559138
-0.008225460933680163
0.029193931374587798
0.0017340799641491818
-0.01680904901001338
-0.012881425296335005
0.010194227699871487
-0.0065847145403516195
0.017513856745951593
-0.008379939406830413
-0.0055653028580160855
0.02780265111593002
0.01865585673491903
-0.012338815144791912
-0.0020832151012490476
-0.01060182335379433
0.010166428815668163
0.005354600541684556
-0.0038935134439772867
-6.296521406636332E-4
-0.004645792847618432
0.007776467211939522
-0.01183219225872872
0.008683099203876565
-0.016875623297554918
-9.044313613804748E-4
0.004482886572032626
0.0026437702746687462
0.03434690294208161
-0.020494156262656417
0.01526172221865633
0.017831359569664293
-0.007594878080801918
-0.0014715552380801006
-3.788212249166301E-5
-0.001829846706560197
0.0025868700168345917
-0.0264404250318091
-0.0025399407472520906
-0.0030346334008074256
0.006138392857142858
-0.022451670149918855
-0.016596037418326555
0.023439733900333985
0.004291739909841686
0.004409437207097745
-0.022811671610446865
-0.014139001859163034
-0.0046599379992784745
-4.682143182179431E-5
0.010888731039177256
-0.009445410368541206
0.002556504245865758
0.033345234280087836
0.016453435567015416
-0.017840330445076748
0.0034214969880955676
-0.021378702832239423
-0.017720914387251686
0.03396467395967955
0.02601840159841176
-0.003068773623573367
-0.017886971155091504
-0.0011250026561094141
-0.0011221453290860932
0.0021060034927449494
0.01930450925466155
-0.006264648042913648
0.00563118786324388
-0.0025960912731409144
-0.002844319199511315
-0.0070705130462552675
-0.030124760472613404
-0.001897895935089683
-0.0023717542956202663
0.02788474407519645
-0.005090053056266327
-0.012516375821513666
0.011375463888808734
-0.009705874575933655
-3.905491214457636E-4
0.012482458093926951
-0.0064930142665685486
-0.020913362679162953
-3.5352287316836074E-4
0.0011384626605738797
-0.00452371264219693
0.0032095210215746664
0.006138392857142858
7.384819955154115E-4
0.003490427275662455
0.01843886737874657
0.06549942437088296
-0.002089148077477494
0.004583434856875547
-0.008426719756212281
-0.022040432367492965
-0.003342434166507237
0.005981890782467417
-0.012268892749112923
0.02290835748981359
-0.012869918364565395
-0.01123307011417756
-0.012866825669143923
-0.007320983073876422
-0.014078551694103906
-0.02577559604889771
0.04003661129533624
0.02254559311049039
-0.014053610741389588
-0.008785112276898745
-0.013474380622814305
0.012045241375396512
-0.03243389262223106
0.05991702329127996
-0.026458287127675423
-0.009714794243505713
0.030181903565102114
0.016491856085757893
-0.013296621502575696
-0.021077372762563842
-0.012127059144577217
-0.0018672890852313067
-0.0033815468048056276
0.03367847484110568
0.00793693908151328
-0.01070687826086758
-0.02048749640897551
0.0021230709384988614
-0.024752259470155323
0.04292608931359104
-0.014849720146222897
0.016402790213470936
0.01740623997132755
-0.018844533444310932
-0.008419033762432485
-0.014096051539622349
-0.016220051213820752
-0.0019356490164827087
0.007515795899361028
-0.003814116041285915
0.016810196061598066
-0.008986579612400238
-0.018435978178144033
-0.02497263969830965
-0.01923165813857621
-0.008227683386533175
0.007442194301686489
-0.014532186811910505
-0.019995853445435807
-7.722168303535074E-4
0.0021019782621637846
-0.010767205455580553
0.025524716777162813
-0.001295742827299615
0.09026625081967393
0.02615816964570794
0.044603844822791776
0.05888160877923314
-0.011734246966539736
-0.006640786688605741
0.016401559685926305
-0.02487433448848491
0.02371793781540861
0.021381654900384447
-0.03441047215873526
-0.024229868319156758
0.013363550284216567
-0.02278751061271253
-0.028980981981973013
-0.00593035125315585
-0.003125731118304736
-0.010873146297912872
-0.020711858480304976
-0.0010445337642097053
-2.1522120947969816E-4
-0.02548169372436085
0.009707585658357542
-0.023234756143393494
-0.040751380188073005
0.01425968352232306
0.06104458406131738
0.013600045559885659
0.01169300685727916
-0.025312810525434798
-0.019259881577505862
0.00558997851049388
-0.007151992128877953
0.008382446790597069
0.002148137673610495
-7.080675915763657E-4
0.005241649775237119
0.004224920223575089
0.012971636837911476
0.04269718997830207
-0.045171375313360164
4.10342460569757E-5
-0.029192132501196795
0.01117948275168892
0.0036136512003667968
-0.015207311408586534
-0.03435768957111071
0.004792833762672879
0.012291664545036048
-0.014833682793685219
-0.010572243557474867
-0.01652643497186293
-0.011329251508620153
-9.45122344464755E-4
0.011756786325275503
-0.02175242085702947
-0.005960188399120341
0.0015871573870003906
-0.002784467825273097
-0.05161305826797494
0.0219360917283363
0.02628328500574019
0.017463641417096575
0.018273850129143038
0.07241633465758576
-0.013115727453024015
0.01889877053382369
0.0427480414069184
-0.039697297143011144
-0.028209732268038697
0.033285838904136555
0.018383641778135357
-0.007991867955610783
0.02583849124051759
0.0
0.047700840458085945
-0.0329367592470194
-0.013533431649390842
-0.04748913578590862
0.08899214890447318
-0.04600665137857619
0.012451121882596956
0.004488738301933426
-0.07140391082864134
0.025621368110254686
-0.020652262866731223
0.12612572164046962
-0.0601458893736702
0.0055099991074026725
-0.00581853656570295
0.0
-0.051838624145297336
0.030492839200394483
0.01205148698256602
-0.012354093473420426
-0.08680139453921555
0.018938994944925028
0.009468762087782506
0.04545809904351681
-0.0072023511964639676
-0.010454979879070484
-0.005386633356240376
-0.01789391556302853
0.04258374134897143
-0.024645680853590306
-0.0019317902307483996
0.0
-0.019002694382886473
-0.030128913661922246
-0.0020018839835521576
-0.043742482789493574
0.12285532157927394
-0.02650465473602935
-0.011463850391345362
-0.01335048909737617
-0.015420866644435633
0.0032108585921634854
0.005495103998652148
-0.06737063800800197
-0.028153159107523286
0.02489378140338011
0.019159302562805368
0.0
-0.0011753261273902038
0.004742334713738774
-0.016601106572682572
0.008500040180113246
0.08157489347051144
9.564488774970055E-4
0.0
0.0
-0.00265969387398992
0.0
0.0
0.0
0.05549511878189775
0.0
0.0
0.0
-0.05127908726262258
0.0
0.0
0.0
-0.021320050319663462
0.0
0.0
0.0
-0.04875352449235817
0.0
0.0
0.0
0.07414700697357558
0.0
0.0
0.0
-0.027331665354086727
0.0
0.0
0.0
-0.0022337682984183184
0.0
0.0
0.0
0.03724746700687162
0.0
0.0
0.0
0.0
0.0
0.0
0.0
-0.024315804197488078
0.0
0.0
0.0
-0.027830498994808384
0.0
0.0
0.0
-0.020084935223059562
0.0
0.0
0.0
-0.09508567186870942
0.0
0.0
0.0
0.20662096941504296
0.0
0.0
0.0
-0.052615862292183506
0.0
0.0
0.0
0.0
0.0
0.0
0.0
0.0
0.0
0.0
-0.03425068658253607
0.0
0.0
0.0
0.0
0.0
0.0
0.0
0.0
0.0
0.0
0.0
0.0
0.0
0.0
0.0
0.03455645388676414
0.0
0.0
0.0
0.0
0.0
0.0
0.0
0.0
0.0
0.0
0.0
0.0
0.0
0.0
0.0
0.10369441260084568
0.0
0.0
0.0
0.0
0.0
0.0
0.0
0.0
0.0
0.0
0.0
0.0
0.0
0.0
0.0
-0.1040001799050737
0.0
0.0
0.0
0.0
0.0
0.0
0.0
0.0
0.0
0.0
0.0
0.0
0.0
0.0
0.0
0.0
0.0
0.0
0.0
0.0
0.0
0.0
0.0
0.0
0.0
0.0
0.0
0.0
0.0
0.0
0.0
0.0
0.0
0.0
0.0
0.0
0.0
0.0
0.0
0.0
0.0
0.0
-0.06181735959314919
0.07307416225362955
0.060612273223316186
-0.07186907588379654
0.0
0.0
0.0
0.0
0.0
0.0
0.0
0.0
0.0
0.0
0.0
0.0
0.0
0.0
0.0
0.0
0.0
0.0
0.0
0.0
0.0
0.0
0.0
0.0
0.0
0.0
0.0
0.0
0.0
0.0
0.0
0.0
0.0
0.0
0.0
0.0
0.0
0.0
0.0
0.0
-0.013775593463253718
9.213387667821524E-4
-0.049756561574751654
7.934566780740445E-4
0.2073342447079248
-0.08005776114764208
0.003079087066233879
-0.057281408372887206
-0.12808160011856287
0.13954086222457338
0.0196669086417543
0.02948610247555134
-0.04602017931285877
-0.004811067593712944
-0.018429289319001757
-0.0026085396582229987
0.0
0.0
0.0
0.0
0.0
0.0
0.0
0.0
0.0
0.0
0.0
0.0
0.0
0.0
0.0
0.0
0.0
0.0
0.0
0.0
0.0
0.0
0.0
0.0
0.0
0.0
0.0
0.0
0.0
0.0
0.0
0.0
-0.00518194397964585
-0.005759089420369878
0.025265771021228747
-0.02810033108446673
0.011676180819735133
-0.019603004672221713
0.04296875
-0.034120587380731274
0.009881339553038755
-0.030784073710733162
-0.016095228612318616
-0.012758598804738633
0.021626037163592064
-0.008555794771232306
0.012276785714285716
-0.02455357142857143
0.09494733514853175
0.09014056267148633
-0.06445025216862647
0.08669659905653342
-0.0060652612953825385
-0.031217888827612207
-0.060221255838968014
0.017446644814320678
-0.018289339415636183
0.04095330911844751
-0.04638339809413932
0.026798515457561893
-0.0165346913761774
-0.01609489014778926
-0.07384927535672353
0.04919744850780299
-0.008995448722146861
-0.03733785871162518
-0.03292783848961146
-0.048820454195179365
-2.0392797040208964E-4
0.036830357142857144
0.0101886437954252
0.09272578925669314
-0.05165693180211106
-0.0032458515504951903
0.06945807132141385
0.00511162067294672
-0.009115022639442645
0.02856273595960726
-0.003528322962931248
0.013566712118317966
-0.011348816329961006
0.004228980593028436
0.005913094125423162
-0.04481343770134936
0.0034789648925607417
-0.028266192450901916
0.006288827876430616
0.013687332088197599
-0.010116511087873285
-0.020936275398540993
0.04693072362355173
-0.03430722645613919
-0.02042880016688827
0.023739798218085993
0.017031186765129
-0.022950724474549725
0.04877242643981814
0.0012140510884979154
0.007766574495263922
0.011668074093198026
0.011170051324644275
-0.01160173100651434
0.03403968773282932
0.017664587081560434
0.011499876777083915
-0.03728759502595142
-0.038256807519278284
-0.0021546997434402568
-0.015065642903304062
-0.014803236813851288
-0.01491328063257682
0.009744536425270128
0.03215040778202361
0.006205825725231721
-0.028227760406591387
-0.0012425166541526964
-0.021806970103993108
-0.009752482763943405
-0.0014513851412343787
-0.009245890798707792
-0.017828361421359677
0.04784230555399881
-0.016706515977936792
-0.014082462321814553
2.2351211281527571E-4
0.03844636882368019
6.966063237659938E-4
0.05037269151821864
-0.004994354410179725
-0.0189261388066364
-0.027845770964337074
-0.018415178571428575
-0.008917351110337965
-0.01779479805691281
0.04564038500996282
-0.0329411273840339
0.009703163605961752
0.012911999010559318
0.016793883246812323
0.014501122375174239
-0.001521435791761071
-0.009820793380977024
-0.010613269438682285
0.006799809481051161
-6.435611020962281E-4
-0.008316422641074338
-0.0033300575710076812
-0.012162435704738008
4.9059627710163964E-5
0.02164066047825755
0.011764678668213326
-0.005802549515509362
-0.004101114394034893
-0.027388225462595207
-0.01286004882874921
-0.0037202371548607457
-0.022616829878819952
0.006884502981842408
-0.0017914199494025503
0.032783611569379895
0.052829323222142184
0.004390691901931894
0.0013870942006568195
0.016677809384834916
0.0013650922484593512
-0.029352895965079277
0.006723208108994116
0.0014419109736447094
0.005030733233154923
-0.0324346328309122
-0.015619901047267784
-0.00861321380164716
-0.0011191698110203526
-7.812619060668644E-4
-0.02112048743698027
0.0028688623169462434
-0.0012421424896807104
0.0024190590811336236
-0.007895763468933642
-0.012786363384495902
-0.009170983364676692
0.002374653181971957
0.005877473457084234
-0.016589494623492535
-0.00872413891403245
0.06433722342310454
0.03391626532836835
4.6401643233066805E-4
-0.018781738412927056
-0.009527940164750356
0.0048338612980882885
-0.006849163337101497
0.01694381800258747
0.004216011426547258
-0.02553708335827396
0.003650818496790338
-0.015584514629486252
-0.0021383322316022146
0.011150354082035114
0.002650976855064849
-0.010057562352301068
-0.02496746706399306
3.953144480640363E-4
-0.016399774110921875
-4.2715089355654674E-4
0.0012662637860663302
0.008350311673989133
-0.01464570141144023
-0.007522807210126108
-0.011066159113806697
-0.016410766028276076
-0.003980664108860915
0.004703072590846966
0.017304816609435482
0.00892895187078185
-0.01022999946036998
-0.0017602449227204836
-0.004143730658415359
-0.013933572097943802
-0.006783816017816019
0.012276785714285718
0.016305746569668465
0.004543863590787659
0.06657425311917799
0.04168252792615777
0.011137884466215817
0.012152911057914545
-0.003965131925365318
0.021692017223126463
-0.024107979952438456
0.010070327194078304
-0.007694761168960231
0.0018594049393001145
0.0060236672817520105
-0.02361224949839827
-0.03272734137748072
-0.0027913168773297603
0.01886851791227665
0.006507854965849243
-0.0190234556125277
-0.01861276141853322
-8.815623576922775E-5
-0.02360513887855629
0.02361872337800211
-0.022073351392968246
-0.006757295327412703
0.01560116933432912
0.0014177189807777577
7.96831877619553E-4
0.01188448543038766
0.016903648310648202
0.0030950219002399103
-0.013971365730276382
-0.005685459385874192
-4.8662565636239767E-4
-0.002583155482639995
0.018556640875532906
-0.023931946457942672
-0.022238149846211128
0.0121022424727218
-0.009110604028000242
7.691285907465823E-4
0.0056689403955232955
0.005463927911514254
-0.01144077873716001
-0.0014135252586760698
0.0017698628476753558
0.01584254777938153
0.005883943663241376
-0.02348244114385241
-0.023331999333869913
0.009597709316426556
0.0012373536805488135
-0.006138392857142858
0.009068892701690728
-0.012219126928314927
-0.007299207732022137
0.024114051038241813
0.009868038626024271
-0.019420073647326373
-0.0019789701516577836
-0.001117600625310051
0.01360669165952792
-0.013902571756675279
-0.01265145299104453
0.026803067483586948
9.684707353033225E-4
0.03282816545973677
0.013134978233049046
0.017772061893290274
0.016857760113961007
-0.004901039176594044
-0.004689156690126331
-0.010656334401979094
1.8971330900071325E-4
-0.003864833301534228
-0.005857477539013698
-0.007750339726299368
-0.02271219491804108
0.011698527218192006
-0.001442552379965024
-0.006264754910594509
0.001604858290212167
0.025639155997391055
0.007823239105191568
-0.00878575947665788
-0.006285070900174946
-0.009543554658222899
-0.0019314562262975517
-0.005571569227135929
1.6152743849412107E-4
0.0013594023640766048
-0.004292905360170301
0.02159276012988811
0.012663469837069828
0.011245150943167371
-0.0068269802673301145
-0.0070128701845527
0.00837799458101374
-0.014771332053125525
0.007498869060738245
-0.015266015594447492
-0.002723572612075802
-2.727929261130812E-4
-2.502863635378272E-4
0.0019228250620600823
0.02724314404178858
-0.013538655912157296
0.02105981400029573
-0.0025502063196370054
0.008788914438407448
-0.018630568799612945
-0.011966754312747074
-0.008696030272480943
-0.0077097484606443775
6.801895913378358E-4
-0.01449431727799115
0.003595981012450284
-0.00751016101336459
-0.005121694656503841
0.006671727039210023
-6.409086327518691E-4
0.004842297895781661
0.0056305685638971805
-0.006811067487726703
0.008754971075637849
-0.015963806664468106
-0.0023223962125227798
0.006096435819329403
0.018044705483483418
-0.01933278230945299
0.016010904687635788
-5.85082636028314E-4
-0.005722199096718738
0.005958158760220085
0.014311892093514675
-0.0024266673675289972
-0.01366341713675587
0.018364721447679408
-0.004958369108759346
0.016289878063726164
0.009067357841065103
-0.01451011431610892
-0.010508166000336674
-0.007279998664863912
0.005698958506008965
-0.00795556140460972
-0.010302479853969199
-0.0052243417137137396
0.021935841814958293
-0.014595673681733588
-0.002314998660262664
-0.013851502303292924
-0.006616532206295406
0.018951029948195752
-0.013428982638414223
0.004184011651979129
0.0016865714280164205
0.014577790424802443
0.011988309180267066
-0.003986189229145077
-0.011829979602757447
-0.004084500233934316
0.009487150780119108
0.017125524021747485
-0.0011417868642161818
-0.005531508277642053
-0.0063538652665042095
-0.013831325896156295
-0.004043762838393776
0.012660751102261832
0.025261522791877808
0.007036278768655431
-0.009399812613784777
-0.005452254864648312
-0.009407828597254246
0.006515796857563023
-0.002721495752150484
0.021216105331521115
-0.023019693287710002
0.003039708925466998
-0.012747193386217895
-0.005648599618195671
0.0012162329382337568
-0.008224614985839067
0.00348910353252916
-8.910540701543802E-4
0.0016976156393195517
-0.008516041245691315
0.009894663879078724
-0.015280003161817567
-0.0031582973704413035
-2.02456774506133E-4
0.014853144924533223
-0.007611275179005176
0.020519505252217296
-0.005633548942819059
0.015732822113351703
-0.01160874615149096
0.015865281578430743
-0.003037168661090954
-0.015039155130655672
0.016261100213818117
0.004139886045733983
0.009780545093390144
-0.010848089423528757
-0.02850063407975252
0.009750555592539902
0.009853095635911482
-0.003454556285065837
0.002775720414398576
-0.002314998660262664
0.009046714368883836
-0.0028352336633156623
-0.01525291136620661
-0.02929267989217884
-0.0037553510480666163
-0.006305081966455784
0.007091043549149065
-0.01786521918354254
-0.030843263471579015
0.05363281267670688
0.007983158286535424
0.018312740936319308
-0.006628455469071903
0.011474438374373612
-0.003703305486268339
0.007429109264990424
0.010817072343663364
-0.0023155259201106788
0.017738352234397313
-0.0072457714192805875
0.005033688999659133
-0.004499651419551984
0.008835520987814973
0.00187922196645335
0.004071602574345384
-0.02430953593495102
0.01946220134882488
-0.01988884990599163
-0.01119056978126013
-0.007608312998780408
0.01741826533518384
-0.009705365342908457
0.01141067250331745
-0.0032816072832843692
-0.016463550882603012
0.0033816378516178308
-0.009711509346034245
0.01059362254958778
0.0026381259601683145
0.002480388911912419
0.020898690544368104
0.006228807528270285
-0.019991646156798923
-0.005571083401867573
-0.008927353794889998
-0.0069342596673199405
-0.0024266341697995325
0.014972730522666605
0.009079237366464986
-0.009182274472589092
0.007720823714366363
0.01802312366480333
-0.003423425051137052
-0.003151290305248503
-0.004420916960358564
0.018296087563385112
2.4622486263563715E-4
-0.012350921249399327
-0.01034169133004435
-0.0031404684490952354
-0.006390938881440187
-0.003557870882559506
0.0043780184285145875
-0.011720740545925755
-0.010508061291015185
0.008964372561027941
-0.0027273435815729817
-0.007199307743972457
0.013034327708960665
-0.019318757896906374
-0.004509269762553418
-0.004456566016576544
1.6988903897648437E-4
0.01213367458366568
0.01883067617608422
0.0036915509122240914
-0.011408287100754647
0.0128503180307808
-0.0018519174290383775
-0.008955835760430558
0.003005165874382796
0.004368925575279476
-4.364511425430633E-4
-0.003030065566594591
0.006671574981482865
0.008032386385560796
0.0319284994477224
-0.021928465968268643
-0.0014838380613806438
-0.005493969306373919
-0.006374104013532158
-0.007695009219904403
3.537412464219604E-4
-0.004810377248600025
-0.0030553312787025
0.010115330501880576
-0.012334323191082451
-0.006150837911944638
-0.004546515163426322
0.006138392857142858
-0.006091897379957043
0.011096920595580905
-5.427636643984097E-4
-0.010984950128018032
0.009435107975778362
-0.00855947202828949
-0.009584079162891874
0.02277248930891758
0.007471458419745962
0.011286660007979274
-0.008926076885252576
5.494342420132477E-4
0.009220366656920519
-0.016271726239687898
-0.014697185298925957
0.01099056364044349
-6.975029990418397E-4
0.001151882146143376
0.007355315519720769
-0.009809508915048615
-0.013728534738193805
-0.010600479902275141
0.0017332081926694238
0.022606320274623528
-0.006185227465129322
0.008615842807503448
0.009156938681753402
0.0023445891872516124
-0.007813177704177533
0.009075610276150985
0.0051502830965673065
0.0037778645908086777
-3.468033229822899E-4
0.006654412841110995
0.00605365379951063
-0.015702004538652496
0.005740061725165904
0.011941323468027544
-4.401195328326713E-4
0.005214283400051226
0.011383541139974298
-0.0020303258467947467
-0.0042894995765137296
-0.02413761026614392
-1.1856869915358257E-4
0.0032846962917581057
0.009283140665252782
-0.004081884441847501
0.008273838033790898
-0.025873175746703315
0.0048956817043254285
-0.0015670319918100698
-0.014054781377359219
0.011946327116100752
0.003176093121355498
-0.008536837190481197
0.006914727160301327
-0.0034702002973376715
1.3831356512620206E-4
0.012045722124052173
0.016212059929702503
-0.007311756924436176
-0.006645115425192221
-0.012229213896101022
0.013613046971153777
0.014721948052691404
-0.007748604495761308
-0.004817660620483324
-0.0037074337603499774
2.4149153409527488E-4
-0.010773965358146962
0.004784600419922801
-0.010963843867690745
-0.01623698347756248
-0.0034084324349466046
0.02059744821773734
0.010528619980836158
0.009906805487615916
0.0057131336027626345
-0.008647878887922806
-0.027151142428804027
0.030722520705545486
-0.016182013513344064
0.0013874586403876162
-0.003762487215666941
0.006066410038712488
-0.011269686596013724
0.0020568868106701065
0.0026090411630925667
-0.004988854738665417
-0.012788868388935297
0.013626011857811789
5.105473714865343E-4
-0.002470486943965038
0.011654369436898744
0.011148148818500294
0.03744596684793971
-0.02848148095184372
-0.0072070437440735335
-0.0051023748587799905
0.00908259481217373
-3.967138647831443E-5
-0.0022200163896591253
0.0037331394917592305
-0.007143205702118422
-0.0058225213136039854
-0.014818985881440616
-0.004111493168831486
-0.008723989972270972
-0.0035749015768630813
-0.004809873610758168
-0.008641922990844878
0.010087833305750478
-0.01582859080302043
0.024096691474095867
-0.004827271760877494
0.00493806945130639
0.006764872089719099
-0.013526371373511889
-0.0044813537444682965
0.009364985976149385
0.01027875222094409
0.012848345063335743
-0.008423716356312871
-0.012276785714285718
0.009099724238809379
-0.01629701385747712
0.020623272300409005
-0.00861646832502944
-0.0051071508621456495
0.014133641109296638
-0.013531688736312997
-0.005554188396970033
6.901676949762087E-4
0.00837684433604198
-0.001915503398628878
-0.012089929728214308
0.002322861280116538
0.017114036340680292
0.003503181370314681
-0.0031701444390492602
-0.004569803314870692
0.004457812896649383
-0.006679473476963422
0.013782855366315126
-0.0022757094433016193
-0.007450761267815892
0.008904756550399559
0.017512599682165148
0.0024576674439429963
-0.008378144630460337
-0.015331506924221723
-0.0016940294321372684
0.012144894307795976
0.009479989610799464
-0.005449235246316556
0.00703650436524527
0.004008131903119194
-0.002761569586333808
0.0034831227178260733
0.008807418656562017
-0.003655627096557909
-0.01852659818897846
-0.005319895282489946
0.005737209656858166
0.008002696340836895
0.0014145914619756225
-3.132221336957907E-4
0.005663158689178367
-0.003650421101222604
-0.007817149843140993
-0.01626946446039764
0.018650323720915594
6.389205800025315E-4
-0.0028743926040906476
-0.011710863045984312
-0.0066315446871253615
-0.00910556016147428
0.015227768943148161
0.013991114342380954
-0.01381269427705088
0.009363623878460157
-0.011069964485881115
-0.0031201951386709333
7.867334626535877E-4
-2.6759670178462536E-4
-0.011366052135401754
0.010240084533864942
-0.012624759462308184
-0.009132914817099273
0.0022217802740309603
0.012276785714285716
0.0012494648945266425
-0.015616583970690155
0.019434039405637638
-0.003276682880682894
-0.004441931522723095
-0.0036141166966047536
0.0037950447685876007
0.0066155305843803944
-0.019870728270898
-0.003083669120859042
0.025523025109506055
0.0020253559852330977
0.00964926599235162
0.0020448059553730188
0.007977452807785456
-0.00977960057070667
-0.01015672502354802
0.012178577923779925
0.006475051773997436
-0.01755257032307758
0.011745591405799788
0.010931117214778527
-0.00851892195065105
-0.013114155689671381
0.004883129418710863
0.005938058537684936
-0.014805508998801554
0.0013538929515698097
0.0021998523628793936
0.022617758353182235
-0.012060915200239766
0.00445149871445656
0.010862223064895284
-0.02028952552687406
-0.006027957663717814
-0.015198220546327383
-0.00840642281420974
0.004281666260645451
0.013137851957371882
-3.286465118161547E-4
-5.035087975345087E-4
0.006104341419950039
0.007993128395274815
7.053317119173246E-4
-0.014660678709169423
-0.01149372004894903
0.009026459642576264
0.02212312265479154
5.70580443153253E-4
-0.00879511350984593
0.013311918851025761
0.011122485182302215
-0.0013698811385082542
-0.0025475855219686747
-0.01574222929646997
0.005421223071168662
0.0023770133948318502
-0.01112178854999838
0.008295658446780438
-0.01170027690382195
0.002229045532345037
0.01584267058141553
-0.02540406142425928
-0.007782520240704595
-0.01124536836518889
-0.015306143739517181
0.021862250288484257
0.009832469200151513
0.002321098961966833
-0.005303712749646407
-0.003151454175573655
0.021953880705016013
0.010081211113694255
-0.010027407909878458
-0.006080651044610718
-0.0034264113468212383
0.003550131388776229
0.003645312131318293
-0.006334515167049779
-0.0014434431746381381
0.006033064955489343
0.010265210129339487
0.015918231060050927
-0.0032049913038579986
-0.007712750119970146
-0.0010020306230676505
-0.015960127268954516
0.004213843837854999
-0.006242553596422576
0.008920015501073703
1.997017272975541E-4
0.006135336925888151
-0.01336599104258981
0.008223451034364147
-0.004559283536986135
-2.674663354765693E-4
0.008763174283117337
-0.031582899832056095
0.003803885595653124
-0.0131963648991716
0.003312082975680052
0.014245259659788914
0.005145355158001054
0.012918565456319633
0.01156920303879904
-0.02553474551660482
0.004979644923054525
-0.0028099389321999788
-0.00784095456415808
0.015585131173171623
0.002989523306199859
-0.006443313500164777
0.00869104973809266
0.003957227326739335
0.004838273677292399
-0.0101250655383155
-7.582474632625066E-4
-0.013059660531276693
0.008652820278524199
-0.0091096657493078
0.011159519887567422
0.013515561464461244
-0.01136793008458556
6.251503072540422E-4
0.004308958982861698
0.010485184629599133
0.00721832338487813
-0.005174621867636502
0.01318495398897534
0.0016082330477664372
-0.0284755964999829
0.004575612960999264
-0.006711859113615826
-0.0010332860477911317
-0.007065305669395769
0.010213077629445715
-0.011820178770747158
-0.028395662425379074
0.01683250258968899
0.010315875019281193
