0.004880318467033804
-0.002960182202970854
-0.01810478994397933
0.016184653679916408
-0.006715952955706157
0.008699339740574045
-0.012923478672917866
0.010940091888049872
-0.004398649504119543
8.828399660220747E-4
-0.01198443461125977
0.015500244149357387
-0.015822805056334963
0.003028152684580043
-0.005718189008670972
0.018512841380426078
-0.003994787180466232
-0.002352891495108831
-0.005161484490685682
0.011509163166260598
-0.009001471897787284
0.0036106850820726566
0.005069006900213819
3.217799155007476E-4
-0.0012609880547727846
0.004737520918990301
-0.010375483629710205
0.0068989507654927396
-0.006536367857915482
4.843871494802487E-4
-0.007647121034398683
0.013699101742833994
0.003806988627354636
0.013768290215951183
-0.01174333529711568
-0.0058319435461902
-0.004136015694182907
-3.453414645944071E-4
0.00430140727081545
1.7994988796197277E-4
0.011059589569160415
-0.017140839204663492
-0.0036085907791294503
0.00968984041463251
0.04227013811682261
-0.05972671405760851
-0.0197031271962134
0.037159703136999254
0.048929163108456665
-0.0774643052090355
0.0326565942268506
-0.004121452126271811
-0.018686875091883028
-0.008813037483622527
-0.01744168429216082
0.044941596867666356
-0.036745814055852026
0.03520507748318377
0.10339442015353373
-0.10185368358086533
-0.07193669558843177
0.07923135757780406
0.06483902309354087
-0.07213368508291326
0.015517459983492438
0.06107319533928219
-0.04869312482324375
-0.027897530499530962
-0.017076211639817443
0.020045124972179005
-0.05740179345803886
0.054432880125677416
0.021501281191553746
-0.023052185384349173
-0.040028783045386665
0.0415796872381822
0.019933854600920987
0.0023013339721804655
-0.012775482146318469
-0.00945970642678315
-0.017040984941220735
0.0038444430184577678
0.012870800399217282
3.2574152354569036E-4
0.010405867801838031
-0.007731141004336419
5.674955755244613E-4
-0.0032422223730260574
-0.0010681515497414605
-0.0024971741486756113
0.006701817694364351
-0.003136491995947302
2.435212553752765E-4
-6.3694359107089E-4
0.006739473245962975
-0.006346050910267337
-0.0029076610018224716
4.6227143364008065E-4
0.00707422280250262
-0.004628833234320244
0.014453762527141508
-0.011622995489045392
-8.331077767278344E-4
-0.00199765926136811
9.771160604170274E-4
0.008370952612111494
-0.010623867189889332
0.0012757985173608034
0.011243132579440117
-0.01301816675647858
0.008604937102573502
-0.00682990292553505
0.013816210741215508
-0.005765088052383582
-0.004555157548182315
-0.0034959651406493916
0.014319169733585872
-0.003454576338862215
-0.007097594056374867
-0.003766999338348913
0.008567959424297004
-0.013715675447167971
-0.00710053702543873
0.004576494920023499
-0.001442094338092689
0.027119975766198234
0.032112085833713125
0.0018405912785186508
-0.004577683096066166
-0.018572179198305717
-0.008607441468490854
-0.002874201284499141
0.0
-0.005865044966436023
-0.009552035380327095
0.002970103449107645
-0.023985738858138733
-0.008560072611816188
0.009898201762643468
0.0010264214623126365
-0.02053472269509833
-0.005378073255976813
-0.0029960710785795937
0.007044882142804021
-8.949088735878616E-4
0.003415575640478433
0.008972077975128182
0.01713281920214767
-0.014214531675233042
0.005156347394251283
0.017003125663585233
0.00395448560210881
-0.008659758293332232
0.007651141385358641
-0.015427502684994966
-3.1056561770869545E-4
0.009640919437639329
-0.016635905970051088
-0.010264433005941365
0.02111917741960463
0.006139803859396439
-0.0033087614917000595
-0.03622332377668031
-0.007725662598297215
0.03004287312780709
-0.008006917391759402
0.0210446074931761
-0.00718048183649625
0.03276672586419637
-0.005482249854236356
0.03245246343187782
-0.02041326081358176
3.268180703885869E-4
0.01659613718062411
-0.01919958524461421
-0.030650361800562423
-0.006987602010182611
0.01490811928936003
-8.156563746377372E-4
0.02709554553301905
-0.010586709448112703
0.011560423497200913
-0.023280410731678858
-0.0021057429091438148
-0.010101587479732783
0.013757489497966865
0.001648349264306656
0.003384936854481678
-7.358818516525895E-4
-0.00804153192557485
-0.004389185099142684
-0.006940257651491752
0.032560890124944425
-0.006680605437271248
0.00832405569342446
-0.014381714897010053
0.006129028517252926
-7.026368544138378E-4
-0.008439973020998713
-0.012107328690794695
-4.0605491885913145E-4
0.006381530375615741
-0.029377275830754994
0.011392720848835292
0.0029205497982357272
-0.00930762880661494
0.017522928069314388
0.010566284659859235
-1.6777278363810932E-4
0.003819202062447436
-0.007720119954431953
0.0037206871802005805
-0.0071511968010032675
-0.0015365360341376075
0.0019110282564906793
0.006130993619015074
-0.018201687854785216
0.0011648435092510845
0.010939587045147785
-2.2313282005384516E-4
0.00645016227565836
-0.00862227585770961
-0.009376259734309535
0.007991127556193484
-0.029494824823986812
0.005340589305044829
0.004912138691736366
-0.0174322468174751
5.90449629841179E-4
0.004887935624174394
0.004269306402371981
0.02388080919598281
-0.0015249157520277022
-0.00343287057180945
0.009393133280587362
8.062850477111331E-4
4.773617819701318E-4
0.0030378119250853777
0.0012343995815052768
-0.0019047647553040135
-0.0018887332563406484
0.004674401804238516
-0.026850324826212205
0.029279943323069713
0.004721408337788577
-0.0017115659317127017
0.020280023172293993
-0.025651501272793486
-0.002645497275493104
-0.021326913521070773
0.0012790565722209978
-0.007540891781061959
0.00210032307885666
0.02869143199503378
-0.01638535403422377
0.0034645917713575763
-0.03991509015634954
0.0036762715689157123
0.024315114698143715
0.004527497648576913
0.009486607142857144
-0.020381447675841262
0.007923410880079284
0.018332239583879084
0.006601774160167629
0.00819494631481643
-0.009144506107662221
0.003459977636889784
-0.006906293469591666
-0.019426758244269395
0.0078067429362973315
-0.004407315887250275
-0.010798292155534402
0.013938307147327265
-0.010928713178250095
0.012780581003824672
-0.014410813921734576
0.002220194367921432
0.007649783426712797
0.014253225936357295
-0.006671920540183724
0.0017060160469781187
0.002974253862390244
0.003001209891794231
-0.002432898117038663
-0.018431036676871314
0.009724276069307085
0.018293246459062423
0.017189424547827563
-0.0046572437628748355
-0.024995260101386647
-0.008871171079049403
0.016717306417300248
0.0021699910961292847
0.003561596517741971
-0.02126222524238636
0.012298155042482179
-0.0026384771315257722
-0.006411509143185766
0.0010415209161087728
-0.001503363495461374
-0.0029930298135675123
0.006598292931440808
-0.0011647028185016658
0.016888828763290824
0.01690162654358289
-0.00415568266676878
-0.011614387829946999
6.962798138668985E-6
0.01000323025020709
-0.00497298715354259
-0.012784233043393451
0.0031386631548171572
0.007465981926688693
0.01038751503827249
-0.011409648732805356
-0.009171462692784328
6.404551264528394E-4
-8.548511619168309E-4
-0.004678569562553679
-0.012072002004472811
-0.002122439621024137
-0.0038263818773817426
0.006718118686641943
-0.003022649091812442
0.0069860690835082005
-0.0010292521412205895
-0.002972351186744349
0.018208679656566598
-0.024489857749158066
-0.0035157470026424067
0.0010546930919988259
-0.004740047857767009
0.0027283166736159215
0.010446634127100708
-0.020594295682624057
-0.0033304614137292052
0.022719626752281043
-0.013004163248607096
0.0013589558128766959
-0.0037328190983001736
0.008726975885131194
0.009744634769257627
0.0014470279685793973
-0.012483309912167843
0.024055803473645186
-0.011678754279327276
-0.01652886828291568
0.007520677080781957
-0.010623300807080462
0.0038790073323997434
0.029082577890849802
-0.01146986819755609
-0.013984044430988978
-0.021700880235391264
0.03139025161567454
0.009214629773529465
-0.018059062316274365
-0.006591780572821473
0.012258732858971557
0.003171376719087256
0.0026514445233265004
0.003977396186157913
0.0019998450079898164
-0.004609554043648961
-0.007517679263639005
0.007740121637266974
-0.0016009202915624517
0.01286641948168946
0.010201578401061784
0.0036842254517512694
-0.012590419663511064
0.0015102565479797143
-0.005769182575473749
0.017411282877315803
-0.01461334961536519
0.012178332288627925
-0.020432020609507245
0.02012395541017793
1.651425290045581E-4
-0.016267331609284993
-0.013750219154360525
0.020251148254432205
0.01944977468371567
-0.0015344507550824338
0.020659742990404822
-0.011223624869897628
-0.008731257422964052
-0.009486607142857144
-0.0036254083484945753
0.002014009624871943
-0.013785973049252616
-0.009161942136842217
0.008415713048069286
-0.009813132428159746
-4.410259964856625E-4
-0.005114476442504436
-0.0028801240469114447
0.003451546944151844
-0.010229154725386696
-0.00856737591933545
0.012584371312062359
-0.01321054184778795
0.03040445838991164
0.001555250833796283
0.018205265971978392
-0.016560023109237515
-9.917013424275466E-4
-0.02010107420036683
4.239795381178295E-4
0.007838118975859626
-0.002166936447679263
-0.013781536580759531
0.0065421305060461565
0.019393344790330738
0.0046607823857123636
0.012189627134067287
-0.015742529944086914
-0.015231995033015866
-0.01606230206659338
0.005844118899373215
0.02739346901078995
-7.673006016601864E-4
-0.0055933808568208575
0.009857170699528631
-0.00981432882426094
-0.012828690377509867
0.016755266633638737
0.03173535364712582
-0.008738390567300849
-0.005840608864171039
-0.025271554138762645
0.004298267489848227
0.00387749896345955
-6.0441434468695016E-5
0.011419559913692296
0.0050956857398927885
-0.018381628927015548
0.0020887509363739644
0.007317252276190204
0.01427247157842737
-0.012346297221864345
-0.00784437757812161
-0.001309310127493901
0.00962814064568801
-0.03146547866231106
-0.007499620405414447
0.007930301574456424
-0.011473462823129582
0.004265120208883172
-8.813038576059931E-5
0.01261672458037496
0.002397920820222288
0.006210081034790258
0.0025513474793465067
0.003153097384119315
0.01639550321230143
5.600304123324976E-4
-0.027668352621273873
0.007284828011216814
-0.01890879622985882
-0.001963998896824079
0.016418088038229476
-0.014371896174073253
0.0012670041704801972
0.026635188354906407
-0.017145227377721783
0.02649846597707898
-0.016904730874841768
-0.00442171925206512
-0.013383082026204291
0.023319380358389874
-0.016807898065419567
0.02011127898753647
0.00596582981510865
-0.0028831427877279055
0.0170861690383093
-0.023142776803014124
0.027124599331801974
3.110917547426654E-4
-0.001589198026697984
0.0039994977866420495
-0.0038154514041281416
-0.03832145154098607
0.004198607737063891
-9.487032545429444E-4
0.01003062241286507
0.0037499319186604903
0.00933633198553746
0.007201342871219221
-0.013922973861817768
3.937473352662261E-4
-0.0034008794897591073
0.02199958936407374
0.014901673808525192
-0.009908685975581618
0.0037210936489810733
-0.012480629362370002
-0.00275922477300178
-0.0017058026632610869
-0.0157546451852197
-0.0037281384179119158
0.009487158513168746
-0.003058177882347945
0.02718398831475636
-0.011581099962402325
0.009651425237086002
-0.00205790487859335
-0.009486607142857144
-0.012760129034269008
0.02807606053980026
0.009697030686549736
-0.012528749214356238
-0.01170372001829964
-0.0033571649982507487
-0.015880240015197986
0.006290348864452913
0.008239447013515032
-0.009405475124172957
-0.001638198322533757
-0.008517143383622867
0.008060946798210088
0.0032159382422398343
0.0016448923075523358
-0.01733746019208035
-0.014166269007053988
0.013335473401937612
-0.016404409200878788
0.01895582574026923
0.026531883948125008
0.002023054182629075
0.0034339769021188953
-0.006128420425345064
-0.012166554723064655
0.009701901729861583
-0.007446115401907646
0.0062995586621854395
0.017125273851645625
-0.030352729664304426
-0.0011466658798929296
-0.004606154278372231
-0.0059316932287996095
0.008523443977973492
0.024433580517259974
-0.008378761495768442
-0.0118311877207182
0.006659758238945258
-0.010257842963070918
0.008057815864508978
-0.010195548062097718
-0.005008561395928955
0.0062342299467244575
-5.777680738359115E-4
8.947074034061052E-4
-0.021561197758716677
-0.004818589073628804
-0.0024105122795601806
0.026553624459028032
-0.019078810067951153
-0.007952782001246425
-0.009709139192733335
0.00729921532377663
0.0026541078532813355
0.008441862394851406
0.01670016685971345
0.009399393174949928
-0.006820559691545217
0.007885231435703584
0.014983526535165357
0.011805487148905102
-0.010834395151954113
0.00843401698736668
-0.0031540645446226654
-2.2097783190073994E-4
0.01239233914912694
0.005482531318255962
0.003209618794955623
-0.009648592607080606
-0.021436242747109584
-0.011171347384460698
-0.0010037653306374933
0.00952535098316688
-7.984274702511015E-4
-0.014101425706841036
-0.009227258557552033
-0.002544120638070406
-0.016488747644739735
-0.005580607052507743
0.0016013259219121285
0.008470005213172425
0.009846183670493301
-0.026221981616672427
-0.018024460195534126
0.008037059305296952
0.020829467758298935
0.02001410098369846
0.01747384302996544
-0.018440920503102108
-0.003961299599605092
0.01470179707442628
-0.02006526579569741
0.004273755270493115
0.005009392465675178
-8.787061030596753E-4
-0.01108391565967363
-0.022940211346393187
0.025756556971139183
0.018563761567811424
0.023029761363922808
0.006569861765536251
-2.379924915901794E-4
-0.02138187536126397
-0.01619135092214915
0.004470017279216906
-0.003536699477038342
9.957894386719828E-4
0.005320347846845675
0.0037738196614677914
0.006366616070073661
0.0094591275849432
0.023214579254865076
-0.023623258356781494
0.0026245902744917674
-0.006939173769272777
-0.007703380515920779
0.00341849997281084
-0.010378717543577243
0.0031309036049016396
-0.006515556920027742
0.016728883218667816
-0.010851216962618112
0.005673038321964669
0.006294299615549044
0.014227497948693248
-0.019121355417697355
-0.010389092117783359
0.0029028691256073463
-0.008615024551167251
0.023338345161569737
-3.172482932142281E-4
0.024415045738415627
-0.017772650646171652
0.0025026500260475803
-0.02509217937923655
-0.004734938002267049
0.009897801189026834
0.01136432317471742
-0.005093354944734743
0.014252743912686168
-0.015322875921653944
-0.014291613054042593
0.025939670035491264
-0.022943677613392027
0.01164168668018761
-0.0026438698136540505
-0.024368581575044526
0.011741707705040454
0.04057906595306995
-0.001513556886617565
-1.8754670624163486E-4
0.010513451267309449
-0.006364969437508151
-0.014362445291481351
0.0010991009618022385
0.015908635628634774
-2.3535550618437526E-4
-0.006405316151291016
-0.008756424523735873
-0.017012499107246563
-0.0046970718413198165
0.022273969209128667
0.00781243017600115
-0.02053744736730615
-0.007620402668131048
0.009837477814218
0.007096887197241122
0.013640823399999459
-0.047171940362134894
-0.016377996980275814
0.04050089578528668
-0.0015299751926408714
-0.0013341098062505906
0.006113861998899655
-0.009486607142857144
0.011468554214453811
0.0016971053838510525
-0.00806126643312902
0.007178937812773657
-2.902533478725128E-4
0.008512847945572572
-0.02346991080290497
-0.003900327304307745
-0.033029750407810525
0.005437556435456924
0.027208112667383162
0.007653280433192337
0.042360121647429735
-0.03146069968948914
0.013218084747926151
0.010808197258362384
0.012909404018585638
-0.01124735714735635
0.005003583197894699
-0.009330473354519638
-0.0017150848561548622
-0.02973551685319766
-0.0023627376693360676
1.0891675455728875E-4
0.009486607142857144
-0.016466506057818034
-0.03281592736492948
0.037103372531005256
-4.0489888347642645E-4
0.00494631998126107
-0.016370992036855804
-0.013755182441506277
-7.424534297432173E-4
-0.0012640100742656885
0.02131204634075999
-0.019278887165199505
-0.010032318685464264
0.038080795526684474
0.02876838042719899
-0.021909679144503875
0.005056384555249873
-0.024433698896922547
-0.00839517165352514
0.018078024115713867
0.03062370753282899
-0.006328534468095261
-0.003891782352761001
-0.005074337983695325
0.004838187985133389
0.011549529962259393
0.02076980421868091
-0.013458661581733845
0.0014659314249025265
-0.006112709575626268
-0.002946865900932936
-0.005049695797600266
-0.03867926394083287
3.6598745389650016E-4
0.0033317696258001357
0.01289834066859135
-0.012649934189561542
-0.007339013672385742
0.006378534119178617
0.0
-0.0048048487189590455
-7.769461473843969E-4
-0.024702214412363636
-0.007917542896452206
-0.007474558332589959
0.017505506058069987
-0.014064700103183253
0.011865745948046638
0.012033154846617454
0.0029901395427611604
-0.012934938379765514
0.04207156622593342
0.087609493720751
-0.005458047906325231
-0.010762423431861422
-0.011460026275343555
-0.008773368086668096
-0.004844404589082142
8.872714338224949E-4
-0.027451426606781314
0.02249796808252122
-9.614363441031084E-4
-0.01688226489396308
-0.005320422366967038
-0.003102708241458297
-0.013723816400013942
-0.033173376776802745
0.041978578251435764
0.018277520710472978
-0.00644463123167803
0.002175666415348632
-0.0018082660391268192
-9.14989703771003E-4
-0.03664859049388048
0.06221879326895634
-0.026393996478051945
-0.014026135395008682
0.0424317925053797
0.004091381273493875
-0.010113819038892947
-0.02650308552549958
-0.0036134541626264664
-0.009566310502610063
-0.010302714807169064
0.028358798581547336
-0.006548906496937447
-0.00849887440729049
-0.031067048126625956
6.286178408746092E-4
-0.01270117027506504
0.04029199380145347
-0.008481366211332489
0.023550353825054913
0.0019395028953167262
-0.00576965599190429
-0.010326123974720582
-0.015322344598171778
-0.010613965175427374
0.005251913900605147
0.005699683633493786
-0.01269785628777214
0.011213796029112898
-0.0026915558344547314
-0.007927501302994421
-0.022556920453519917
-0.017859871612889443
-0.005995176854888977
0.008867890963215408
-0.013914034757688485
-0.029816400778993706
0.0029804761201135607
-0.010064308355851363
-0.014182146603207178
0.016185298828177576
0.008098736706832739
0.10004941460944075
0.015350175918700276
0.051772053643795404
0.060330050325097855
-0.005904323162594417
-0.005779305567199429
0.016826886237707023
-0.03743585146539139
0.01915048118905599
0.015222257598264717
-0.04867300399366554
-0.01250249276629007
0.026176051903432897
-0.017567577802485447
-0.021053175925298703
-0.009342667303748841
-0.004299420712557759
-0.009661422934543331
-0.017079325663717098
-0.0012143165611244993
-0.003661595243699474
-0.016349008081813318
3.9551151796776186E-4
-0.017577483729858207
-0.038523056677213334
0.01758382273176961
0.06773169888738734
0.013140614694899097
-0.0010532546647127015
-0.015996138301461023
-0.015342240885175107
-0.010894696447325141
-0.011225822698989092
0.005884602311744792
0.005674608157839934
0.006894873208070054
-3.459319227758495E-4
-0.0037927686751137507
0.021921201446281263
0.05623413393297702
-0.06076910842654495
0.006318282577811229
-0.026832865964838117
0.015085292445991494
-0.010150772551224561
-0.025673815321143687
-0.042012146734196426
0.008572947233611006
0.023288341085297176
-0.010471358416454545
-0.01654522645093478
-0.02332244624667434
-0.008771253854273166
-0.002072503666160285
0.0033348324990234157
-0.02314989718562651
0.010121631442873182
-0.006495329293645912
6.196578878898268E-4
-0.06360805390963889
0.04009468864342006
0.03481321182984707
0.01044849785631112
0.021348309482870625
0.07081494251817246
-0.010966970555239361
0.010404378713643112
0.05295672127736011
-0.05129213255631668
-0.017850223853614934
0.03469921453487387
0.018649204529111577
-0.011676085523387043
0.010626499336925676
0.0
0.058165840384841926
-0.026104178996398514
-0.01815665614102695
-0.04844466866644081
0.0963155058717271
-0.04839728524760221
0.014125535074183536
0.0032304327909976824
-0.08049160438769926
0.035142050532231246
-0.0385690595137091
0.13890185481778727
-0.05289596694398888
-0.004958396659109757
-0.013693516307084784
0.0
-0.047197322202495326
0.03896174006168103
0.012154737539801674
-0.006145685381474711
-0.10649243711330275
0.030463332483146692
0.008564102895967998
0.046634197001791715
-0.005514951966863978
-0.0170543143166961
0.00187295174525157
-0.015037180293106899
0.03989703627376087
-0.033887320909132004
0.01717845726807858
0.0
-0.032171129127098734
-0.032891967676018215
0.005501415428236352
-0.04947207335398292
0.13323918774019747
-0.034201816483535166
-0.014463753303380778
-0.0047219109184133
-0.02492926415951676
0.019690608786067744
0.002138340951542219
-0.08474981770243188
-0.03184608044583967
0.04649849150837023
0.02230716315781061
0.0
-0.005546601804689228
-0.007076668387713739
-0.01751483777959437
0.009906335939940579
0.09125628222802934
-0.00506974019645284
0.0
0.0
-0.0027410858884685946
0.0
0.0
0.0
0.0555470975880192
0.0
0.0
0.0
-0.057979099236719796
0.0
0.0
0.0
-0.013513787554713785
0.0
0.0
0.0
-0.05240799067053024
0.0
0.0
0.0
0.07381407135712224
0.0
0.0
0.0
-0.026195806586956145
0.0
0.0
0.0
-0.004023311583258596
0.0
0.0
0.0
0.03641860345573007
0.0
0.0
0.0
0.0
0.0
0.0
0.0
-0.0267492127494414
0.0
0.0
0.0
-0.027111074998449426
0.0
0.0
0.0
-0.0180153409525833
0.0
0.0
0.0
-0.09415609146195791
0.0
0.0
0.0
0.21431853872665124
0.0
0.0
0.0
-0.057205509444443504
0.0
0.0
0.0
0.0
0.0
0.0
0.0
0.0
0.0
0.0
-0.036745814055852026
0.0
0.0
0.0
0.0
0.0
0.0
0.0
0.0
0.0
0.0
0.0
0.0
0.0
0.0
0.0
0.03520507748318377
0.0
0.0
0.0
0.0
0.0
0.0
0.0
0.0
0.0
0.0
0.0
0.0
0.0
0.0
0.0
0.10339442015353373
0.0
0.0
0.0
0.0
0.0
0.0
0.0
0.0
0.0
0.0
0.0
0.0
0.0
0.0
0.0
-0.10185368358086533
0.0
0.0
0.0
0.0
0.0
0.0
0.0
0.0
0.0
0.0
0.0
0.0
0.0
0.0
0.0
0.0
0.0
0.0
0.0
0.0
0.0
0.0
0.0
0.0
0.0
0.0
0.0
0.0
0.0
0.0
0.0
0.0
0.0
0.0
0.0
0.0
0.0
0.0
0.0
0.0
0.0
0.0
-0.07193669558843177
0.07923135757780406
0.06483902309354087
-0.07213368508291326
0.0
0.0
0.0
0.0
0.0
0.0
0.0
0.0
0.0
0.0
0.0
0.0
0.0
0.0
0.0
0.0
0.0
0.0
0.0
0.0
0.0
0.0
0.0
0.0
0.0
0.0
0.0
0.0
0.0
0.0
0.0
0.0
0.0
0.0
0.0
0.0
0.0
0.0
0.0
0.0
-0.014777227107063154
-0.01308933151823979
-0.06277483407971214
0.018704697116583312
0.2189108951885031
-0.08103943652061282
0.003969578057210384
-0.06260967914729638
-0.13654556424635517
0.15358949153101428
0.026662204482333703
0.021132891326548046
-0.05207064385159232
0.0016124718471204995
-0.016550073283075797
-0.005125439795365732
0.0
0.0
0.0
0.0
0.0
0.0
0.0
0.0
0.0
0.0
0.0
0.0
0.0
0.0
0.0
0.0
0.0
0.0
0.0
0.0
0.0
0.0
0.0
0.0
0.0
0.0
0.0
0.0
0.0
0.0
0.0
0.0
-0.004901333736467912
-0.018606624443724955
0.037478913030580485
-0.028748181957450783
0.013845619889317318
-0.02845982142857143
0.04471799843939891
-0.04319312841838458
0.006955268764408301
-0.05194454638876625
-0.006274528963025661
-0.011511027492328517
0.022758138118797663
-0.022459193503346114
0.05258891634416187
-0.03418316384303011
0.09533623744851262
0.11255625116728468
-0.0946233684605126
0.10564177503321845
0.002829018581405404
-0.024719329238713714
-0.08058212787796534
0.021433002014660862
-0.03312485941745503
0.052984061518966466
-0.053212474819294114
0.037322850774993074
-0.025554713085233965
-0.011583836024051827
-0.08862910542660148
0.0631579753885908
-0.010980123040587937
-0.04142486579670973
-0.025429622157625845
-0.058710953251431594
-0.011866882406943191
0.04743303571428572
0.01837435690031644
0.09964898132335528
-0.04629680542209267
-0.010624588177485027
0.08953696544240121
-0.005953367360489754
-0.0027266692920169533
0.04138372788860505
-0.02310346517387621
0.005579297903836152
-0.006479611917668392
-0.0014724857068045202
0.0046679113341029504
-0.048786457561222345
0.018482568411829665
-0.03471637511555647
0.005895599786363783
0.011950678764483533
-0.005853840613135545
-0.016410504416007745
0.0472308210851825
-0.04151654933911503
-0.029498223922486883
0.028110218922774717
0.013961417058354356
-0.01769885185400792
0.06516720731235595
-0.015549521245382678
0.0140897710165882
0.00926771167022685
0.01795870313385888
-0.025136440820943556
0.030246058888747707
0.027983954018382454
0.0054132603245759855
-0.038463884247500996
-0.05085987897045094
0.006004336639920914
-0.008003487999194016
-9.473041861739005E-4
-0.024406744276161636
0.0027537187246432504
0.03235662464870201
0.0046790826029439545
-0.018387786315081568
0.004642403539044801
-0.02514706704504082
0.009172897089287495
-0.0015874307757532055
-0.022900889337049347
-0.018839076389136032
0.041945840911626245
-0.01972984747412071
-0.014971089800255712
3.5218104875479883E-6
0.0360365453863683
-0.0035451266254796637
0.05734459311273888
-8.096770090056417E-4
-0.028406690984053923
-0.032090360837126984
-0.01701350785808839
-0.016724751584146356
-0.029148753903920244
0.04725918980633213
-0.027381261781558086
0.008970260048051557
0.024707484578389338
0.03572993534436461
0.0078731027744584
-0.002822583254194027
-0.016885690922071886
-0.005278833611015584
0.003329014370341263
-0.0030596682493782695
7.916377855531759E-6
-0.006957891358319545
-0.025011824951097834
0.01349766047356794
0.017419959776410844
0.012925173491140305
-0.008391876457137262
-0.018375695177748935
-0.01847745470586694
-0.005919619567518391
-0.0024094677468271585
-0.02808394985220209
0.01599382890868327
-0.011515391781531485
0.0404607703204392
0.06377754423716797
0.007520475216263759
-0.001553870102232291
0.023910337351474627
-0.005765876438036095
-0.03265448915790209
0.001307787783695097
-0.0021566354363940165
0.004027408804875472
-0.03335067001943407
-0.009680646249115417
-0.004342360030265889
-0.007130831467929533
-0.0023640873883089197
-0.018620298743676118
0.0
-0.007870439497368275
-0.003200678715203408
0.009780624550930386
-0.009124961360119064
-0.01532203736581086
-0.015602228004616893
0.018663136468154342
-0.015431208956892052
-0.015045018285730682
0.07008858605827221
0.03829872325332332
-0.004499299615397899
-0.014344386672062896
-0.014688544292105941
0.0027565208402840873
-0.004413663433477502
0.01973931622798707
-0.00540965345544913
-0.03365325483041613
-0.0035076591363792254
-0.010903696205375863
0.004779169544249607
0.026501932725952033
-0.010665419528178118
-0.008631003575231926
-0.019222284684489763
-0.005859778696794802
-0.0070663437112089365
0.014080254308073865
0.002323562245581029
0.0057304513906103315
-0.025637386076968777
-7.228799237253367E-4
0.004228498873553824
-0.029822802860615633
-0.01258931538431544
0.007917009180292558
0.022394010698673805
0.008874751366430261
-0.004988392058590812
-0.018670245587603745
-0.008372061874388157
-0.015216182125400296
-0.0024876067067961666
0.01479873686139936
0.025831728927484678
-0.010282576917447536
0.07354020765672611
0.051001031244968416
0.009923915192201205
0.024602893467329606
-0.010604298860437802
0.018973214285714288
-0.02072808298939984
0.023002226637222196
-0.018108716014371588
0.0011819656083787728
-0.003592557362700681
-0.028226539027219874
-0.024612172460791903
-0.009486607142857144
0.02044169903416444
0.009486607142857144
-0.021753297563503547
-0.020191163058847213
-0.001230553213722986
-0.02384938078137134
0.021196496225011272
-0.02788909300987813
-0.006824954154591223
0.007777561015096166
0.005852949229777586
-0.0026455358230215277
0.015513880789482171
0.017609579835591114
0.024869683542179964
-0.02460304362017258
-0.00398914852568603
-0.005143416345307962
4.939525111115751E-4
0.0027788564073242504
-0.019886532715027654
-0.02833019408238902
0.007119011746401546
0.0042786029224993515
-0.008377248086289486
0.011049830454469573
0.002192384189280779
-0.010024021662969104
0.010422617636416848
0.0034409580386760025
0.003702562169889044
0.004232786629267958
-0.013253853748756563
-0.022862585354938025
0.01348804241075773
0.005276763210997845
-0.010681087562052742
0.013415735269207557
-6.076378886718634E-4
-0.0019595433299193794
0.018546814269297933
0.007092557350871741
-0.012577168797599472
-0.0010793425816351095
-0.005051910766897545
0.009197691846673321
-0.023482341928369888
-0.006885855021071412
0.022611445222019952
-0.005392725067550962
0.03315629301288224
0.03246799313902865
0.009479815942964542
-0.002528903176323285
-5.534181012266061E-4
-0.014123322573910963
-0.008674500423301264
0.008519189415863186
-0.0075956247172531376
-0.004597256206160813
-0.008998817458502142
-0.020573739533074443
0.020008867070514216
-0.005534882935006786
-0.002342799465304527
0.005776191392005775
0.019205062230608694
0.01764781286679416
-0.0171694908236207
-0.0014199864846524864
-0.005655154690104852
-0.011969990432093125
-0.014977643601401318
5.543045397876367E-4
0.00900985853272419
-0.012849495077531557
0.02878110234898303
0.02423998736175979
0.008750580824448417
-0.007651772178706245
-0.011082555169453286
0.007391851001599531
-0.01129807504635269
0.019987199019102606
-0.02642228271639654
-0.0029060120999806482
-0.003225838661972384
0.012337477913250683
-0.003162422428701926
0.034252243596313396
-0.02613526878456135
0.03213285499022119
-0.017779473956411405
0.007993468939729539
-0.02032515927981876
-7.24389218149137E-4
-0.008685371682155288
-0.019554411529920136
0.009441903753131801
-0.02792415251071041
0.018486880960783495
-0.016372462163928556
-0.010932985440977714
-0.01445932452393473
0.015806061619631228
0.01819369903151751
0.006269705854527775
-0.00714074241512297
0.011288624390694856
-0.02218193867224167
-0.005878062928270016
0.0028078579447674743
0.027721731457854847
-0.02081598604293066
0.01567138701155636
0.0040751601961385294
-0.002896643316451418
0.02018510260365452
0.020815233030873376
-0.01397481531435888
-0.005946910335493122
0.012906244498523683
-0.00860959548494089
0.012229809006713992
0.0012723961080892167
0.003938980781325253
-0.040668549821013436
-0.0014463782981205698
-0.0018915243493438537
-0.007978775626327431
-0.009050718620489702
-0.009486607142857144
0.013515098374582965
-0.01351672027068819
-0.018726930577725766
-0.02851276747075454
-0.010176662604380441
0.026875409672958588
8.055155684031203E-4
0.021019867248850126
0.014122165973763718
0.009262407237294665
0.017114996123573225
-0.014855807173644351
-0.012418947207204217
-0.00985349561176824
0.01867692087805429
0.017797906119328452
0.003813103816636399
-0.015654077254319988
0.0015884286097609835
-0.013770188787501709
-0.004976919441922986
0.013450681878088403
0.018587861676100638
0.004548612901115336
-0.005420386370659039
0.0018023286197155434
-0.011452777053998605
0.010932580091867344
0.010788582627112924
0.009683186264505457
-0.028848123296611874
0.005916509913139383
-0.017779149276045837
0.004596461136617355
-0.003837008160805594
0.01586185925724707
9.280630927330823E-4
-0.009874430484349241
-0.0013044867246891582
-0.013320422935940157
-0.002230058296501526
-0.03645585038476862
0.024803976437964816
0.0019165308390356912
0.016800617056408597
-0.0026656353660974817
0.016968765419597336
-0.002084749228182709
0.007249839556697984
-0.011217963500901096
0.024355842258135044
0.0012912040282543578
-0.0170717616960051
0.02581234985401895
-0.013379382587546106
-0.012416120649987705
0.0075023799556460085
-0.005991758087998508
0.00651626499760391
0.0034399020946820937
-0.009828406253906661
0.01625721562232277
-0.010028988560995208
0.006270611642509791
0.0023226755403290573
-0.012182671448354884
-0.03680652804985205
-0.002394047652720809
0.003812099231631179
0.0050857952363680264
-0.02667627610434188
-0.03775920098720206
0.05380564740916685
0.014053020554384928
0.01325843858887173
-0.007782456827164037
0.006160356480984493
0.00395587515712139
0.007145520223931862
0.020559358557737772
-0.006146827623392817
0.008572236122340118
0.0014930991640542367
0.01096691576903306
-0.011545012682851635
0.017122746281016614
-0.008800531952505675
0.009078669736103512
-0.03171317525110992
0.01299355592281548
-0.011811184154242236
-0.010446251664932646
0.0030351479594296696
0.004757425087571374
-0.007548675695542401
0.019265820747396335
-0.0063232171864588994
-0.025882285244656467
0.009486607142857144
-0.0013926243651948972
0.0035114610876300877
-0.011561170875937036
0.022721062280475268
0.009967003927206081
0.002552657735473453
-0.020730546388633364
-0.002603835613733854
-0.006320513872162855
-0.007960807854334652
-0.014304351045515314
0.02633251715256288
0.006758494974388952
0.003034447398312908
0.01030953369949477
0.023908565647264558
0.009317721933440888
-0.01486052543850727
-0.018525681233909186
0.02117095502615089
-5.894349676734238E-4
-0.016230121330094396
-0.0108392989826354
-0.01305182879116911
0.014589996694033368
0.0016487165299637896
0.0038710135808492935
-0.02158070628965207
0.0027665641465701996
0.0039730944399390304
0.0052567536122804515
-0.0035249644194179663
0.0238440276361494
-0.020907239020905004
-0.009190151502285464
-0.015039851172554361
-0.009765988217213042
0.01956052304307557
0.025930351611154208
7.348340584498194E-4
-0.020152556168714468
-0.00331815462691748
0.0023332408691538464
-0.004997658437440296
-0.010740279569716415
4.242692676906662E-4
-0.008830693327717456
-0.01198294434413697
-0.01120432824048701
0.010641118336628657
0.05024153693914776
-0.017530817186113032
-0.00358753290834564
0.0075125821915057135
-0.0014785030246414078
-0.002122274257950123
0.00660401716642289
-0.013369689337929515
-0.0026884872000393027
0.014813843190045467
-0.006705470620118604
-0.004210770328734195
-0.010193079320724644
0.0
-0.015088210343979468
0.022524213383646803
-0.005857934123913406
-0.010171778583581072
0.006690325098836849
-0.014698765652468132
-0.01896664082896875
0.03764124620410029
0.004354992384583212
0.018738572578432977
-0.0042977379647427365
-0.002895453878316318
0.011261410525098728
-0.010335427203570457
-0.010968626097474397
0.002121951707070257
0.0053385120621767465
0.00721608051839084
0.010503191901684854
-0.019836743705044034
-0.008765428712362341
-0.015447150007471658
0.003921840701895815
0.01683325268127131
-0.0031550960722589658
0.01724052808459036
-7.355528453280129E-4
-0.004949222283293761
0.007561492858395039
0.014390526632574455
-0.0069815354168791255
-0.008101273088966555
0.005143295084749838
0.011759135387818344
0.003789039128096819
-0.02329390233980181
-0.008168497581257875
0.01453994353831893
0.0080073230558046
0.002289001066174051
0.008351288319672131
-0.0019807057730261927
0.005492569556831981
-0.03343464401957549
-0.005596497683339902
-0.0171794002391173
0.016296460872209137
-7.731939441472154E-4
0.0076939483956146556
-0.02929379491660484
0.01891382289852931
-0.0011697581255203735
-0.008850828389731913
0.01169933325058027
0.0035745380678671654
-0.011777134153806882
0.007743768080252713
-0.002424586127608821
0.006166363411084664
0.011716431849702317
0.016053285480158472
-0.0026306464592203253
-0.017875010032644894
0.00984882108803175
-0.001018146962419704
0.0056071715517445175
-0.014880904817649462
0.013991325371874416
-0.0058871499657610245
-0.003338351200288879
-0.008306410439521735
0.01674994089079275
-0.013251592911845085
-0.011445652526154685
-0.017750217721234602
0.02778748774387115
0.017127646413685232
0.011454645431153494
0.010147692792432193
-0.009450293456958568
-0.03140021952363194
0.026116849987365826
-0.013006692772548348
0.00253511503948085
-0.003976093730264793
0.004329882924720533
0.0029105859183560442
-0.022793085787601038
0.009486607142857144
-0.012440038544721508
-0.008043318532569226
0.014093055696421823
0.003981730150392493
-0.0228702435334326
0.021275026647260806
0.014771095315900812
0.017686503513560915
-0.028664557995593233
0.0029886230285413066
0.0032780239948398725
0.014798453465851711
0.009594739425313735
-0.004629079453295461
-0.001438964327208466
-0.007072356913874522
-0.010552849030678359
-0.011720289901283544
-9.635829526553827E-4
-0.0030524651609727263
-9.756072706159497E-5
-0.016570250784816186
-0.011951627976262655
0.011392186094428488
-0.01704152796113012
0.019285975878378537
-0.006182858430538231
0.005058083190554423
0.022614221650967947
-0.015466122034433167
-0.005008891421043353
0.007141587678840476
0.008038510506920619
0.01735926474556155
-0.008444302446891403
-0.015410012123528292
0.01237873104669845
-0.01922162023752218
0.02194126873017281
-0.007083470248683962
-0.002202635639216185
0.005609765593486608
0.005065923952214197
-0.0029371985822775524
-0.004970878911295359
-0.00599249235781793
0.00707373225274487
-0.014763865306519946
0.012683663982099856
0.004449064280379651
-0.0012488096652553387
0.006786299337163406
-0.008856829887714898
0.00951112095579309
-0.004793691125664892
0.007393604296004195
-0.020967455200156963
0.005864636505860206
0.008574786615650302
-0.004641982074034815
0.016570651556697957
0.0020751572253988725
-0.01837297829070736
-5.299294136585676E-5
0.011847456893471131
0.017389046827112356
-0.013873068166365228
-0.0022056678161128723
-0.006862597640482378
-0.002575164031565866
0.0022384293238346155
0.007328971597148607
-0.010528256669567963
-0.007457978122842227
-0.011134608413312125
0.003945113825753606
0.01407097500333403
0.010399475567738237
-0.013537892668967773
0.01323626608917705
-0.01801499054614001
0.01072817063488242
-0.001253241621922781
0.026242403775993024
0.0034461305400247957
8.415733607680335E-4
-0.017586863332922132
0.007719687933239118
-7.305359285320022E-4
0.007633289620884418
0.016945523464115313
8.83322188382888E-4
-0.0018747092604808509
-0.024090436969203245
0.00190471611411068
0.001358812384023798
0.013557056638870189
-0.042489390753604084
0.0054063124476021185
-0.005497233312213682
-0.0037732913534624796
-0.013466717632028863
0.01752921489900818
-0.0153300352722592
0.0015721129641510234
0.011243633417631502
2.4357580409728463E-4
-0.00854919094200436
0.00798811751548089
-0.0052542243956578746
0.007860018414269782
-0.02737424648945479
-0.010462001381970934
0.028252744891406452
0.013019863611638965
0.023358018987862085
-0.017774866209794366
0.018178853458461142
0.0015637957483010338
-0.009763501533828114
0.005185585664618025
0.007882658932050958
-0.01935133140447584
0.007441156462044778
0.0018757017719094639
0.005710488757145764
-0.02071653433813362
0.009944547482407525
-0.002668326896085263
-0.0157870755525522
0.005897944730485702
0.0020233176513825
0.024054690551932243
-0.011625105164982701
-0.007340674484199321
0.01100901089342076
-0.017398810559801203
-0.017022192118035705
-0.007242143049689738
-0.0184210634006499
0.02534688827245957
0.01303144576966386
-0.0026736892199396393
0.004501824310280017
0.012163599633863887
0.006405418282043423
-0.008441564755636552
-0.011692335506718988
-0.017460690188989866
0.011303681550949024
0.009486607142857144
0.01591879727518046
-0.005636546849047539
0.010364880985119892
0.016107903403779232
-0.005752734226683306
9.227619614696619E-4
-0.021517627422951678
0.009477571116441309
-6.688306367749561E-4
-0.011523386832222947
0.003943592585627469
-0.013897511547924218
9.975750378620062E-4
0.0248794804786485
-0.03295964563727156
-0.005749570836858751
-0.027232708712737544
-0.016183385412773386
0.036236936272767105
0.004106679456974198
0.0016731454959849883
-0.008419621141676754
6.268668044675761E-4
0.02000018044102133
0.010479991162183153
-0.003128162296893722
-0.0193283350506847
0.015276372456348353
-0.003999882852008564
0.011352559738847648
0.010203521597449826
-0.0028696223139013464
-0.01365376168321816
0.014088764861365746
0.009180530813228331
0.004083080640420606
-0.013114087263526891
0.0017889703945207962
-0.016671902364265877
0.01289480344042788
-0.009486607142857144
0.009486607142857144
0.0037097284069588557
-0.005749570836858751
-0.0016461637992184197
-0.00455549393065504
-0.0013517760404530921
-0.0025149683076378846
0.00766477922003299
-0.04053412092646513
0.0094194053291555
-0.010583220779727481
0.00541814765401484
0.012187767533315425
-0.016890453795647555
0.036746822680219525
0.00924049793758101
-0.03627390420671151
0.018387144901345527
0.002267369774372821
-0.010838575394771628
4.888991553035106E-4
1.5556116851536076E-4
-0.00486538059835068
0.01768875390740566
0.010527108357499999
0.017248273492099113
-0.02573840489284281
-8.516938922846669E-5
0.011303979927963441
-0.0012095133336620682
-0.012158123296747385
0.0075172083620065125
0.019330472303346613
-0.01542943205446383
-0.005330720611499907
0.022943558481887193
0.012648034264065647
-0.0018635725656181447
-0.009470487862238957
0.017191733643526094
9.106415747265773E-4
-0.03059623095976858
0.007337579350177858
-0.018826205687736443
-0.010920430403864497
-0.007236811135701885
0.012217047491736816
-0.0016950562603026895
-0.01528443212497857
0.01584793248445369
-3.3203215899156504E-5
