0.0021081373471533178
-0.004206732104333092
-0.01670893892906672
0.018807533686246613
-0.011656026851245059
0.012907500217627984
-0.012999180461901827
0.011747707095518903
-0.003568768077357211
-0.002162558720279404
-0.012964547850179838
0.018695874647816378
-0.010554986328484941
-0.004243681930423095
-0.0037161491510181955
0.018514817409926193
-0.0017390232037152546
1.3614818790285386E-4
-0.012208645804950636
0.013811520820763161
-0.009335894430049577
9.193646916564775E-4
0.006457973347022334
0.001958556391370829
-0.005054206522903105
0.0068386378928827415
-0.0075743336958196935
0.005789902325840042
-0.004163517742521527
2.548826364672397E-5
-0.006333655220048741
0.010471684698923425
-2.6570145328206132E-5
0.008975963298465447
-0.0016150857896060963
-0.007334307363531084
-0.009088626953697842
-1.946806023059664E-4
0.006366969814910825
0.0029163377410929454
0.005592829052891482
-0.011867860532928534
-0.011363281615734853
0.01763831309577198
0.03938328136787107
-0.05879959523431771
-0.014875321067332482
0.034291634933779055
0.04949854049120875
-0.07664111521054266
0.030127649618143043
-0.0029850748988089317
-0.01881506909480609
-0.0068183893764466015
-0.00940504328915558
0.0350385017604084
-0.03612496747103517
0.03691635898509759
0.1057643055454212
-0.10655569705948365
-0.059498534813053026
0.07329117748018328
0.05885965601441867
-0.07265229868154886
0.022553211385802352
0.0552087275340765
-0.050162716598023925
-0.027599222321855035
-0.014522215983538138
0.022622336743708303
-0.06338593797804998
0.055285817217880014
0.0245949298028163
-0.018264109921534863
-0.04205233435623502
0.03572151447495356
0.018109963678857817
6.024202774648543E-4
-0.0183346547301374
-3.77729226185293E-4
-0.015392711721463084
0.009137761901083775
0.013183700186702816
-0.006928750366323514
0.0083018907729067
-0.004167294446544002
0.0015710885468520196
-0.005705684873214548
-0.003439555705651523
-0.0035956258350474963
0.008492072218211993
-0.0014568906775128
0.0034797373637119704
-3.8231566741160107E-4
0.006350875496642338
-0.009448297192942847
5.538936984355505E-4
-0.0010183418293462105
0.004790346875363091
-0.004325898744452475
0.013911049632791283
-0.011165764070974684
0.0011044345341827428
-0.0038497200959992824
-0.001113484043074757
0.0025250544082650265
-0.002385976510226817
9.744061450365625E-4
0.02183288450073073
-0.01953774272380808
0.0057644537281842005
-0.008059595505106827
0.005411894315679979
-0.0027973494210825275
-0.0022752063407219464
-3.3933855387540887E-4
0.013983213839267516
-0.010867096928350554
-0.004808405756820362
0.0016922888459033605
0.007791801966205476
-0.0069822776600372855
-0.014801420544463078
-0.009180179268687364
-0.0025977004252867716
0.01955789781217892
0.026140809061306697
0.0017319702139495016
0.010295315239366129
-0.0010174294004542716
-0.01267933483804423
0.004185738802626172
-0.003698422623383677
-0.013859603222514765
0.00401664268508776
-0.006795670450695907
-0.019973821129781133
7.955564454361977E-4
0.014960059246714692
-0.0022953193094667054
-0.021621554118596426
0.0025224852798901272
-0.0250582424384221
-0.004722936332854343
0.0023293709054923294
1.149680449752746E-4
-0.0024934134285830457
0.029470254017900578
-0.004651569711788137
0.007040101522403006
0.005304032588384798
0.014073296313961743
0.012197418078770122
-3.344281550911165E-4
-0.009642067439695286
0.017722780219128313
0.02176255014671514
-0.017681405960902077
0.0016181928025551197
0.0021520826815261077
-0.004078657607044928
-0.01555510604337469
-0.02822123534467671
-0.013480935726950154
0.009436150366327018
-0.0013742921677604087
0.023455746012355075
-0.014685730790948358
0.003936615087645161
4.5474311972681924E-4
0.010176984515472678
-0.016482472023122568
0.00974024916609252
0.0034996143018008533
6.442854115435576E-5
-0.004200940513479669
-0.01829812056094717
0.008910465922196789
0.005087866342771238
0.02243107321284487
-0.006138392857142858
0.011746151441247249
-0.010893595612097792
-0.0012271363979158793
-0.011786268882725898
0.006096264137848953
0.0030269251728565903
0.006615093574859986
-0.002035257670292879
-0.009843832868434337
0.009262189256967021
-0.0034495049682051956
7.404291192868451E-4
0.004110630189421228
-0.008803257850759427
0.004645754320080372
-0.002582662932150215
0.013045306387175689
-0.007038506426426828
-0.013659327410746974
0.013445936075016476
-0.0018639650072968025
-0.010668845917146985
0.0063704196183517765
0.005396650051226642
-0.011110366671197821
0.01158119849552759
0.002031109557411398
-4.032366465743578E-4
-0.010765423045053525
0.0067593135100624
0.007174534148159568
0.0068224184667658935
-0.011097946410035914
-0.008223503773653678
0.007459207766065307
-0.003849181741482414
0.0011541043960386467
-0.0018192793746082386
-0.005237735303081634
0.003646925306523538
-0.007118128298749273
-0.013012792331353223
0.008936893846922103
-0.009253715938045888
3.275838103201558E-4
-2.3893141941496669E-4
-0.02914105372139203
0.0031821647830290265
0.003944242161620121
0.021214133397079414
0.01426558996469291
-0.008081088916856709
0.012929547089251767
-0.009900692998382712
0.0
-0.00617180793642398
0.011452161081973944
-0.003834231582157942
0.0021062360099830552
0.0027170830003840542
0.010173026240859086
-0.005936137176212324
0.014928853608699017
-0.0023433724661650543
-0.01567688512416511
0.013916269866605225
-0.004531253601873459
-0.003436013572422291
0.004133416143245545
-0.0037109396234521483
-0.007257066413419648
-0.0022440161660227335
0.018389965692486736
9.143020618255799E-4
0.0012556990275529901
-0.0168255946595411
-0.005563791702596549
-0.0016130855906987904
0.004640578835555088
0.012276785714285716
-0.008248430676350246
-0.0032910452953570143
0.00701046814755168
0.007525568064908876
0.0037149774754863954
-0.012029427752202487
0.0016253919628405368
-0.0026172101864648644
-0.03076270993254436
0.013047002132643995
0.003712751229957744
-0.005506056837841366
0.01385773366110436
-0.01795015379882777
0.013594840814548226
-0.005327554816735004
-0.011553773978011076
0.005719757199880621
0.020786306040976806
-0.015431725097146675
0.00945794918464543
-8.192869542976398E-4
5.936224018495261E-4
-1.2485830487052318E-4
-0.0011332177913349149
0.011339944850209931
-0.006236051558457549
0.0012606641586681195
0.0033122780424996705
-0.009899604620951867
-0.0028923505165402603
0.009029345480610547
0.007231486166121855
-0.003947443972623727
-0.014705299318561729
0.006351690152367754
-0.008481765323307912
0.004184462874885894
0.003024160147533915
-0.0024491216675611373
0.002931132747193088
-0.005132100023238485
-0.005135194041798675
0.017867135224600116
0.006632166493764107
-5.992569748996068E-4
-0.004031651679860439
-0.002088060690550675
-0.0037812680144993453
0.011578229682152882
-0.002174684258965078
-0.005877547715780192
0.005406290028647379
0.005375767810396548
-0.009894990575556083
-0.01466481952317115
0.023986051668447424
0.0035893468312413503
-0.004086001496448163
-0.009739670336229357
0.009334284790931827
-0.004158022584381999
-0.007811783325386859
0.0050125390337699945
0.01115581077251046
-0.004970778337424158
-0.013211463370051966
0.01627522847248376
0.007190711670543493
-0.022841457371641782
-0.008059689096304723
0.005380104297434294
-0.01360260664600508
0.008147578489498077
-0.010499905425126736
0.007980813552774534
-0.0021109042696928516
0.011350694520809411
0.0029485452175499454
-0.0019915815449336547
-0.0103551344028092
0.01994006740744773
-0.013996146802450373
-0.005242963020323297
0.011347924485804618
0.0015177640592756493
-0.010826577638871227
0.009501577726241021
-0.016856700754730506
0.004142693085492469
0.021450816437768604
-0.018010966531393405
-0.012586325695905098
-0.020843372038025373
0.021378563279945834
-0.006683526500245977
-0.0074078992034359225
-0.008289398983998608
0.03369224214138312
0.00130015207007389
-0.002350655364037198
0.011455465145280282
0.0034855538362936083
-0.008544461686207249
-0.0058054757941223036
-3.6530934594570033E-4
-0.001636739676463569
0.01050132754340664
0.016758164822810978
-0.018906320056737203
0.0017063253045723316
0.005467899732050585
-0.013184171417301577
0.02131325471573558
-0.0026801924194829064
0.006736609651199101
-0.012978219579269491
0.005859188700319614
0.006837291034204938
-0.009676615766417108
-0.007586455382103731
0.019214544722750658
0.01964279724672846
0.011568741806672693
0.008077621027606683
-0.01743492031871174
-0.006703902872256932
-0.005364543013398674
-0.0042914024956026715
-0.004606506387377818
-0.011033251578059261
-0.00458397554408826
-0.007276288511944132
-0.006478683293566128
0.01001134816389543
9.970894518910676E-4
0.0024124006880473364
-0.0015028747324905148
-0.014185346933858383
-0.00401365397254826
0.01011060865506643
-0.004916885246068396
0.014334239623836415
-0.006157143403696457
0.018111168205453623
-0.02137313088673816
0.014647275924711123
-0.012017016872412377
0.020923755391799553
-0.008512760901399035
-0.009662473389429741
-0.00883948852751869
-0.005554535547198852
0.019483620829564875
0.0063056228932975395
0.012104135177158859
-0.012466259993802643
-0.021895228798381152
-0.010299666543310248
0.0014229239818741536
0.023121254501950215
0.0029621198135047332
-0.009284647820647841
0.003546293484130261
-0.006034516141347866
1.8481127802197524E-4
0.00410874209983658
0.012283890049268718
-0.019138110813355966
-0.0035331881213015986
-0.0094039853656474
-0.004056761415227046
0.006724815316497599
0.010909193840333793
0.014415897060156202
9.953083902088907E-4
-0.00731719742891338
0.024066365805719206
-0.013940037217616835
0.021820051243653833
-0.02115870275716429
-0.011953714856445063
0.004974277088784242
0.018262482983216553
-0.023819929608116873
-0.0063003961425476505
0.006492573926686027
-0.008983096709245098
-1.2772868842570486E-4
-0.004657647382474022
0.0048210285635212425
0.004111947900960528
0.0160301016164952
0.007978929457716836
-0.01682607106666536
0.009317635582787599
0.008558365128521234
-0.01655763440427173
-0.006553491099813118
-0.02810657881101391
-0.020015307419091577
0.02337212552648449
-0.0051169403509901765
-0.01661559293545023
0.030659542979490573
-0.002740788546626097
0.022358941201109157
-0.02033502319613604
-0.004277079562683653
0.0017069564299804201
0.025264234169359495
-0.015514594611101846
0.006150248340807705
0.019294507380023897
0.005672300486326505
0.010834477748563168
-0.022302504936895083
0.021862924874872652
0.002051887318827333
-3.173590145162685E-4
-1.3921394829509263E-4
-0.0073973456471410435
-0.025483921912875084
0.006188303950359242
0.007848397807090034
-0.006819492620136731
0.004529358131112908
0.010395783116394199
0.013078926725227327
-0.02075221722700591
-0.011825946659627697
0.015781548365380878
0.01686512794966475
-2.52370521597739E-5
-0.0029976164799980767
0.007018288180836104
-0.0052430809382656325
-0.004456210655583678
0.0037298517581211606
-0.01802179153721027
-0.0020816744247121634
0.001111585645264689
-6.187803749550802E-4
0.01829527982421151
3.9951325585945493E-4
0.0073240822516628164
1.734723475976807E-18
-9.111356958944104E-4
-0.017355078211872807
0.016354931683924316
0.008540119661234878
-0.015105097265871835
-0.01007010850326581
-0.002333314890177695
-0.0024605384483834866
-0.006450861710644352
0.021210841289708078
-0.010826461780167445
-0.011666377983226351
-0.0023135723719427837
0.011853377782099451
0.008772095105675826
-0.0015399702296858006
-0.01725219458146956
-0.009325176324187053
0.0024279010391514994
-0.025123144147933672
0.02974969213636243
0.009303519543643366
-0.00903365485753266
0.008889860384176584
0.00912408965802958
-0.013416261928422301
0.0013246114963511042
0.003397465188566726
-0.0017067004881406115
0.012660124880888855
-0.026539430977888218
-0.0033117538932355044
2.4658431121154026E-4
-5.641505931620111E-4
0.007908803756270625
0.017558281930183994
3.459956378446937E-4
-0.00790686541557795
-0.001761404431452512
-0.009929718022639061
0.0011825755996579083
-0.003570501865924917
0.01196945183926961
-0.004155625963126136
-0.004206235780154251
6.923371746475598E-4
-0.01634294906906938
-0.008199715207450466
0.0020827810821225177
0.023424901314386348
-0.002583542771558041
-0.005404394188761397
-0.01666089769462923
0.002254242604147216
0.012305515862073263
0.0060791181412339496
0.0035531271939786696
-0.010614751704502106
-5.817200461392148E-4
0.019992085415514615
1.0907516580013939E-4
0.006652158565853368
-0.004290683952344849
0.0075982214046652116
0.008912074537105664
-0.0028891223043271417
0.010237868016456705
0.009344532844260088
-0.0015054520726663079
-0.0097431123073899
-0.007642111981325556
-0.007895526328237198
-0.010537944513872653
0.009607454095944847
-0.004219087822641913
-0.007901861089802058
-0.004742078919631505
-0.0054169898282476776
0.0023698366121137123
-0.008044732748264442
-0.0016267378283310943
-0.0036844897461645078
0.013716855138499354
-0.01222513137883925
-0.015646397647225307
0.01337744059718722
0.0026958911419186775
0.023681159615907825
0.005172550242402634
-0.009359710727487652
-0.0051318223667839264
0.004889846106592748
-0.0029429029846911904
0.01231393916819714
-1.8062080939348912E-4
-0.010860722560406419
-0.012984889221447077
-0.011359059811636733
0.011975129759094537
0.005949607502936084
0.01821678748089918
-0.006186168075343409
-0.0047287181698162095
-0.008124759552829153
-0.0069068306716927015
0.015663191572377087
-0.0027406992018857244
-0.0034369396444106637
-0.004391524307370301
0.0024106938888604633
-0.007858594210539697
0.017248355370071352
0.013121533822146805
-0.020333290114705263
0.004929169546465134
-0.0041080874630479
-4.2700234933208247E-4
0.0011614496950220349
-0.0024613444469659563
0.00361277861059006
0.007091112314208005
0.007590934729554139
-3.04097437939967E-4
-0.006810402948093328
0.004820573885796351
0.008065345712184237
-0.014392526377544537
-0.01046082426632891
-0.008899958434138008
0.005389997829649651
0.01178274654012726
0.007687015859024394
0.034336698122301994
-0.014258443160677524
0.008927999549387548
-0.038966316871176326
0.003794853059435081
-0.00911241019681042
0.011772589455299305
-5.139108518582647E-4
0.0172336352181452
0.002842123747249051
-0.01919854467897949
0.006544767023059531
-0.02021446748388833
7.798686087422419E-4
0.002635013514660096
-0.021466376616347673
-0.005695282666529253
0.028785668601632723
-0.009015485661160698
0.02678412218657296
-5.474946633524562E-4
0.0015047361439695216
-0.012372433114011082
0.010376113138703054
0.006620822790010767
0.009371712614739385
-0.011912379685838323
-0.003442220307236338
-0.023105025958007827
-0.009992600201424607
0.031618524685560236
8.871138334814663E-5
-0.008066413514747338
-0.01369316594702843
8.55040842258693E-4
0.008768255163328015
0.019285446481071437
-0.023037203444970962
-0.022224065361196962
0.03724947467052801
0.005692491599709809
-0.013228004450822596
0.007899170677451408
-0.005544770455293332
0.009779827636193082
0.006408281604739002
-0.0014350340209111478
0.008748794450367484
-0.00568042641298928
0.004611336628643077
-0.010161971770780352
-0.0011646452741249924
-0.023762450606119763
0.0036948953772571475
0.013858073789943123
-0.007049876136793804
0.024471899428090603
-0.01724006001763441
0.007308725924992503
0.019826958158213427
0.028109253583041706
-0.01619329723384711
-0.0024765764473081717
-0.0023882022785363527
-0.011249040401224271
-0.018285959549116118
-0.0061422834836237575
-0.0019269966309468142
-0.009026500950065533
-0.006435610015857395
-0.019384586220612406
0.021943649180736283
0.006777177729543091
-0.013054042368588703
-0.011617648476022646
-0.02454511112477281
-0.008535873203972392
0.010583695283407392
9.825131317199674E-4
-4.447873694486881E-4
0.002413130993220545
0.0334095684292059
0.024663874330664845
-0.015885323033654836
-0.007830858276022338
-0.027239559938626725
-0.010862389785249513
0.04099095307629093
0.0338387366668545
-4.373322152831354E-4
-0.017670200689399743
-8.366282341355138E-4
-0.005539712227898675
2.9784177557210575E-4
0.023426778512597057
-0.012739511937700648
0.005424228551187371
-0.004695473427623125
-0.003074631017672068
-0.007048541146186983
-0.01479538246760437
0.005395818163171667
-0.009002119629734781
0.013823099138767213
-0.0016168818355408593
-0.013558047563540131
0.014868127085353925
-9.228434152386417E-4
-0.014858573231126077
0.010937756981121115
-0.0016404007487482433
-0.02138876512180151
-0.002923539177586587
0.0031340456555345123
-0.00990693118730537
7.305894793918303E-4
0.014725216186974357
-0.005418939192213465
0.005652427633015987
0.02510309619280212
0.06919078093292139
-0.008820888438984976
0.019084163255000855
-0.015983123759989913
-0.014020023280829845
-0.01814174520768716
-0.003349749201931991
-0.008777964474597414
0.01794668632261673
-0.0036192648752763866
-0.015137247185101607
-0.006301170417314707
-0.008045755355218485
-0.0026014596253724088
-0.0317884957039387
0.03595808606859607
0.026072323623414884
-0.020776247749286422
-0.008089794852765373
0.001968813898681471
0.005260116151351595
-0.02008211766698519
0.0449905224817044
-0.024542524159817336
0.0010079197854611487
0.03292104140670018
0.01074129917013609
-0.02437794591403682
-0.023870855208578637
-0.007293933416673796
-0.01176993020994016
0.005973452127705417
0.01852866891767048
0.004052951378675084
-0.011234748725198775
-0.017682091605549725
-0.01058771417277443
-0.01816243908330798
0.05444300916598116
-0.012130674801897598
0.020068076645147787
0.003357366924021072
-0.012710418151972675
-0.005174996775132527
-0.0025548475441859644
-0.021302445257448864
0.012445670589573712
-0.012718649119335684
0.0028633056428656323
0.00675606024388271
-0.013537563801074865
-0.013009327592391373
-0.020381155610015175
-0.004618698803765845
-0.007984397196953517
-7.140393727913747E-4
-0.024364300971872994
-0.01458380840104334
0.005289576576436296
6.186479389930829E-5
-0.007614685386765425
0.016274513362010516
-0.0012642465918117829
0.09446521620516327
0.01694679357210395
0.05165853134578408
0.051625712643263835
-0.0035759584442794923
-0.017495775306189783
0.009855878119517918
-0.030166256296260654
0.019018028917218932
0.024328503059893133
-0.034355799974434324
-0.016393979675950784
0.012643332466453824
-0.01323999343264637
-0.027782333274094004
-0.005345043102865595
0.0016616407503564478
-0.01799477682052912
-0.01570003580983699
0.002667339455080304
-0.00870130373698207
-0.00874915587874565
0.01585250516119219
-0.026661721426640715
-0.04144662861755198
0.01345105118801645
0.05993632607200171
0.0044027066895878705
0.010309301299194022
-0.01787823663143761
-0.026187705273503933
0.003580067421023333
-0.0056793283251855165
0.01019823011315359
0.007289225758436199
0.010857727469054447
-0.013686801559291556
0.0011499794525883858
0.020285112597112853
0.049671138712779644
-0.053030895708079354
0.003717923234130246
-0.03912969537397154
0.019697520318740336
0.0038974622305990633
-0.02076278170805442
-0.031312407546286176
0.005691685656580002
0.010591255285175861
-0.0025428465673560715
-0.006315793741911843
-0.028396859774074017
-0.004830643411406606
-0.016004477469263298
0.007741287330944448
-0.01851182782115978
0.011851693021994094
-0.00750848201850024
-0.00908175309620709
-0.04503348099422591
0.029246714192816298
0.033568976118030745
0.010428268328809841
0.012910227435912048
0.06677063339937639
-0.010356866081461259
0.009702979232112217
0.04707607575005006
-0.03981478860332866
-0.019128166432447358
0.031848489865983355
0.019271881700056996
0.004939722418878481
0.023177290633226974
0.0
0.05568450456268227
-0.0421078754025847
-0.018415178571428575
-0.06323550639706049
0.08611266642967776
-0.03525668861314838
0.012254997105892953
0.004439807018668375
-0.08364740263600452
0.025853169309832853
-0.01275042269617589
0.1307723448182418
-0.06183251309126105
-0.002454625822037376
0.004063763280373556
0.0
-0.06409133633222255
0.03435890622056748
0.0030615300632755894
-5.475173093444155E-4
-0.0915689383708013
0.02544712323045177
7.150644530256071E-4
0.04493146776784775
3.236518998292852E-4
-0.011981188657163097
-0.020840829967052443
-0.013950138631721651
0.0404526008003526
-0.028292554574189714
-0.0010017082911992136
0.0
-0.012409062636587467
-0.023916462734061818
0.0031383403532550345
-0.046592006903196
0.13062729444154
-0.031076817702535786
-0.00411624340209483
0.0012284383878169757
-0.01830045569753471
0.002876225057704915
0.0077500723486928665
-0.07425100845970325
-0.022530612756563366
0.014177371102499446
0.01155266309185624
0.0
-0.00768529910512316
0.012969573423916705
-0.015229273358774413
0.012569009595453057
0.08828125058733027
-0.012276785714285718
0.0
0.0
-0.0015030479246375284
0.0
0.0
0.0
0.060302692406445334
0.0
0.0
0.0
-0.05454813068365988
0.0
0.0
0.0
-0.02306658289295398
0.0
0.0
0.0
-0.044969346746982844
0.0
0.0
0.0
0.07441968759280017
0.0
0.0
0.0
-0.024638643347414814
0.0
0.0
0.0
-0.011630086874849158
0.0
0.0
0.0
0.03779200871425758
0.0
0.0
0.0
0.0
0.0
0.0
0.0
-0.02850119351125086
0.0
0.0
0.0
-0.018695858492162355
0.0
0.0
0.0
-0.027444581513672378
0.0
0.0
0.0
-0.09780602101414793
0.0
0.0
0.0
0.2134522730877466
0.0
0.0
0.0
-0.0531631687995181
0.0
0.0
0.0
0.0
0.0
0.0
0.0
0.0
0.0
0.0
-0.03612496747103517
0.0
0.0
0.0
0.0
0.0
0.0
0.0
0.0
0.0
0.0
0.0
0.0
0.0
0.0
0.0
0.03691635898509759
0.0
0.0
0.0
0.0
0.0
0.0
0.0
0.0
0.0
0.0
0.0
0.0
0.0
0.0
0.0
0.1057643055454212
0.0
0.0
0.0
0.0
0.0
0.0
0.0
0.0
0.0
0.0
0.0
0.0
0.0
0.0
0.0
-0.10655569705948365
0.0
0.0
0.0
0.0
0.0
0.0
0.0
0.0
0.0
0.0
0.0
0.0
0.0
0.0
0.0
0.0
0.0
0.0
0.0
0.0
0.0
0.0
0.0
0.0
0.0
0.0
0.0
0.0
0.0
0.0
0.0
0.0
0.0
0.0
0.0
0.0
0.0
0.0
0.0
0.0
0.0
0.0
-0.059498534813053026
0.07329117748018328
0.05885965601441867
-0.07265229868154886
0.0
0.0
0.0
0.0
0.0
0.0
0.0
0.0
0.0
0.0
0.0
0.0
0.0
0.0
0.0
0.0
0.0
0.0
0.0
0.0
0.0
0.0
0.0
0.0
0.0
0.0
0.0
0.0
0.0
0.0
0.0
0.0
0.0
0.0
0.0
0.0
0.0
0.0
0.0
0.0
-0.017906480186369728
0.0017435054843493144
-0.0619381293368172
0.0186025692257846
0.22271008955681762
-0.09061865563027852
0.0035116856411253833
-0.062311942087481295
-0.13193932173092449
0.15203637454649638
0.019588168164311748
0.019174435034535038
-0.05031107625372111
-0.007952496866490615
-0.011324441066643749
-0.003064284494693423
0.0
0.0
0.0
0.0
0.0
0.0
0.0
0.0
0.0
0.0
0.0
0.0
0.0
0.0
0.0
0.0
0.0
0.0
0.0
0.0
0.0
0.0
0.0
0.0
0.0
0.0
0.0
0.0
0.0
0.0
0.0
0.0
-0.012276785714285718
-0.006523246273964358
0.013170337516166057
-0.012276785714285714
0.02185788385247048
-0.020915250945469678
0.035662972369122796
-0.03486209979177429
-0.0022826106938815104
-0.02455357142857143
-0.03390327677609988
-0.0011986704382643768
0.0335681893434192
-0.005842795800020237
0.018415178571428575
-0.027538002889042946
0.10126969492491289
0.11050816518503562
-0.09238618359793918
0.10331841304480838
-0.006882523530290464
-0.027469298451382948
-0.0726177593673366
0.016350925718731514
-0.016184422238622844
0.04616976152408663
-0.038086650814859166
0.011612997170520799
-0.03091759303854585
-0.016119979723971632
-0.07228247213725346
0.05700810281228965
-0.006397794713435586
-0.04387064997883388
-0.022862643340875573
-0.058808233697779454
-0.00783022665460478
0.03544550223211314
0.0235453600236017
0.10087573894538633
-0.04946412252593637
-0.011879267057747115
0.0836585550117546
-0.0027269972637593695
-8.832501204450362E-5
0.024680201913889893
-0.01414993174560943
0.008732489878299058
-0.027047892649712083
0.002635467044015632
0.013780235691062593
-0.03967888633908725
0.01120100152142679
-0.03428565657387461
0.015255390787336514
-1.2323260137929882E-4
-7.480272369805863E-4
-0.0216625733577887
0.05371851803103603
-0.04263235850291049
-0.02229866161742716
0.016305528436191957
0.025696431800414303
-0.02276758311387248
0.05635771332813653
-0.00748778434528507
0.007115164405759499
-4.3787154113147236E-4
0.016625432225610796
-0.01824744670142728
0.037235896018409036
0.027135854433660442
0.004414568333413785
-0.042299995548454816
-0.03961666301423858
-0.010796163502306437
-0.004287053943891148
-0.008947546262168135
-0.005542817046244387
0.011331924545959595
0.02721740025393154
0.0023153827107052632
-0.01797417476657169
0.006787526990936897
-0.027235100707848604
0.001355305079216676
-0.006410134255659427
-0.014934773854322727
-0.009267185241558461
0.04640343562733434
-0.019285494309920846
-0.016004792263130632
-0.0015823578104017123
0.03897608513050271
-0.0026019040014830007
0.047449508952346224
-8.106664145699823E-4
-0.01877812500475731
-0.037213958529679146
-0.01187643274641489
-0.01071680713454807
-0.01880279284297566
0.0447212913685745
-0.027127341711071395
0.0051882455835469445
0.023315744046058906
0.020599787355529132
0.016283368466696597
-0.0033964093342655124
-0.006137656267052651
-0.023431189245479163
-0.001979774187616119
-6.469022974337707E-4
-0.003848424993842999
0.005775566762161853
-0.021016629795483438
1.1129373978808685E-4
0.011617832908202749
0.017325981776267388
-0.01003215359816824
-0.010698176333076907
-0.01818300960129634
-0.013781028134914075
3.414205582673189E-4
-0.01667906444401723
4.848861437047429E-4
-0.008968658738746072
0.04059784372673184
0.050060386372484174
0.004431431465566934
0.006193703131781688
0.021432023900231544
-0.007262952974131744
-0.026383599418555666
0.005975295400570546
-1.27694641063265E-4
-0.014080209663806171
-0.010481691755282128
-0.0034851307116023494
-0.01425036999763883
-0.00620570587365364
-0.004160065398864551
-0.020572075001153
0.0043944391815782975
-0.0019571736637376182
-0.010454108175570543
-9.067823510024954E-4
-0.007897117686687133
-0.015843244442848625
-0.008173904378248787
0.017141052210923935
-0.017201004946810053
0.00453581448858317
0.05502714732685217
0.03982160226735153
-0.00651152917519539
-0.02895873022531545
-0.001711861075752422
0.01599315336980956
-0.010280976798643619
0.01872712955720351
0.002987180517423256
-0.022934202132264284
-0.00914265560003711
-0.0054818616308066545
-0.0028550016580706494
0.02360181198911543
-0.00602877417659602
-0.010033721536451863
-0.03505675329475465
-0.004156705076254073
-0.002836218196083819
0.002226205362881163
-0.007405449887513411
-0.005527278535780825
5.30356319939901E-4
0.007425564063558893
0.003570428120560217
-0.031172497032320053
-0.005768380684374654
0.01734066230070724
0.01898604387378982
-0.005801255292786354
-0.006149682136724029
-0.013012890065521003
0.0011246944711178755
-0.02038434025126493
-0.008272033186284587
0.020630691609712457
0.02115792954476733
-0.012121006715261699
0.06773188859820346
0.04008613620716056
0.015949537239234087
0.026663920789880266
-0.008443687906765918
0.01455396043330643
-0.01684927844877554
0.022185364095049342
-0.01935511415160036
0.008359404701873196
-0.0043667626715962835
-0.02194629836922092
-0.03086612204486115
0.004709918118920293
0.03113602884805146
0.002677669574729617
-0.03989974661256873
-0.014031864441582139
0.004790541359757981
-0.02749475107007284
0.02548867740481721
-0.026463022727793772
-0.0071123076516542896
0.011320256557746659
0.003828612240616128
6.696493318744178E-4
0.026206956149983696
0.003235845343314437
0.010804453482650998
-0.018877716305685105
-0.007207225130908134
6.371303547988002E-4
-0.0040593448193989475
0.009134596021389557
-0.02534834087698016
-0.0289074747370323
0.012530212815427056
-0.003485905757208079
0.004531470149702922
-2.851001795658517E-4
0.009852932535004294
-0.005340799477412226
-0.0010056464229600502
-6.652280386315341E-4
0.01880710016723399
4.364017865679873E-4
-0.03126041610852503
-0.017141662558692275
0.016095526325446696
0.0
-0.012276785714285716
0.015388734904421324
-0.015419488316511073
4.4051127218941444E-4
0.024425668967638432
0.0044839217466442274
-0.02146954880383513
-0.01573290123248402
-0.005323489124779103
0.015251004473120762
-0.016421820998243592
-0.0098510796525796
0.012847811337179514
0.007780367300213061
0.05159860831626507
0.02241989077585417
0.001007160381906437
0.01162317940139082
1.3863722781655755E-4
-0.009688181639264866
-0.003937109021569539
0.0015213875835842043
-0.0047811449150236005
-0.006308508345860036
-0.001206559667959295
-0.024681260570673692
0.01784675847168949
-0.002140613668667303
0.0023433143533814964
-0.005063484185487546
0.019016497497740554
0.004802490601417717
-0.015064171606853458
-0.008393625865154903
0.003700850091084649
0.003143187444605419
-0.013375222276263305
0.006608832741162602
0.008618755107406817
-0.01039636064762232
0.022046316552877986
0.017839114062511693
0.008215372252107014
-0.0011768035556543287
-0.02582093876740412
0.005170996520417533
-0.0053163723771741545
0.01193989422702989
0.0010161884740589426
-0.011370180015841759
-0.013630549361395714
-0.009891740052882595
-0.007941052119963935
0.04970725836746938
-0.016363408263974574
0.020108290429702934
-0.0034739422298377693
-1.0532165702076789E-4
-0.020653703134261653
-0.01216536685882741
-0.007195563259683624
-0.0025246342326598926
0.00420917495795119
-0.01595780137496986
0.016471164846198833
-0.01795744666686254
-0.006138392857142858
0.006823643852353793
0.011182257696865976
-0.003276890385951206
-0.009212812217470733
-0.003138999043821273
-0.005331435924252639
0.0024948541106127224
-7.091447148960001E-5
0.009928868629512755
0.025112298121954
-0.0200216906606447
0.008715567118922022
1.4572245282565418E-4
-4.6211297335804237E-4
0.010861037652954937
0.012659827096909363
0.009344842854240967
-0.0064904200066524444
0.01194242276566753
-0.011366503517945293
-0.0017819416729471542
0.006489259710609773
-0.00945589827787912
-0.021349492906251884
0.003245115073218655
0.00533151763844713
-0.016058150581858457
-0.008447937029444692
5.464893512973682E-4
0.007862954074505326
-0.008235353458127214
-0.009787180362863739
-0.019435413573192187
-0.007626119029913253
0.01286336030804227
1.2704657413237404E-4
0.01770941455282759
0.011232022075666745
0.01469835831683002
0.010920793360940635
-0.009327328533230574
-0.01317510452217348
-4.592034675417046E-4
0.0012230262338836489
0.009440921696022632
9.458178754918421E-4
-0.0025908055211854974
-0.007531511657929668
-0.019400577968157244
-0.008265617826677875
0.019868900172723906
0.01983167435293949
0.007494691882444719
-0.015531463180529089
-0.005335364113081737
0.008919521356596054
0.004449208655798696
-0.008976783762874294
0.029182145390185654
-0.0193170571650648
0.007587392346415382
-0.0029069230305714885
-0.01158253775591729
0.0013481529864371004
0.0035338407515540862
-0.004126760993148718
-0.006056243924197634
0.0010882746140400022
-0.015112297022485207
0.010087700543252153
-0.01709648833175404
-3.177277473875237E-4
-0.0018796365522849015
0.022016407572878205
-0.014054106956649791
0.02054220313349615
0.005043473228011037
-0.0056356071432360055
8.847099806522183E-5
0.018224188763720776
-5.626869373376647E-4
-0.02435231459889476
0.032140687154270355
-0.0017859496719702843
-6.710111337804026E-4
-0.0017216243022403752
-0.01836123593167298
0.009206212285418704
0.002237222315080412
-0.0158138228074371
0.007796555695708421
0.0024693328592013276
0.01075768298019262
0.004831649172004068
-0.005867924667872699
-0.03567871541987834
-0.006644111669997424
-0.00522619986599463
0.005426884612353891
-0.02006549093275413
-0.03702281340863555
0.04553047784149973
0.01313732193220066
0.016973452957171224
0.0059600762131277185
0.0029365031465721173
-0.011351926982630932
0.012135839646097686
0.012213374506484746
0.008508893131014642
0.004297065681916631
-0.01670946557957606
0.020524782780749533
-0.01776521195238124
0.003034973635132632
0.006482974685498656
0.01711074521603073
-0.029475687022436317
0.0037151629145960098
-0.008539613514075286
-0.011525023173806822
-0.0033499887622277847
0.016632229643978848
-0.003584123644046972
0.005018538964246861
0.00747377100233426
-0.022320540217705305
0.006315588894626063
-0.01699150936136276
0.01473989159669179
7.733635491566004E-4
0.006674291141791921
0.013090997182477339
0.017237610048709034
-0.020643608316060914
-0.011074314530989764
-0.0150600003377684
0.0016993448486110445
-0.0021466042047940635
0.009507494866821667
-9.827757415732047E-4
-0.011063901153152365
0.022010520716933255
0.023069225856727563
-0.007751473235163358
0.006555939150032154
0.004226083448196893
0.01214815679905127
0.0032091707762901354
-0.013623745781551018
-0.006266964296055979
-0.007121388904279302
0.0025522626260933955
-0.005435456660822263
-0.015706414465093035
-0.00925879484128566
0.0034358167750427717
0.0023591810575380135
-0.004196584838102703
-0.005271938182426401
0.013134329717792796
-0.03498208454548817
-0.006904715577187803
-0.0038513644156956493
0.004273308668308232
0.02413054418287485
0.01594204205741377
-0.0029699859576833906
-0.00464735969196442
0.0010144883086721452
-2.5200551438840126E-4
-0.00480929787975315
-0.008669248343365315
0.015753709559452763
-0.008202503680696124
-0.006374039679299214
0.002464588834038514
0.015680018837927735
0.025678103170109715
-0.012251934276543891
4.1565025594768063E-4
-0.011627905649824187
-0.012233273192534758
0.001293169185474034
3.1474194852959547E-4
-0.0015537840165702045
0.006183562960897811
0.0016212163046676643
-0.004965320447318124
-0.012655897777694216
-0.006904899615497617
0.006138392857142858
-0.01996002804147963
0.016183366339009582
-0.001387557616392328
-0.009363744255619349
-3.4023209922797587E-4
0.006623156616865702
-0.005582213366015768
0.01022954300064038
0.01807046169648447
0.0016240297033833194
-0.001612833316223826
0.0024468856444297424
0.01155725491429914
-0.01516588516198647
-0.01949425199203471
0.011921354482508162
-3.566410049179159E-4
-3.39168296018137E-4
0.013699409009745854
-0.018610508022665603
-0.01120730812501145
0.00983043101781406
-0.010756999329434263
0.014840409019268473
-0.004499816039412084
0.009539700624643323
0.012492459027651228
2.9297239262340152E-5
-0.015624289978904431
-1.8476387123357845E-4
0.004315368101286299
-6.188969759599702E-4
0.008390747328426946
0.011505605619688943
2.444679704182561E-4
-0.01670358113705285
0.011829561514014462
0.009355815520193354
0.005571041006781575
-0.005144504616262903
0.008980688933782888
-0.005446760916066946
0.004195934002764217
-0.021048748169287774
0.007205853419455097
-3.935294426394662E-4
0.007917393066847325
-0.0071718194423449075
0.006555965880863126
-0.027167203285697883
0.01381652613522519
0.012296760637974927
-0.02158476688100011
0.008316430020538616
0.00134049716306648
0.0037874309002022856
-0.005555145671447699
0.005251657550497699
-0.009454019855252627
0.011188845300354343
0.023053755055645768
-0.007306515220394264
0.001417216551094603
-8.743498072030656E-4
-0.0015854413174421593
0.010075348197389969
-0.011151750859198185
-0.001688878686086616
0.005510569500224735
-0.018514664030389906
-8.70421364351762E-4
0.0024868255597094765
-0.00875993789578505
-5.222623973140481E-4
-0.01217843410042675
0.011460643621584441
0.02057586251710048
0.012585402941395298
0.008405359168210532
-0.015374051216210728
-0.027584386993555834
0.024555172431850868
-0.01015748221276634
-0.009863996921782466
0.00969799391759394
0.006328452572497716
-0.004314657926843867
-0.017556062836054258
0.0039965179380617
-0.01675413251078197
-0.009917587081557417
0.02593148991127791
7.055248817648585E-4
-0.01200939810048169
0.007931415660044502
0.016377088445602324
0.01288142108442963
-0.021945509763503974
4.820850414275803E-5
0.0030904624102944716
-0.006381987480923687
0.010806035738775803
0.012300762161581602
-1.1615816324260248E-4
-0.003018222717634789
7.277444327978859E-4
-0.014005562940955186
-0.008410165982038037
-0.01362323719716628
0.005662722073358935
0.007174304592278989
-0.014665733460244
0.02571560241223847
-0.023916465488468153
0.013599252937915666
-0.006410377333529845
-0.001358069750017842
0.010291292142398198
-0.014127589091919746
4.7848417560142006E-4
0.004455188205687869
0.009016811782814084
0.003978918055248725
-0.0014807571808333518
-0.011490311671864414
-0.010955789134199324
-0.010823007739092843
0.023434897872294642
-0.018259632936779943
0.018149943972374034
0.006171124206140258
0.002760899620025679
0.011273258187079957
-0.011048705321778433
-0.012105764384563017
0.006937150593997554
-0.008699004439088795
0.0010314766392158425
0.013456329581908486
-0.004158763790122182
-0.0030937633739750014
-0.003748027436031946
0.00530965983665322
-0.002300030496811627
0.006676571036568869
-0.01360043168997403
-0.0028606819552906785
0.005067480388769053
0.007462714065127581
0.016084457153772637
0.001702240973207897
-0.012561340510666942
0.006138392857142858
-0.00548516295260605
0.010928893028850549
-0.001809921291945113
-0.0038718488780632426
0.007978044985441773
-0.0130667059873211
0.0017135134462748745
0.025271658506601083
-0.01536296836787847
-0.012326191236317114
-7.393577501527571E-4
-0.003102511399551698
0.008931437084625612
0.003530917460952263
3.0126028940618155E-4
0.010187611230430516
-0.008486861790405835
0.004027391425854734
-0.01615115309087158
0.027837424693296697
-0.005644349350051142
0.010807569102309256
-0.019769449571822494
0.004638490841836035
-0.009553756291173882
0.014142650981971054
0.007149689599260082
-0.002658640547664586
0.006500867154542452
-0.023127473567236746
0.0010379977186138556
0.0011822764935533413
0.013213136611535605
-0.025769595637334414
0.0011175963025475792
-0.018959067959598376
0.002694753951843811
-0.009412903514709723
0.02241169650949027
-0.008911049189792894
-0.005499438020053059
0.016415536864573234
-0.007983149310681436
-0.0039285357974966194
-0.008325411572137724
0.0025674579872705054
0.003198586997008448
-0.023036838077683884
7.659678047421663E-4
0.022895687964751263
0.011256985266474796
0.006023043274351562
-0.004940912784138555
0.003919871493489679
-0.00308925750204256
-0.007749087545086623
0.010301733890745282
0.0164946880836409
-0.01776691227809704
0.006030787933543658
0.01863116645675171
0.0013595461920125774
-0.03238388114537631
-0.002174154056796757
-0.005495348494373442
-0.006568828374259784
0.016294060812561014
0.013180374908783534
0.02477260696110633
-0.005905946212784222
-0.004371364461892561
0.009117925609649418
-0.016573369592601625
-0.004357285150059887
-0.032203865236067365
-0.01465385710078322
0.0143656400291813
0.009419400357637163
0.006240131368901241
-0.008265633472468833
0.009661616283474592
-0.0012440721464784237
0.0033427522626675987
0.001589183741296611
-0.012206061130223099
-0.010025274862087402
0.018415178571428575
0.0027014087906063
-0.02103835783666729
0.02497622387882041
0.016552074988043543
0.0011011107400331881
-0.006141974482938334
-0.02970300597176591
0.019417012568864973
0.007251067798283903
-0.005994051472876381
0.004728324823461242
-0.014008836654507223
-4.036487909527429E-4
0.012344006815701644
-0.017468915521306073
0.0
-0.019526548553263766
0.006599906250974329
0.007058957372252601
0.005874764603302734
0.0015703477467682565
-0.02323557567562383
0.005814346819640296
0.02793325789133741
0.009619573291715413
-0.0038483746395751653
-7.732371229351078E-4
-0.010584454342999448
-0.009266955332082338
0.015060082526450145
0.007654709645304785
0.006941116293806374
-0.011393616254370931
0.01084907956190301
0.015625388578513966
0.004888787976400281
-0.013267035436557089
-4.2620605154912114E-4
-0.0223949956729148
0.006607972058332986
-0.0010606715913771148
-5.183896861790478E-4
0.014892042010664035
-0.00235842412561442
0.00309762770800062
-0.009928111149821369
-0.004039553752918505
-0.004586264503355425
0.012814716406382659
-0.026303261776263465
0.0062259863941667905
-0.0134475283118353
0.02001567295183527
0.021716117922206214
-0.0022209097986919286
0.004661703109304487
-0.013356715941615308
-0.01710652840568993
0.01657940557961314
-0.01366009915512602
-0.004629106058967117
0.009138419694680731
-0.0029168436090627374
-0.00754408070708899
0.01974429879040989
0.0032821628399783004
2.610374054231191E-4
-0.019668242708440448
-6.681512421350773E-4
-0.013951048412906529
0.009578247211294444
-0.008068760158728705
0.01180522882170416
0.017777807030789242
-0.017994739385867542
0.009618224217101458
0.0075537504670148345
0.0035684036399625373
-0.001637828194458661
-0.0030534723517849868
0.01655820465483382
-0.005274451065657545
-0.025497459576759987
0.008537547664233303
-0.021538575325853522
7.131642811332274E-4
-0.015570215794680166
0.032537814019188385
-0.002425458777955202
-0.01946433787738697
0.016647323203553728
2.85995529510385E-4
