-0.006904802045661851
0.007366653037869217
-0.016000758978320352
0.015538907986112918
-0.011818261250833635
0.01514760505146057
-0.013262970546800236
0.009933626746173325
-1.8079098745924036E-5
-2.878803481913411E-4
-0.01246435229486834
0.012770311741805488
-0.013210664040278628
-0.007015143990673886
-0.002497079072452023
0.0227228871034044
-0.0026363691181855164
-0.002642085031334576
-0.004392537437026637
0.009670991586546742
-0.009220520822182783
8.933838581057993E-4
0.006229860866749173
0.002097276097327832
4.7008869892544575E-6
-6.224735781834648E-4
-0.005705337188359121
0.006323109879553252
-0.004833652756997573
-7.805564684748223E-4
-0.0030884236437237478
0.008702632869196154
0.0021116866187143937
0.007072557000570788
-0.005316947477359928
-0.003867296141925385
-0.009059574199498651
0.0035916603429408146
9.84896003868592E-4
0.004483017852689338
0.005867032894047733
-0.017342142609990292
-0.0036461357158727656
0.015121245431815377
0.040337282837896726
-0.060545896161379446
-0.01918397880116448
0.03939259212464712
0.04756427940781659
-0.07308531973122365
0.027859768308530958
-0.0023387279851238684
-0.015916146208069436
-0.0025110710976626004
-0.015553027431321824
0.033980244737053834
-0.036484429964280016
0.03605830381123051
0.10732013152676981
-0.10689400537372024
-0.06367178933061121
0.07490695513384074
0.060642004384043414
-0.07187717018727319
0.022563052566333196
0.05361420272407672
-0.048308023869930355
-0.0278692314204795
-0.009568696572493894
0.021562811318301296
-0.06588259690376946
0.05388848215796225
0.02051943904500699
-0.023829541405652084
-0.041313437376348884
0.04462353973699383
0.024712084338976488
-0.008361922218370055
-0.012306188863854364
-0.004043973256752001
-0.015413765880056565
0.013029692088242822
0.00771276172278626
-0.005328687930972617
0.0027842467442219312
-0.0029414667242952802
0.0011881912495541294
-0.0010309712694806447
-0.007397732576454116
-0.00321670415432855
0.007471023009011733
0.003143413721770849
-0.0032248697775402128
0.0031926210973527176
0.005223125002148436
-0.005190876321960936
-0.0030953161014925998
-0.004654290875239645
0.008087116647945527
-3.375096712133329E-4
0.015987047873821512
-0.01663710831744041
3.36283598974689E-4
3.1377684464429026E-4
-0.0012164042787788862
0.00927039114960454
-0.0030812714071297084
-0.0049727154636958724
0.014694387650481505
-0.01617187251387301
0.008445412775121862
-0.006967927911730246
0.02087143906276106
-0.011872581758876313
-0.0026587700590301974
-0.006340087244854527
0.0225886471297631
-0.007919569737054391
-0.007117162758036012
-0.007551914634672552
-0.002738998801763197
-0.023542493251155153
-0.003649214261380625
-5.602752003751703E-4
-0.0033145991901097904
0.021309676360591716
0.024103803819575012
0.007153560781757955
0.007526564015134154
0.0012696186373997278
-0.013251066444553417
-0.012759334061892072
0.0
0.005261451468910025
-0.008772902213764155
-0.004940593704036839
-0.025752658764072865
0.006724332083329101
0.012974812833805216
0.0015935967262641747
-0.009704689772423338
-0.011709243921134503
-0.008073516621895665
0.00674524041565849
-0.0030642478679659014
0.0014213092435672661
0.004035811154579594
0.026804844946919225
0.008719791867096774
-0.008357414775332406
0.011242892027737757
-0.006234206538263686
0.00797513854179393
0.011612777179241047
-0.01336242348604148
-0.009152895654245208
0.007462847514461746
-0.012443566195627103
-3.9443240943389034E-4
0.006304311670507413
-9.842627045839117E-4
-0.00386441533593879
-0.025782142193406316
-0.0024674245925997863
0.007539341826806105
-0.009168910885807877
0.018719387672942348
0.0020059100736114777
0.022831054709463755
-4.922633941805282E-4
0.020678724555401082
-0.016957475066917728
-0.00390501809791384
0.011121672555489157
-0.006567279559268608
-0.012941162298774223
-0.007924769418302377
-0.0010920582418700187
-0.006005765584143596
0.022874367900856063
-0.004683572956367123
0.011661648124327096
-0.018361041585021574
0.0053018463433354285
0.018680055760617743
-0.010315584858414509
-0.007752135250184966
0.0017022000334033522
0.004824667231077379
0.0027275875742272648
0.008266001957854896
-0.02151590414592508
0.01346649513722684
-0.0015423060523474547
-0.0016913392249492884
0.006409049781854092
-0.009486607142857144
0.008472735273542163
-0.009861484283993804
-0.014201693041965124
-0.009922593064435095
0.004416732790337248
-0.02159792854401024
0.017642329272122864
-0.012962532665268443
-0.016814545122252368
0.01664466764804335
0.02141094893879675
0.010087303501135576
0.011294594072768586
-0.014754331619518949
0.0024410092745916438
-0.0014964360059979594
-0.007697186814118673
0.013140230582595287
0.0033153428066709702
-0.002996812416197997
0.014580504867655362
-0.005247163963147953
-0.010783244464027446
0.013309561557540636
-0.01672705517242786
-0.015105990628173794
0.01625793854621922
-0.033938564720748486
-0.00534515077494378
0.006945032936616266
-0.00866448050844771
-0.004232209120901276
-0.0034706012600726997
0.02873231893669699
0.01342294563756042
-0.0033562348006722534
0.005014485270944278
0.007853812348802176
0.002063497918461555
0.009050470873059071
-0.002304179274517218
0.001288879620040092
-0.008638397286485106
-0.0038636865051450316
0.002005382907026605
-0.014184290665991714
0.01887093016600451
-3.7354165871217315E-4
0.008689442581919471
0.004826641076869592
-0.017009585825430513
0.018513206765604407
0.008147355810356152
-0.01198866605064244
-0.01226748104600573
-0.006657614645250675
0.004282094753076198
0.0076850244572451275
0.008386633505451723
-0.044407665776665994
0.002301880603971391
0.0015117617330791429
0.013850608031074473
0.009486607142857144
-0.007828900403201935
0.014617312658528617
-0.005650236638223498
0.0035552004252980413
0.007761798290466158
7.499058766118807E-4
0.002155262404032564
-0.004251530553076029
-0.021753101146228214
4.5975853629514046E-4
-0.0075733188319610355
-0.019682221974446357
0.016058843562470095
-0.0014934272158379277
0.01621036422557872
-0.009552263062792185
-0.01733548941386759
0.005995482813058311
0.028406855716207248
-0.011015555634264346
0.006768880857163602
-0.01477220747736527
0.004770429666934915
0.008339525527531779
-0.014059813832772473
0.0028844663629234678
0.009248342094821164
0.01690850439982829
-0.009376791161740406
-0.018327413780983588
-0.012889228030947978
0.012438864345515154
0.011718414640045985
7.395215102816394E-4
-0.005840291781840243
0.002614504947529449
-0.006993933646547377
-1.4316597244903168E-5
-0.011195048632205721
0.012110832241423463
0.0024944792933319776
0.0010074641829537698
-0.009618385936438954
0.014268387641546944
0.014914023552647322
0.0010511110569111758
0.006604184061062547
-0.005305150908824604
2.5817320949457837E-4
0.005501684497159223
-0.014927697220993436
0.005292260739296712
0.014923301145054954
-0.010013951420632609
0.0034657460404484957
-0.007530482940856375
0.013766235875010462
0.0032777494012266803
0.006170598976057769
-0.012152094058447227
0.003252635473576926
-0.010440934481098917
-0.00668489118267151
8.055625679500786E-5
-0.003351075683038085
0.008973811001428005
-0.0222401291824289
0.028676715102381848
-0.013278083707045411
-2.8070496738984325E-4
-0.005576713857318058
-0.00725696973451202
-0.007014713386021354
0.007352869406346098
-0.02211752721840527
0.0018197090251710363
0.0240819060631859
-0.009829850023044396
-0.004035051525895041
0.008224759376157745
-0.01208609273236848
0.0018064140146661165
0.002498190173417526
-0.025125731969051025
0.014316546201932203
-0.006620517930600228
-0.01548329201201808
0.003844493307151725
-0.007495607026148242
-0.0015365744916827698
0.029085644768027684
-0.016740628950144498
-0.0028587598053142317
-0.022000886798066194
0.024342307346693716
-0.0013775717204560396
7.74701085482664E-4
1.498977722367706E-4
0.024228901149504375
-0.003395313580219359
0.011568529454103187
0.0015560596758918458
-0.0026612180330201633
-0.0057035932401845145
-0.01439942767224164
0.005125276136692494
0.0017899428082046934
0.01926685682504742
0.014226336797240516
0.0052501938285568935
-0.011889385971817044
0.0028565147396867525
-0.035533048225303565
0.03346100974221927
0.0012041538185476111
0.013536083633611426
-0.018055637594193957
0.01593263899382657
-0.005965154740835862
-0.009431068456410303
-0.00861665490615511
0.021035223619652602
0.024542792836957775
-0.00759936769490137
0.020307232477949615
-0.009292569797281963
-0.01877440962849711
-0.006983769512585482
-0.001212487810119455
0.007366007550354109
-0.01942522808955698
-0.018134877473465334
-0.007702917051124775
0.004961522902453112
0.00422971901373582
-0.005984251047168033
-4.6951065117601374E-4
0.012430540102304665
-0.021120290613361403
-0.006133743394842476
0.014209979727715805
-0.015186605086450934
0.021329689206160105
0.010307355113675774
0.01493784582285022
-0.027414853926753007
0.01709831232411188
-0.01650322083303467
0.01551641427419365
-0.01375229211092727
0.0069329415113950224
-0.0020389581029514603
-0.010774771850271566
0.03580281796629843
0.0157130305156137
0.002389306946503937
-0.014344321440216808
-0.020803188940307624
-0.0042632740396321206
0.00222206897562717
0.016164620602290115
-0.009569138601712622
-0.007084572309894543
0.007113191512958847
-0.0012618477666993984
0.0014383575219482775
0.002494557383975739
0.01438058900802844
-0.003918132144952056
-0.03284198748767142
-0.027815984930632427
0.013378755069085632
6.834200119814823E-4
0.00820150866417959
0.02212744878530345
0.009486607142857144
-0.01608570528025511
0.015986681441728375
-0.0036964673452897995
0.019966309896719485
-0.024907162190420842
-0.004583350403886875
-0.004464620462341501
0.030333614975497882
-0.021721740134193562
-0.01681872520902677
-0.0032971377701020268
0.00550832544677257
0.0030837943057360805
0.00994780217060251
-0.009959694615810477
0.003568567137183118
0.010484933652621969
0.004485844196923199
-0.01084728181845757
0.012113990859552112
0.00397916866848675
-0.023227643153308313
0.004060795026768089
-0.013180568214430664
-0.016488195278267514
0.020277550429683336
-0.014387856489539936
-0.002257724658435482
0.029201362181038398
-0.015000667642526597
0.024483624320507894
-0.0052051207010104395
-0.004108173415966358
-0.014963083283627143
0.015595925209181596
-0.020733467323627942
0.025553011307739973
0.003583198801169834
-0.006367791859436145
-2.2415446447807824E-4
-0.010925544905616286
0.02236591311917393
0.009640097028350544
-0.012259923203391067
-0.009149858131121066
-0.005535046181145768
-0.01013602764420305
-0.0066048025397098566
2.804107568712341E-4
0.01192721530880229
0.014816630797370653
0.013526885326633736
0.008103402178263257
4.3827917010059655E-5
-0.006641853702332447
-0.005652993278128383
0.019781616581411525
-0.0011539784220203943
8.296284535030279E-4
0.0019617895394431475
-0.012048918713804233
-0.002932252142379098
-6.119222196429523E-4
-0.0256943815555877
-0.0018986633312542151
0.008494970850832062
0.005990118615380416
0.031039955706000467
-0.009009177258848481
-0.004584140676225138
0.007427080988350543
-0.016849065922370805
-0.014190665724912198
0.017379233374216298
0.026388918237135843
-0.017577661291938974
0.005256411218675662
0.010553168738174828
-0.0224158855039268
-0.01849640911152921
-3.4184355354608493E-4
0.002042413455076288
0.003382368212657005
0.0012445694357987314
0.007798989472821855
-0.004264284641179929
0.0064966247510201145
-0.015665600559712754
-0.012145908396716296
0.014647207603655092
-0.016189562383891885
0.0271824655982952
0.0218143295339396
-0.006734427169296115
-0.01759160804512857
-3.0529030348515687E-4
-0.00527764828002864
0.0043251118092106095
-0.005957442003485206
-0.003740801322920169
0.020290323767788148
-0.03957694290369058
0.015979887583211783
0.0031606531550771944
-0.009776843488319715
0.017300896300058023
4.016736750336869E-4
0.008952025302442481
-0.024525931163786274
0.0064761326510267975
-0.004422390585131962
0.01693840839840602
-0.01393765268763298
0.001244618547356871
-4.693944172784511E-4
-0.00886655730357239
0.0013393276733605656
-0.014482262447755887
-0.011926245581157166
-8.674503080715167E-4
0.029669507607969322
-0.008719955501314106
-0.015323594136311063
-0.015501655396631207
0.01039303719991735
0.006095005735307857
0.008958559534336427
0.011464100542926573
-2.836989201109802E-4
-0.007018722351980811
0.02139371353264031
0.006892815748483921
0.010385141496534163
-0.00533169780499854
0.007730907075287095
-0.005619117206540503
-0.01323621957677535
0.015193495944513847
0.02408130449392409
-0.014466150195707874
-0.0036072568280924294
-0.02868351471135805
-0.016150708933693195
0.0028966357830379538
0.013337540193520984
-0.00433982562329783
0.006082997388164164
-0.016167402563244733
0.007173156142971942
-0.01353272421118161
-0.007694493003623487
0.002885550926667882
3.526287201926336E-4
0.02044222454793683
-0.030124314196776223
0.0025605984736213868
0.019372134486194553
0.002550585935897196
0.01612406288090218
0.010925066813704962
-0.007755014548097256
-0.0031854713495811614
-0.004707145524059959
-0.0063297520471792094
0.008191659567768222
0.00258386705787035
-0.001390600366291867
0.006888987290106309
-0.024865292002948368
0.020142110425300536
0.010772041076287875
0.02289099256136261
0.007808130942373183
-0.011598602067573386
-0.002710641480949055
-0.03004996446700215
0.005944211187611026
-0.008364074679105582
-0.0030014966413541913
-0.002865577238924455
0.0
0.009908845663768841
0.0025575411014738484
0.008478923782076807
-0.012890518942613003
0.003500886272832942
-0.01893013455361543
-0.00527977105664984
-0.009727759631286019
0.006425381061010946
0.00917557108658786
0.007298589196688328
0.00310911913558661
-0.004726590458166895
0.012668127450425618
-0.008950580782283477
0.028858906660581756
-0.02834834142421685
-0.01002990055494591
0.01352114673905765
-0.008349696953518587
0.01827811696320112
0.0023003904585341484
0.038175951294600635
-0.00750506372996387
-3.7572049664114614E-4
-0.036666876362536564
-0.006268681650482902
-0.0067550661238012615
0.016792581622481987
-0.002565479041352235
0.01684671972652936
-0.01619172617310005
-0.011092977981093642
0.02307232921997483
-0.03664898306088447
0.013523190224518138
-0.015140411492665474
-0.012373197473112295
-0.0033363572466495106
0.034347443789578096
-0.009030203125392242
0.03729783377304781
-0.013576348514224724
0.0012043762947834252
-0.01719078912650208
0.015361658165763695
0.00984913118560151
0.009699940533413769
-0.004113128357608107
-0.009730273578780892
-0.021276892482116946
-0.007808600840494376
0.03765917011028873
0.005271572181511879
-0.007437284299546302
-0.031607564991479445
0.01957714238973675
-0.01183844288073433
0.01938946634014594
-0.024628091400448186
-0.018504862900952938
0.030181771514102975
0.026409821862577256
-0.02109055612056005
-0.001161189408240202
-0.013087749007347911
0.010810470260440628
0.006497188580039746
-0.003136825983310317
4.6502311145130495E-4
-0.01938477515086496
0.01327600625304254
-0.012555622069495648
-0.0019515711428333988
-0.012255771327851942
-8.128286125819381E-4
0.024696925564537286
-5.858429509277788E-4
0.03903996380400541
-0.022178515836693176
0.009425911636013138
0.01786773238909927
0.012084436571482077
-0.0029771085119813705
-0.0010631713390107898
-0.006767591820154493
-0.009715536907307306
-0.014576073129195746
-0.01484860321035273
-0.0055754239243030225
-0.009486607142857144
-0.012620491294587845
-0.03211492435531446
0.04444642887165956
0.0032046125788923203
3.259542786996951E-4
-0.015658318654429564
-0.02146650674666558
-2.9971067212926356E-4
0.008748790944115022
-7.56274251318842E-4
-0.0038307250101220222
-0.005186359800937499
0.041513847307268995
0.030574933753170302
-0.029242371661987718
0.0025071618617275946
-0.016257395223047075
-0.02986646935385233
0.03928049099355685
0.031768963147843964
-0.00129262701485149
-0.012483300664412965
-0.009975500871039652
-0.0035928416965263985
-0.001452204222915663
0.03342535337705629
-0.019869486136436958
-3.222147066930352E-4
-8.595443615480626E-4
0.006588776033308314
-0.007791420266859486
-0.035590396561521354
-0.013032673544580688
0.012694198964768944
0.022769814528276627
-0.0014762045950237014
-0.01711010419625383
0.016557720604063908
-0.0106827469652
-0.00454859843451292
1.3446851906541E-4
-0.012759620034775666
-0.013817859891824779
0.003058519523492679
0.0058626442239735135
-0.013062116229214743
0.009934807641312805
0.01889209586796143
-0.014774864098847179
0.004161924923136719
0.03411295099533568
0.09651165703960268
-0.004106217801842904
-0.0059726625199966596
-0.01389544178204509
-0.02750681571994048
-0.0021957259773531606
0.001193598912732278
-0.011746349984537443
0.02483867947996038
-0.016750777644600125
-0.01084615979383995
6.002708797142172E-4
-0.00990958033120717
-0.014660317908943149
-0.03665505648481143
0.036967932531155795
0.008758819907502727
0.00326954101138327
0.0018904408359602656
-0.010275515986532766
0.014120805225455122
-0.04400389805398223
0.05913764039973372
-0.024800600842923157
-0.009611670251085256
0.042384130138814646
0.014893225799084787
-0.028819397934863197
-0.017648632792697256
-0.012170588595084221
-0.004358833336795537
-0.010107608133961214
0.019779548042704674
-2.9632329250705615E-4
-0.007586527708417273
-0.024062288933225505
0.013673550143694218
-0.014524224639232305
0.048487129460931803
-0.015695580924895043
0.01084256956914222
0.016384379378133956
-0.013829841665164825
-0.004144116935200204
-0.01834579929242748
-0.015934174576184804
0.004943617528367345
-0.0033380518715924665
0.0018480583723661514
0.007808244406679956
-0.012273673133757563
-0.021060375619978013
-0.033956688724033394
-0.020927292137102618
-0.005424398132860745
0.0036229548329339695
-0.011425127240380036
-0.031198042579436137
-0.0029131004370963956
4.1100043565146793E-4
-0.014405094020840503
0.0338359685400332
-0.0028256314155387686
0.12400444228517477
0.022355679812683778
0.05893776021636614
0.04050290893355431
0.005101734399571961
-0.00797682973164323
0.014736633833614348
-0.01828433331417412
0.018199773535916265
0.009893739055035967
-0.05095720576693065
-0.006704311872625298
0.023825356058308746
-0.023152944207302906
-0.027817982060689594
-0.010941685179812428
-0.007381010873976444
-0.011027852590818232
-0.0211392940268283
0.008511575827632517
-0.010013578284810512
-0.018907050634401203
0.013104559612021609
-0.025032608501049818
-0.05081604128424086
0.016159601290813945
0.07547530400616209
0.012525148108023656
-7.660827644626837E-4
-0.025939486525977933
-0.01678231152288175
-0.005222459436392216
-6.753194341697823E-4
0.0075891127903385865
0.008211482686379853
0.004895319090660101
-0.006051463009741227
0.011911483109326155
0.010912933878012938
0.05174172137117994
-0.06374644906560666
-0.006541160599982582
-0.02917637721274962
0.01316180312169997
0.009859858594015832
-0.01993579194511476
-0.030188778681885582
0.00445300978731323
0.013719317284989409
-0.00744359874245519
-0.008784348715850532
-0.02991849505222555
-0.014162663926641138
-0.004480288383089355
0.004210718065752295
-0.03150410380634021
0.022844561583498277
-0.004154685887997404
-0.00902804781642821
-0.052005674173665646
0.026292504169312864
0.045733926982514966
0.005773882408272345
0.028269157664899743
0.06774974775508982
-0.01512523289885423
0.023120074544363836
0.05091153533852505
-0.04743303571428572
-0.023362701104541535
0.01702653353836954
0.022181569774134276
0.02138019795210491
0.014353232146917404
0.0
0.05440896745125431
-0.04477089079855034
-0.02187390966539272
-0.04905325354794879
0.10036524507102959
-0.05456405267930895
0.014467356387698372
-0.008544486358588212
-0.0815280515834798
0.056152495914562006
-0.03018124764664432
0.14500714911138118
-0.06938642904913271
-0.002474627026202946
-0.008740507766483618
0.0
-0.05143130907049391
0.037092492586593306
0.004825131107789919
-0.007632504657562564
-0.09594553777140724
0.025234756090746893
0.010978990040738327
0.04610249127931619
-0.011209762215255045
-0.03051422524692953
5.317173568128511E-4
-0.010512708282610802
0.04239437106643408
-0.0460997069305825
0.0182962073249671
0.0
-0.023818002997213542
-0.027501239144320892
0.013492831262702773
-0.050461282170417385
0.1268281654759687
-0.030648078511079348
-0.014382050336569571
-0.00384223548477141
-0.01234957173619055
0.007279561861650914
0.005963066251544961
-0.07847725614045761
-0.022291517322570693
0.02579051735429874
0.011926373612238646
0.0
-0.005047503390299784
0.009679152614069462
-0.017653686037204405
0.013325781980156423
0.08323796248546725
-0.00549732369648627
0.0
0.0
-0.0040609368069871
0.0
0.0
0.0
0.056835843980320384
0.0
0.0
0.0
-0.0541758501964004
0.0
0.0
0.0
-0.014515203185002337
0.0
0.0
0.0
-0.04704916514282804
0.0
0.0
0.0
0.07304371822668226
0.0
0.0
0.0
-0.027102005531135055
0.0
0.0
0.0
-0.001403618650381789
0.0
0.0
0.0
0.035835305317639565
0.0
0.0
0.0
0.0
0.0
0.0
0.0
-0.025887848006752975
0.0
0.0
0.0
-0.025500484742208444
0.0
0.0
0.0
-0.021209633332104433
0.0
0.0
0.0
-0.0938212583957723
0.0
0.0
0.0
0.21448583526105833
0.0
0.0
0.0
-0.06547469879612768
0.0
0.0
0.0
0.0
0.0
0.0
0.0
0.0
0.0
0.0
-0.036484429964280016
0.0
0.0
0.0
0.0
0.0
0.0
0.0
0.0
0.0
0.0
0.0
0.0
0.0
0.0
0.0
0.03605830381123051
0.0
0.0
0.0
0.0
0.0
0.0
0.0
0.0
0.0
0.0
0.0
0.0
0.0
0.0
0.0
0.10732013152676981
0.0
0.0
0.0
0.0
0.0
0.0
0.0
0.0
0.0
0.0
0.0
0.0
0.0
0.0
0.0
-0.10689400537372024
0.0
0.0
0.0
0.0
0.0
0.0
0.0
0.0
0.0
0.0
0.0
0.0
0.0
0.0
0.0
0.0
0.0
0.0
0.0
0.0
0.0
0.0
0.0
0.0
0.0
0.0
0.0
0.0
0.0
0.0
0.0
0.0
0.0
0.0
0.0
0.0
0.0
0.0
0.0
0.0
0.0
0.0
-0.06367178933061121
0.07490695513384074
0.060642004384043414
-0.07187717018727319
0.0
0.0
0.0
0.0
0.0
0.0
0.0
0.0
0.0
0.0
0.0
0.0
0.0
0.0
0.0
0.0
0.0
0.0
0.0
0.0
0.0
0.0
0.0
0.0
0.0
0.0
0.0
0.0
0.0
0.0
0.0
0.0
0.0
0.0
0.0
0.0
0.0
0.0
0.0
0.0
-0.010337293325006401
-0.014898390385922
-0.05052533798277966
0.012089232363096915
0.2207096379634743
-0.08488185266071946
-0.0021306237355901494
-0.058790206433323645
-0.1336645523038983
0.15111311747676803
0.016947076301556573
0.026246362909617214
-0.054144739768236354
0.0022813282939503814
-0.012599138453117099
-0.0074146202598700806
0.0
0.0
0.0
0.0
0.0
0.0
0.0
0.0
0.0
0.0
0.0
0.0
0.0
0.0
0.0
0.0
0.0
0.0
0.0
0.0
0.0
0.0
0.0
0.0
0.0
0.0
0.0
0.0
0.0
0.0
0.0
0.0
0.011573468805213538
-0.006811873117938093
0.02132628677056314
-0.03642517578284499
0.02339464252099736
-0.037946428571428575
0.028462792297905482
-0.028809396633396257
0.014795774321019639
-0.05107500457373653
-0.00412506125736625
-0.010121046472696571
0.025873129603259964
-0.018499587039775615
0.03182676297433008
-0.027111073174717525
0.10115734067360707
0.111782866234683
-0.08018562046459796
0.08795505151978211
-0.006206198666989142
-0.029967455557404078
-0.05777918416610993
0.009070985729783675
-0.0300946799283907
0.05287423014565164
-0.03894858016404271
0.014038406211191623
-0.019070303256543908
-0.01778670025809637
-0.07604200448264015
0.05410880156395676
-0.013944071581614651
-0.04039888933182084
-0.025649104791674593
-0.053672486598788205
-0.014200603847585824
0.053686725767547516
0.018482565177810488
0.09314443037899581
-0.051386860391461196
-0.011093194274999992
0.07139401120322711
0.008033119764790653
-0.009414149681074298
0.038543009893869516
-0.011831559745903691
0.008949062442725683
-0.013906491878725134
-0.006389226558222183
7.597468984386156E-4
-0.03460876822972765
0.004827239855515865
-0.026362589513785988
-6.334068716106825E-4
0.024450084823831188
0.0019497081362886415
-0.018899402081385942
0.044066191961706476
-0.0397156364697263
-0.03491664125601113
0.02990633015514388
0.01299356775619491
-0.015397876915197756
0.07529024779477983
-0.00915319891453991
0.00832234966345588
0.010420847474785047
0.026472436873841952
-0.02840693804975787
0.01330315159867898
0.0468142268039388
8.641096048517005E-4
-0.0330906066664489
-0.04425860205456732
-0.007263592471106271
-0.01581113636506223
-0.006965372577513097
-0.03159034367666106
0.017615473527657657
0.02954736576213781
-0.002647616490389076
-0.0240304657890947
0.004945796379284218
-0.02925638478385941
0.008948145953793538
0.005367569740735746
-0.025649078785741013
-0.02709826343611787
0.05508769970231885
-0.026711922309653694
-0.012744747518551952
6.430131142313392E-4
0.03801443174965241
0.004597545294253956
0.05460111414107665
-0.0031750535742302594
-0.010708822760239142
-0.03169307003296387
-0.01915911149511034
-0.02437205319363936
-0.022950487907364266
0.05673179977369264
-0.037602629457159815
0.004168729270731336
0.02010694933461255
0.02817318169910055
0.019937701439080188
-0.006785339716501391
-0.02408194590839123
0.003602956735101104
-5.008280766490621E-4
0.006041619771248903
-0.014578971349894226
-0.006081830465312913
-0.022908782546411134
0.011355000560391324
0.020135650353981304
0.01215094414080269
-0.011478542304033905
-0.011588368992123647
-0.02021668140769518
0.001764811416508083
-0.013012994514708104
-0.01577648364567294
0.00667822353222226
-0.010961513110425022
0.04060868714064287
0.06546681004319288
-7.845664531400051E-4
0.01982207415197361
0.023199862011909773
-0.007201500784833954
-0.022978104918850398
-0.005365801892233558
-0.0015432019191444386
-0.002947946141360871
-0.028594523920958292
-0.00817078000980253
-0.013769766551793898
-0.0031316896598421566
-0.009230602843409763
-0.027703991340933272
0.013365033656732982
-0.0019843402954025135
-0.019894072116809575
0.004553977106697853
0.0015234347622487439
-0.011046828917891443
-0.011001185746026598
0.013687827915636872
-0.013913442901066123
-0.010582834760899508
0.0606649509103113
0.03757622910147525
-1.0487999697705256E-4
-0.01779498991390416
-0.002084621446461582
0.012462041449019284
-0.020498453831649475
0.01408848268403175
-0.006991900939874144
-0.02607923159782899
-0.014671143698987088
7.620193154304761E-4
0.003670662848311716
0.015123068357750236
0.002331610441294897
-0.0062482305144672045
-0.03334079511542279
0.0095558387478058
-0.010999344366528125
-0.00107258437229776
0.0036392571553699425
-0.009866715920006612
-0.005783589928351725
-9.736601235379762E-4
-0.0061827958770727665
-0.02066391028118731
-0.00990958033120717
0.010660597283123494
0.024283871791626093
-7.299753410843937E-4
-0.020569156937694857
-0.010926110534391343
0.008866924513960643
-0.026020877926528123
-0.006271290810772213
0.007644891032026729
0.03159557994007614
-4.8596138460850133E-4
0.07356993714523377
0.028457433006471737
0.03421222019326296
0.026407517287426005
-0.01247987817887656
0.0010102921223239351
-0.028465479272433265
0.01000875584731202
-0.016406904084099182
0.018611640325809763
0.01105802233116777
-0.02774472270545346
-0.024292030571868913
-0.01068665281384631
0.029661010198944113
0.0028642158763297295
-0.02169600051746328
0.0028789829731404454
-0.006075364797351753
-0.029257277053430914
0.025627945773470794
-0.03405971789832347
-4.970369307124804E-4
0.019175478341101247
0.009356520462995536
-0.01627931417702273
0.014535853153348667
0.015052324608580699
0.009406255455162556
-0.02400628559422585
-0.0076725775369804235
0.019224427687023076
-0.021239755872427303
0.0035664068090024243
-0.03650884381220626
-0.028574220194117244
0.030811535246202143
0.0013641537917528914
0.002990911233306812
0.004433244723943972
-0.0011917533611128118
-0.009310058506399271
0.003525211472781585
9.518819328408544E-4
0.01777337501372725
0.014631552497404644
-0.030261495107622768
-0.02569760979110434
0.010182270675251192
0.0038618345753632837
-0.016041965090878785
0.003636666617994289
-0.005810909016496134
0.003552453840169158
0.02358951770077927
0.013852599208494014
-0.017074957943867687
-0.002917738082382314
-0.009013876398405276
0.016084140828594707
-0.02974715354433622
0.003911251250705102
0.02799358475124269
-0.012704661492748213
0.04145275253276596
0.029165318339659622
0.00731432558077018
0.002828044009088377
-5.430305655402872E-4
-0.021254354524023716
-0.006486035231600558
0.011150558534093871
-0.007824122285643442
-0.018554048647252658
-0.011997716157004786
-0.015075142422097943
0.017839593884227525
0.002627264888541375
0.018973214285714288
0.0038354364109804435
0.012712778239064158
0.007566101430789766
-0.019703837862259425
-0.005588224767650701
-0.010406856944957119
0.006708330755183761
-0.013511895560931533
-0.006846643233176447
0.011268120769864578
-0.00245735760768903
0.020693456679903986
0.024953742883611192
0.004280236165025101
-0.002700059084938391
-0.02892301865584991
0.0033551057709136113
0.0029508770437905417
0.0064674635338965655
-0.016860922067676434
-0.005563851516714014
0.006061839610499331
-0.0053972845607433905
-3.373422545140739E-4
0.04077917157857212
-0.014939334204421931
0.026378931842054372
-0.012166550840728116
0.018732860677070418
-0.02860161701383388
-0.006864174508856252
-0.02064330047835515
7.64929988025409E-4
-1.1700864812935058E-4
-0.012115863787333326
0.02038782076971641
-0.014935484499488356
-0.009486607142857144
0.0016111320399552279
0.002920033207126152
0.015122613948256088
6.67431102461414E-5
-0.008999306155974381
0.019819013258076525
-0.03446342906839568
0.007330094245793757
6.021527909523673E-4
0.037581288603317206
-0.037861497043534253
0.008377322467391226
-0.004439806960661225
0.0108275917827526
0.008205958562905832
0.016489276132015424
0.006731779513604513
-0.005182459013085154
0.005974439702774861
-0.016386373782743498
-0.004532854401942354
0.008475241458124007
-0.005701693801968247
-0.0215002100289781
0.0
-0.004134478963216645
-0.0028139044783760574
-0.00742627160126252
-0.016689104318212498
0.01876102207484867
-0.01636205845134662
-0.004042035594917667
-0.027978357843689697
-0.0034919120089993323
0.023609039087983258
-0.009554009075214257
0.03878047177706839
0.0040114263225227275
0.009557032504136937
0.007856770224017566
-0.01468032210583238
0.006406376050538329
-0.00938719264091707
0.006232546086256462
0.008767894638860612
0.007249893503004
-0.0070127756613887135
-0.012636793049337607
-0.005395730140407534
-0.005210470127657795
0.012634866433503207
0.014319536774809731
-0.005741623742683782
-0.007657195312974714
0.007446709128562308
1.0014199728420898E-4
0.012296657230506625
-0.0064977341822307225
0.004424778039331721
-0.009375393806395113
0.006511544509249401
-0.0128463604235503
0.0
0.0
9.919484029498465E-4
-0.01421455185304664
0.015007035203656854
0.005203752001266359
-0.01259369542649523
0.006466319822719947
-0.0346073644516068
0.010828715181767291
0.010573466291231178
-0.00617941328407755
-0.0035038461682396207
0.02303376226320262
-0.007267974534229149
0.01772423661136644
-0.0258933892535546
0.009587655045653606
0.009088776115289155
-0.012628980482182405
0.02996465520713018
-0.00243230390318196
-0.004082551786360277
-6.530179069967369E-4
-0.016736992445619037
0.006303686589146554
0.001073957676833054
-0.013753528446332527
0.028364858152907315
-0.01587483989564769
-0.002555504414723739
0.013206613549260376
-0.021099460464038055
-0.01520200873804146
-0.004786711538705428
-0.001007067771430524
-0.00856503440254772
-0.01374057929010526
-0.02171804933861683
0.040337781694904096
0.015828816555313714
0.02277683151631721
7.419791896612227E-4
0.0012146730014643801
-0.00567489864932556
-0.0026988476236817008
0.024300212645245074
-0.016591966412538958
0.020022590907118058
-0.011818538933877153
0.012375234006287374
-2.661658778510209E-4
0.01053652490998773
-0.01134980074803213
0.005523311522866125
-0.03856382662036731
0.013479288674679485
-0.0037440901980541003
-0.01092399297942092
0.005234128491605554
-2.307609656216382E-4
0.0032060428275279594
0.013020939666237527
-0.0112155516270321
-0.0031021937661571426
0.009486607142857144
-0.022588023528685424
0.005097828403622521
7.921995820712874E-4
0.006292745164005022
0.00879835840631987
0.019257153957160468
-0.021755085900291567
-0.017580591711389797
-0.004224830885537878
-0.0041996894672995605
-0.01070799313990397
0.03159715643454285
0.006706186524087677
-0.01151553458671611
0.013740465614837459
0.018566555810320684
0.017642485814631462
-0.02208725164612898
-0.016838790750964804
0.024406888703518086
0.012705477127122042
-0.022434871830411107
-0.0038287548141148426
-0.016514303059227832
9.932100021904679E-4
-0.004510962859186021
0.013942528868349617
-0.01837106149476192
-0.003831774758287695
0.013099708581356407
-0.004069787406903652
-0.011108871361979382
0.00892471911735385
-0.009507904436489249
-0.008430991626027489
2.0979121732147285E-4
-0.01563229953329156
0.004217693937697883
0.028960127255727185
0.015182823636507973
-0.020918110716610573
-0.0012474114995313689
0.009049244422874697
-0.00811366098404707
-0.0010099446922003275
-0.0032214394813509977
-0.004245995163875144
-0.003001551858364632
-0.024861453194582266
0.015359317605048942
0.04951804111251738
-0.01963781439828355
0.003444249264962885
-4.055349470762637E-4
-0.008229303803448704
-0.003993383630355329
0.008457459323611336
0.0042266570891623025
-0.010601532565406292
0.005673252348652502
-0.003246006114549063
-0.002877252776747054
-0.016696235250025553
0.009486607142857144
-0.005681632788122461
0.014892696588095335
-0.0013536247706785569
-0.019361855449856476
0.0027403531928061123
0.01030164361234066
-0.019710354126039335
0.018419562718948717
0.010471765329385574
0.011056155774696092
-0.013117920348876495
0.007819510987536249
0.006218808556484793
-8.752717948637967E-4
-0.0025620842851073627
-0.004162991517463042
-0.017569854714659838
0.012386539339264743
0.01787978856146361
-0.017210991449526272
-0.02342423818342085
-0.004431172844719017
-0.00550620200847138
0.02209006083064437
0.007058266953093419
0.006057044257892611
0.003866754298656871
-0.0030393257768090865
-0.01187752096952958
0.012898231614252357
-0.004258356979940097
-7.382347155021046E-4
-0.009109214822997282
0.007466389093635431
0.02276109070258163
-0.022461406862693725
0.01719199871735534
0.006957688259954679
-0.00260454051342281
0.0013494875009593225
0.027535134926083997
-0.0024834131928220837
-0.011295121484992952
-0.028139590175569426
0.012516462143510595
-0.011145124458501316
0.0065722911979358214
-0.004685848831345608
0.009151448121005056
-0.03283371752853765
0.010842144747066504
0.004519055433017262
-0.013532320156392441
-0.002551533932777285
0.003566548175489216
0.009709020425804822
-0.00489809547552497
-3.39753935135724E-4
0.007086191011701985
0.011246358064832231
0.013024058816458052
-0.009243274455197398
-0.004851050787132498
7.459036444864512E-5
0.0161315260168112
0.007595889674775216
-0.02254660672172299
0.008343629535277567
-0.006896955553151457
0.003976929994991985
-1.075420942626519E-4
0.0022998880293636486
-0.005532456501304541
-0.01007255840965319
-0.018507020220868135
0.021120075989205633
0.023248801002696523
0.005713177355811795
-0.003551731026120882
-0.0055284387854635676
-0.02202823353631873
0.021751364339318353
-0.008119137106468232
3.0567209158454886E-5
0.004345294558965311
0.011521376154308142
-0.0037923997873004697
-0.017173471780217154
0.007963413361151328
-0.01992167805089406
-0.004511659190074297
0.006957439179954923
-0.008603193119840879
-0.014290019935235904
0.0071491358295063985
0.014347981825729526
0.029996781906741453
-0.019454176435567135
-0.022267290979875058
0.0063397860878384865
0.025536635544443506
0.006748317829294323
-0.004584703352155741
0.0012361672678066517
8.747930569410686E-5
-0.010666329957266872
-0.006290377453842358
-0.009940485238510051
-0.013794395031098515
-0.005652934746622715
-0.004354973719332491
-0.0028592116785557103
0.016845905866414015
-0.017161969083056394
0.01446816845137653
-0.010200193757283784
-0.0019980470674063958
0.01723821147992479
-0.013276556392983162
-0.006615344460202843
-0.0011647079469578108
0.026852280696568073
0.016166167720521336
-0.006405283683359441
-0.015311734726785542
0.012530510730184652
0.008999392410668532
0.017944681488280267
-0.01911690998528373
0.0015531158297004723
0.012550903075272981
-0.0018257901994081158
-0.020956646080092744
-0.011137113261961266
0.004959245201893713
0.008285317744658066
-0.006266848331100812
0.0036462582050982868
0.0033745449117835065
4.3356331587837693E-4
-0.007604404726476847
-0.012364478891405871
0.010518547880138581
-0.005010186137284281
0.004213321698138765
-0.01607796404017888
-0.001082320326136115
0.01124769607231406
-0.005872595148050912
0.014080247804521634
0.0014877616338307975
-0.0014535907955799928
0.011983596687899438
1.4701882579620608E-4
0.0047930015368724795
0.006981395799422391
0.009068280026485555
0.002883665084138328
-0.007622959331570537
0.0013685584724996524
0.006536564013876624
-0.007305179274755596
-0.0010490556297310556
-0.011493994458994673
4.7156483717475687E-4
0.017831740325038807
-0.0018337217157926395
-0.0198369400061147
0.01943034798710413
-0.030200782757080494
0.009865466084446748
-0.004750661974165346
0.017493560481845215
0.004441920627780673
-0.0042215744574448655
-0.01078666969627131
0.005073186187120429
-3.996922153582175E-4
0.0144940736484525
0.0052032245813512686
-0.008489243500541654
0.004983731499528642
-0.007281250837841255
-0.005907651491691384
0.0013841371601146756
0.011314876849252822
-0.027839840803051193
8.734955657284035E-4
-0.013701429182141475
-0.0022712277678893222
-0.010651315089814952
0.027243308428632564
-0.01256386650378356
-4.1715443812969516E-4
0.007755836888099592
0.005135714947319086
0.017125621149617656
-0.005489230756867549
-0.011928173512816723
0.009030459108454798
-0.029854253517901434
0.0026706366117354614
0.033040936807480575
-0.014812086327350794
0.01620459983152555
-0.006850845593161597
0.004670911366559182
-0.008768659005210634
-0.010762803712924575
0.0032497351957821085
0.012138435072970858
-0.01193548750320458
0.009699231816164795
-0.002087761976200697
6.090333484614523E-4
-0.020197804187117325
3.159951435215379E-4
0.012275147833045598
-0.012211881161187757
0.012435749252197249
0.0033539286212829894
0.01458789287283489
-0.016198314376632356
0.0015156982778667255
0.008718692194013215
-0.008629910454508161
-0.005845990565901252
-0.018442781142026177
-0.00500817315042294
0.02112893826836377
0.01387762805664429
-0.009879858593900205
0.005755201055215923
-0.001689087941927246
0.007594448999047026
-0.0015679209703459568
-0.005116527316380861
-0.02269097799687837
0.005263242645320444
0.025779610006138636
0.0042222194331593115
-0.008547916827836368
0.0069174456658113795
0.028814740601087227
-9.59045314187848E-5
1.2659535755544637E-4
-0.01994287287568662
3.567976169301379E-4
-0.005895598061987967
-0.006238865031702813
0.0028130774649499975
-0.008846337556190494
0.004855770053517502
0.023527536435888598
-0.018449860574374442
-0.006989617597814851
-0.01541202442660589
-0.01942021985387218
0.026476602691275962
-0.007712608881093885
-0.008333393345868863
4.285889572778756E-4
8.993959830318893E-4
0.02686497203130772
0.01837022545997005
-0.01104143100353713
-0.011270071799320183
-0.007766579593478071
-0.004006766787773175
0.004486072685406554
0.01605739947027151
0.00276106582204029
-0.011933335077912503
0.018600461560064317
0.009346855417397803
-0.007440376180866099
-0.007540325999033874
0.00532801834414841
-0.015129634260686201
-0.0073720790235554945
0.002264048540230562
0.00947680783500464
-0.005304896464744609
0.005101071770489286
0.002899165614070019
0.003449059829753468
-0.025682301570363022
0.0061001596141816
4.8579128485889966E-4
-0.03570354438126408
0.015539519552750314
-0.013670078396779757
0.00692572985508786
0.0034891987076112073
-0.0018468188975131125
0.031118383198971
0.0077608815873214665
-0.039930035369981055
0.03132601524150615
-0.008432998384083958
-0.020325988074736838
0.021995331319823293
-0.0018264023001882904
-0.003581180156443953
0.014221069140741047
0.017391799878943175
0.021322619066768165
-0.033339127479456006
-0.01424460863695393
-0.0017091276342030975
0.007136286546141791
0.004260634237466246
0.005388317839258038
0.014854710047319744
-0.027390502460059796
0.004291581440702342
0.016213589100383025
0.00853497993939975
-0.0022908291916701046
-0.003911916251393129
0.027395264379119967
0.011346888611668948
-0.03901694638551204
-0.006419442749398451
-0.010465948079086412
-0.008450297049977858
-0.007794263841578723
0.01363608247413206
0.007551762444188925
-0.041079894060771845
0.018436737319444174
0.00934630542932147
