0.007365550715301558
-0.00687674861149498
-0.014020699881796194
0.013531897777989679
-0.007870628089525909
0.0130232121808835
-0.014820005063336038
0.009667420971978338
-0.004096500798906155
6.988601987574336E-4
-0.0141984126989731
0.017596053299121804
-0.009098678004541668
-6.974260418437218E-4
-0.010066714113708864
0.019862818160094532
-0.004656298395841861
-4.257750986746602E-4
-0.007807130610192
0.012889204104708582
-0.012378956145826143
0.00815180427010822
0.003940666742480663
2.864851332373512E-4
-0.0032014982806093193
0.004266710082173598
-0.005920891840797256
0.004855680039232967
-0.00832227830685323
0.002353545151456863
-2.470497197537918E-4
0.006215782875150228
0.002210260343886562
0.007832634852897138
-0.003813034074233605
-0.006229861122549888
-0.004898713639960776
0.00829442305389145
0.002590507096746615
-0.005986216510677577
0.007672828113807843
-0.012485710692231039
-0.007662958057593535
0.012475840636016774
0.0416612276512717
-0.05816867388160073
-0.020010969968636876
0.03651841619896605
0.051249992703767705
-0.07990744360987015
0.029457361167732822
-7.999102616304157E-4
-0.013805318715781183
-0.0026312211370263447
-0.016126736233158467
0.03256327608596601
-0.03698130530743097
0.03557798302769964
0.10166463432513712
-0.10026131204540567
-0.06281895415744478
0.07535699165772954
0.0588093051352891
-0.07134734263557377
0.022351652032720062
0.05456610083181709
-0.04605963326933445
-0.03085811959520255
-0.014128632903906308
0.019334338447037594
-0.059103948096472236
0.05389824255334106
0.019981406525298402
-0.016056542642213442
-0.042165873885369055
0.03824101000228425
0.012212669697763613
0.0011361063457447414
-0.013720114094712304
3.7133805120402857E-4
-0.018253592845464704
0.009633448100517831
0.010771350051967844
-0.0021512053070209046
0.012854728094550611
-0.0053083856785067045
-0.005965725212896398
-0.001580617203147422
-0.004273124427361292
-3.0737562934831297E-4
0.005472069344380152
-8.915692876704856E-4
0.005603865364308574
0.0023599898878736898
0.004814634044790069
-0.01277848929697232
0.0028555388220533155
-0.0048075970943913665
0.0043128543922355544
-0.0023607961198972797
0.016578653541877812
-0.011933596209702716
-0.0016496677319234477
-0.0029953896002517452
-0.003774554761554475
0.006707146291331199
-0.005177776612207667
0.0022451850824310505
0.019152603895022692
-0.018689231446993193
0.007954417574772379
-0.008417790022801913
0.01096153418167324
-0.004304089935813904
-0.006758590512446204
1.0114626658686357E-4
0.018418256704632784
-0.012370420593622223
-0.003010820181762717
-0.0030370159292478992
0.010536154591178131
-0.01720595031924252
-0.006924155149433795
0.0023342593424990794
-0.007084471701639592
0.024014687308871206
0.01443106631194667
5.097723784495819E-4
0.004809608824718653
-0.0014648797333568454
-0.0051624652366832665
-0.012719900039539196
0.006138392857142858
-0.006117775458172453
-0.007427785333106613
0.008698992071669671
-0.02499292419609688
0.012633628598045869
0.0016068424583292494
-0.001791367728496836
-0.011646289531959451
-0.019443989063808405
-0.006589289652455934
0.0056101158293003755
0.008108777923158509
0.019026625229249736
-0.004701978673485919
0.024698149863728036
-0.014497381373266912
-0.0063506154542796525
0.008542297180719886
0.0029106499798233106
0.0216328441155347
0.008807559142437296
-0.017466026281657006
-0.004820907491610477
0.008014516954290452
-0.014047773219179452
0.004504606094425028
0.010989560224057926
-4.458800948923102E-4
-0.01795794378004618
-0.037174058330598926
-0.006423851628476334
0.008815965470879771
0.0022148352743150673
0.02963764630381322
-0.01030179263508905
0.01407823937321226
-0.011382268845461207
0.016131163399055494
-0.011047719097819203
0.005940759411002507
0.013200619177279554
0.0027263147461362835
-0.018106993085833294
-0.021004198462007816
0.0021296989534661144
0.012720902701022305
0.020741387420407417
-0.01250061496016105
0.012642402388639262
-0.019053493236999803
0.00631569789605081
0.013217619825182858
0.008385033733933931
-0.0036666847732227184
0.0033183450979341472
-0.010680715508315508
-0.011092727004386254
0.01058452133239112
0.004041889756090074
0.0024970628551244487
-0.009656553731144902
-0.0011861530347659329
0.0016934683370803342
0.0
0.007298790550944326
-0.008363470536787168
-0.014261054989584568
0.006715084398902786
-0.004509059572172292
-0.014311029586619006
0.0073295198915824394
0.014542368947130672
-0.01335041756839371
0.006876130703067838
-0.00434453787864187
0.0019132744868214906
-0.0017282325754974497
0.0022792256129595028
0.012608429975768502
8.774584935979102E-5
-0.014000160934518937
-0.0027445856413644528
0.015659456072498183
-0.015308926321602643
7.972159609756111E-5
0.007287625721517483
-5.901128050353486E-4
0.007522280141492038
-0.007101465229857047
4.884608850580369E-4
8.242248726198021E-4
-0.016113922997277878
0.007977497210595482
-3.293119957552752E-4
-0.025851861757308137
-0.00694196726894091
0.001569888006320172
0.010217430786533595
0.02145043409220706
-0.0026400244302114163
0.002258221732250454
-0.008742163809827189
-0.0029196714976171814
-0.009913425307904454
0.01669417586405589
-0.0035309934118429535
-8.609103938062483E-4
-0.003390520352194091
0.009747816458695465
-0.008399727951537664
0.013741096759462983
0.009395387677891123
0.006730045421233444
0.0034740115864858737
-0.011975897373155695
0.013963434719050793
-0.011117812625673757
-0.0020793526452877447
0.0012174840241822907
-0.006577847439888035
0.012149909209648875
0.005333433393855717
-0.004691577673506902
-0.031330938588110036
0.003294830775007828
0.01048304811639726
-0.001879192751446471
0.011016511006404398
-0.013309155208016605
0.015569117745619128
-0.006138392857142858
-0.0025262871223650984
0.008403123447269314
-0.014649206091749658
0.01024287803924819
-0.004660255160258505
-0.025459371386088125
0.0024849399873575245
0.01278425262040797
-1.6002412017948446E-4
0.0037052326582758827
-0.0028892083489298215
0.013762119319507445
-0.004245910522506649
-0.007688745312314018
0.0037301188680925346
0.007865203322989893
-0.0078055837086723374
0.011480634079302733
-0.005104101315698177
-0.01366505506245824
0.013328305659750937
-0.010203041241117733
-0.0015541724969613258
0.004769435440976718
0.012123770329407795
0.007098674608019346
-0.025228072289469626
-0.001630340017056896
0.0032647701385347286
0.0020854417576111964
-0.0061052538687836055
0.0029461752876413683
0.0052774156372210074
-0.002280450284931182
0.007799476929368777
-0.008255276023348603
-0.01378609035450499
6.210273558582158E-4
0.007665642911626067
0.007097983130999732
0.013722577621850007
0.007428063657606926
-0.010801497287183862
-0.0077657577974052285
-0.006260146491576436
0.013365863410866414
0.007537955781554814
-0.0037707348988798173
-0.005367916729931732
0.006471295044309968
0.0031290054560597635
0.004676595754796367
0.0034000769914726884
0.007340523337787199
0.005559633085996801
-0.009814738799289577
-0.014358762334279304
0.007441333269474241
-0.007068575481925051
-4.7178576636683865E-5
0.0010015557114381353
0.007072834068092062
-0.012276785714285718
-0.0062575730876208435
0.007085427956563998
0.002677169889290216
-0.009146173176092225
-0.012312311964662587
0.001653520613099108
-0.004227086167520079
1.3865545725486733E-4
-0.020456565964532665
7.181782322860713E-4
0.019076318875765996
-9.014150637666196E-4
-0.0049632382484074734
0.006710369080654487
-2.5618495739449833E-4
0.007282064069698991
0.006223845325918547
-0.0021361285010435896
0.012373481925198155
0.0024922599159983485
-0.018374228097184593
0.0024574917765200228
-0.018992747172684125
0.01007163358651284
0.027990423508561242
-0.015045882055725724
-0.014825150968141578
-0.011896814914455298
0.01333211812913656
-0.004263133394965177
-0.004286291802191962
-0.00559271323200638
0.016628967182762376
-0.0021196468627820535
-0.004996504125852125
9.197699490984725E-4
0.009971605170391749
-0.008874841482073202
-0.004626559555914648
0.01065542453617672
-0.0027006188500418742
0.012632715984755703
0.013476811597026753
-0.009691575732084937
0.0043139866767853315
0.004128018868184426
-0.015567438987137406
0.020266274000300108
-0.00792460302673854
0.0011572104777357846
-0.005493933576635291
0.006483215537067692
-0.004684756575361573
-0.017985847466550027
0.005860441399954171
0.017797175449814226
0.010853673349727843
0.0019524439670409195
0.016575244485881532
-0.017631645626808443
-0.0035011806810496607
-0.006669701233564307
0.007278922256450755
-0.0018141977656563743
-0.014833362393889138
-0.004196826773934263
-0.008977860487030028
0.00737900876210717
0.004431926397875737
-0.0060717910364919605
-0.0042259639190420206
-0.005762545441064925
-0.004445569161732764
0.004836715751946418
0.016350580448250156
-0.014867923857899616
0.02010597432364427
-0.0014829329545148493
0.0036106770313552652
-0.02424081867677752
0.017131574494634226
-0.02083944587902605
0.010905708775668935
5.34365855434352E-4
-0.0066543789250405015
0.002322410962561642
-0.01559264239721274
0.0329397802109652
0.005499763997811298
0.008626433700080675
-0.010449135131311366
-0.015985825342335072
-0.011749854418666167
0.005298494596999815
0.01592753779786288
-0.0032819881203800527
-0.005308356293604901
0.0032673504729198778
-0.0014077613476653449
0.0010370166425651434
0.004680204497492199
0.016367049300828596
-0.013077158027813946
-0.006561615839465548
-0.009765357112180897
0.0047845586270324324
-0.0027159346929141234
-0.002191385224999681
0.009801600414588356
0.005432379206325923
-0.010302012533625208
0.020246491596636218
-0.0067062218750154005
0.00798739811503752
-0.019528429291091328
-0.009132047260042835
6.136673379199872E-5
0.030364129295124793
-0.027978254448581874
-0.012804377670944235
0.005444656188739589
-8.793349376154062E-4
0.022672345421710066
-0.008821045173925054
0.0024616414870047617
-0.0012317469617405003
0.011686435177183858
0.0036482016264205216
-0.016329894446898016
0.006658731874686652
0.006435954721164825
-0.015603706742731456
-0.0028591580927717665
-0.015312305476319883
-0.004958203076957905
0.016190439177394732
-0.02295525356823149
0.0013120337912544714
0.010470980196404156
-0.007734525712103852
0.03436430610469423
-0.02606433961250073
0.009439603266724671
0.0025532225634540065
0.016214024855947543
-0.006248023361148414
0.019061464957411144
0.01003026649881643
-0.002643556048978697
0.01802003523041028
-0.019229410977835114
0.01171910026934327
0.00925103058798778
0.004151291603177423
-0.01073101134823552
-0.010319297255050932
-0.03377776305193378
0.0031585477780293036
0.003345550135189163
0.005233414160785269
0.002919027564513086
0.01184397100124689
0.012818333287024563
-0.013303246581455822
-0.00878081809156905
-0.005549828534771153
-0.001291407496666109
0.017991994618696626
0.005364365964784327
-0.010497404222372896
-0.007311873148800444
0.004522194357252796
0.004196570047742822
-0.02603543388935156
-0.0025485322231872934
0.005582363404336805
0.013285236640326836
0.026149906482109016
-0.013672904065899757
0.0018804280377969157
0.005884647175816479
0.004560367910280229
-0.01122340682930128
0.012347541426888237
0.013102821166642013
-0.015056819999517107
-0.009618891889347649
-0.0049120130380239085
0.0015789908414749684
-0.01283072695845435
0.0027172355751592502
-7.487619324130839E-4
-0.0033599121838193326
0.0073778969346320195
0.014046948094917171
0.003781386943407192
0.0023157985414876394
-0.02994644581325699
-0.009357764022159097
0.0058082399872846895
-0.019961306151909594
0.02765994666290372
0.013354856128189225
-0.004036921217010728
-0.0038807251795918247
-0.018065908712017333
-3.803304788746083E-4
0.015182426979793719
3.6861138437840196E-4
-0.002809733742071379
0.035108963012235504
-0.036714715065617624
-0.0014979279701029182
0.008912864903803065
-0.006920081962050291
0.0031061573469222444
0.010001500832403247
-0.009163525794112191
-0.012034624692960518
0.00523097039449062
-0.006385493691244931
0.01376385965750626
-0.005047816898880345
0.004695604696873006
-0.006166892867990979
-0.002085157927530212
-0.02298416929622906
-0.016587267415401757
-0.008516378046402458
0.01104957274036507
0.011977692358050678
0.0049412104362065315
-0.006045419178711889
-0.013892745162810647
0.02282910625846886
0.008520199973869718
-4.393593145313266E-4
0.006586909162057352
-9.621764384211071E-4
-0.006307521629299425
0.016771183519552632
0.018621149358526788
0.008103819411742739
9.249384925815081E-4
9.830044842884158E-4
0.0013535608242268033
0.003042252289508325
0.004127963794767701
0.003975060836521039
-0.01022676418889326
-0.020689916479312738
-0.0037296724373007406
-0.01299381439430851
-0.004232292743746445
0.014263428417076042
0.001429726251905212
-0.013274722224436068
0.005054717756280614
0.010494083795239943
-0.005720905341231163
-0.015251536469098029
-0.002849976572735855
-0.006486506289376333
0.01113199555892429
-0.01731907315227209
-0.018061983697976885
0.020215277328847127
-0.002018146153473453
0.02606800171990491
0.005870998132495211
-0.006987478504781625
-0.008318031417358662
0.006532108458068858
-0.009194641280801993
0.004255722783561785
-0.005223221690444526
-2.910041058515108E-4
0.0015051031563418854
-0.02460008105000154
0.030158848133756674
0.007466575564252908
0.018265427972095093
-0.006525478845844905
-0.01635698045414232
0.009419267441217814
-0.022102928289590026
0.007397384626631338
0.0013241570433435775
0.004254799275721992
1.734723475976807E-18
0.0012235729789932658
-0.011318286152822118
-4.511536770792129E-4
0.007962488833709248
-0.004897796260972368
0.006258630288203528
-0.012996411101957206
6.708901484396221E-5
0.014205309794520187
-0.001423932568410351
-2.6718125999588595E-5
0.0030693380852640714
-0.004719170941939768
0.0013434237484476839
0.007919398960348732
0.010249635857381497
0.005383740720574197
-0.0025407757166113574
0.0013886249726610712
0.01799774664231144
0.010525221601525182
-0.0023932232899521386
-0.002052545984346751
0.01989878789538048
-0.014367910808171866
0.003054040836103328
-0.029922392615228187
-0.014515292206869791
-0.004074867860907187
0.01349506141257634
-0.009915591112539713
6.745508303640565E-4
0.012630276540536528
-0.025171686928789145
0.019838035799430644
-0.014907403660608049
-0.007663912184628933
0.00487764449447683
-0.015248459960081777
0.0040937699338284735
0.024187184480106635
0.005603669626224302
0.017792813735492786
-0.008179460646455649
-0.01269888854704506
-0.00436651880856451
0.006371020148609878
0.020591396649877882
-2.403516433333256E-4
-0.022309253065554875
-0.007998022840920774
-0.02231623553093797
-0.00745890844341165
0.0340786789467462
0.002901656825813106
-0.008743706161264625
-0.02367849190357625
0.0023738649230193812
0.006519601528494632
0.02153857746623349
-0.015388082086346823
-0.007701784215709762
0.024018025476637714
-0.002616636724093505
-0.01520939410511863
0.01631112293480603
-0.015879976921171088
0.005301136121738145
0.011457329984250794
-0.004719126348171733
-0.0020851761608312157
0.0020790229884924075
0.01414986910227863
-0.02385873611467036
0.0034091196502371284
-0.023473061341570463
0.009961474461036759
0.005604063256477901
0.01333910809375932
0.03520592940724536
-0.02299234609767039
0.005690039402079146
0.010995323901875811
0.0026416184991940065
-1.2955999068963928E-4
-0.004761965320995826
0.004814178325150228
-0.0015795140903077116
-0.022047664444712626
-0.011375813093624142
0.001292398852495138
-0.006138392857142858
-0.014931878113817795
-0.019735941138341075
0.03815487311930157
0.003830740260093579
0.0010778738402359989
-0.008474975628217793
-0.010358394899608223
9.525587446496857E-6
0.004751170329182863
0.009284577307476895
-0.007185542266370866
-0.005511902801077533
0.03957246872682531
0.023570601568886997
-0.02578719369153559
0.005752464885684828
-0.0230767361983431
-0.024211907668840724
0.025051653702052347
0.033881164411270974
-0.008679163821421773
-0.0116062995796647
0.0037321736462522515
-0.009296484882907189
0.003043388649404552
0.021966849753035346
-0.015423102648895546
0.00928439560545775
-0.006086980738814731
-0.0027047930620671887
-0.013319782533899203
-0.018212471437187287
0.001323351986361054
0.002673669177709511
0.012014592572113094
-0.017665127915909944
-0.015214049004083484
0.010050126009316988
-0.0018001858179859719
-0.004131874185852355
0.0030735145242954424
0.0021479651494438782
-0.02328996952114929
-0.0025214991633833207
0.0074272122297180596
-0.008422164126979298
0.010547272705424516
0.016112656328646884
-0.005279275758070511
-0.00410093871785492
0.027080120753745746
0.07248118656844123
0.0011382696992622296
0.0015265681983336141
-0.0198933183033371
-0.01869708187594671
-0.005511469562884392
0.006558157164168035
-0.02815729080827658
0.01864620690621579
-0.012624587942332411
-0.003330460246576765
-0.007032268513792974
-0.01431558268623837
-0.0018797821726946554
-0.02089564906050844
0.039659930749975335
0.015312983364135778
-0.014541830882434244
-0.005937437927069553
-0.0056109295367510244
0.005969914027243211
-0.025620854245487133
0.04764071245541043
-0.01725125872497331
8.036293841204379E-4
0.0198757976511691
0.01941807580578522
-0.011460075952114469
-0.01784299764045494
-0.011119551957589664
-0.01024973278958992
-0.0018721537236309708
0.03383316581499731
-9.031685872597827E-4
-0.01580978981086387
-0.017448727866184472
-0.0028600389460990165
-0.01820027973570961
0.04406192331740854
-0.004136568862583892
0.022743418049086316
0.0028592472033312916
-0.022209778135621493
-0.002325055830579762
-0.014384358143871963
-0.010283325254495043
0.0032631125379005976
-0.005862733807048739
-0.005360744783652883
0.015377441511075942
-0.006460567713181965
-0.0060418720942395235
-0.0242002237291764
-0.015265187626361728
0.0031244045628015553
-0.005623531291133783
-0.021807952094702314
-0.01054733986288013
-0.0026657978881548406
-0.010354028501589937
9.284684896702419E-4
0.007339178155420031
-0.008576379302508298
0.10260997280463081
0.025215696619088436
0.03477565713284919
0.06036734842014812
-0.004092111208164342
-0.008567203960958083
0.017285601874469963
-0.032663396616201795
0.02501571044333406
0.015022946801923879
-0.04149557793415761
-0.016181337835625358
0.015972741715077315
-0.015727363552318213
-0.023490858075524267
-0.008610760130697162
-0.0011658660419724652
-0.025700455894977763
-0.022985053865227277
0.0017942316615900296
0.007103847574636071
-0.02150174711987192
0.019216748540020298
-0.022377084614361803
-0.03993570797622941
0.02752830677849185
0.06389690762332573
0.009387150695071534
5.728324028994487E-4
-0.022982618062977883
-0.0282148391100452
0.0019418133970141374
-0.005913005910958598
0.01035593509278719
0.00800197768435891
7.22034689184874E-4
0.0013053547783892696
-2.0213592524952672E-4
0.015570352155845955
0.0377876267682284
-0.05359272594953699
0.003115713169184773
-0.03486750272833939
0.012750117356164183
0.010213711738422566
-0.018481055053579686
-0.02836108549828221
0.0034293505330776734
0.012241361220707094
-0.0074129275315266245
-0.0034460422749185045
-0.017305674731091302
-0.017449825443358595
-0.006805145869638606
0.009629597590910928
-0.020491114051234487
0.0017231811006028662
-0.005933565527492265
-0.001196450312517164
-0.047858287167098335
0.018529654392401704
0.0382703013213333
0.013049346060204364
0.021181245392672802
0.062034123249715925
-0.019361358557759417
0.01974641252279386
0.04593375387476267
-0.043860559554425894
-0.026262126578981575
0.04549978041739364
0.01062638990013315
-0.013517505061482877
0.014216008325336859
0.0
0.054439602561393415
-0.02307767084689856
-0.016878686161333176
-0.054553725652167664
0.09632824937767809
-0.03802857186267482
0.013331905863050079
0.006746769914242379
-0.08322856434193404
0.026073655688923433
-0.013254303234638392
0.13547796221228892
-0.05714512020845794
-0.0033762386079454077
-0.00323670938092413
0.0
-0.055167654452941556
0.020660395320296038
0.011817889862740709
-0.00485258787712942
-0.0953288786700852
0.0215740343026444
0.00964876165456355
0.04405367740883239
-0.004029470515935222
-0.009939567325352469
-0.009554564651233187
-0.02079076559330849
0.0454019026354654
-0.02871919574261217
0.0011456416063967195
0.0
-0.013195611791542983
-0.029852386766341707
-0.0034673075107674103
-0.04522175476686991
0.12797870706193865
-0.03400070453550025
-0.003861054913375155
-0.013685160094171799
-0.01365130605428123
0.012276785714285718
0.003598879886370048
-0.08477712247886081
-0.027548271611389487
0.041709077580232914
0.02423422041523349
0.0
-0.014248103731754879
0.007955532508588836
-0.019098501932110018
0.007934497014656542
0.08449901029208833
-0.006138392857142858
0.0
0.0
-2.417459535209545E-4
0.0
0.0
0.0
0.05686169975169684
0.0
0.0
0.0
-0.05497558703738783
0.0
0.0
0.0
-0.015449685476569218
0.0
0.0
0.0
-0.045472114578483123
0.0
0.0
0.0
0.07540985455751321
0.0
0.0
0.0
-0.028665099284248888
0.0
0.0
0.0
-0.0039038618318075202
0.0
0.0
0.0
0.03635916096604293
0.0
0.0
0.0
0.0
0.0
0.0
0.0
-0.028171767414846054
0.0
0.0
0.0
-0.02431412978435539
0.0
0.0
0.0
-0.027626605741469898
0.0
0.0
0.0
-0.09669357128151049
0.0
0.0
0.0
0.2134770880616196
0.0
0.0
0.0
-0.05659363495267352
0.0
0.0
0.0
0.0
0.0
0.0
0.0
0.0
0.0
0.0
-0.03698130530743097
0.0
0.0
0.0
0.0
0.0
0.0
0.0
0.0
0.0
0.0
0.0
0.0
0.0
0.0
0.0
0.03557798302769964
0.0
0.0
0.0
0.0
0.0
0.0
0.0
0.0
0.0
0.0
0.0
0.0
0.0
0.0
0.0
0.10166463432513712
0.0
0.0
0.0
0.0
0.0
0.0
0.0
0.0
0.0
0.0
0.0
0.0
0.0
0.0
0.0
-0.10026131204540567
0.0
0.0
0.0
0.0
0.0
0.0
0.0
0.0
0.0
0.0
0.0
0.0
0.0
0.0
0.0
0.0
0.0
0.0
0.0
0.0
0.0
0.0
0.0
0.0
0.0
0.0
0.0
0.0
0.0
0.0
0.0
0.0
0.0
0.0
0.0
0.0
0.0
0.0
0.0
0.0
0.0
0.0
-0.06281895415744478
0.07535699165772954
0.0588093051352891
-0.07134734263557377
0.0
0.0
0.0
0.0
0.0
0.0
0.0
0.0
0.0
0.0
0.0
0.0
0.0
0.0
0.0
0.0
0.0
0.0
0.0
0.0
0.0
0.0
0.0
0.0
0.0
0.0
0.0
0.0
0.0
0.0
0.0
0.0
0.0
0.0
0.0
0.0
0.0
0.0
0.0
0.0
-0.025749521544400994
-0.007642383998953595
-0.04564464818582998
0.01621759957173978
0.21887877903035494
-0.08071395523933673
0.0012767018182873327
-0.06408453395157614
-0.12432465916059832
0.14319071402561476
0.01843058447237758
0.02151266579789498
-0.04645294629263569
-2.6827395550737187E-4
-0.0201222713741694
-0.004503851013261258
0.0
0.0
0.0
0.0
0.0
0.0
0.0
0.0
0.0
0.0
0.0
0.0
0.0
0.0
0.0
0.0
0.0
0.0
0.0
0.0
0.0
0.0
0.0
0.0
0.0
0.0
0.0
0.0
0.0
0.0
0.0
0.0
-0.006138392857142858
-0.011980836294347987
0.024259886612621823
-0.03189017900553196
0.023158075468264185
-0.02371399390919885
0.027575627997255277
-0.03466209355527421
0.020030485306697814
-0.05448269917627662
-0.0038133221119111445
-0.0073791122043400156
0.030691964285714288
-0.009939567325352469
0.027048976451518145
-0.03158377384014018
0.09381706825420094
0.09981713303218898
-0.07317950193429544
0.0984240796782606
-0.01650860597010607
-0.021096777807106733
-0.06544450252679472
0.022335931064670814
-0.02719028250028678
0.04472383216180093
-0.046498291893093846
0.030241444049867006
-0.03504587078444161
-0.00310453417093551
-0.08022218670953431
0.05428805771333532
0.0029459603428393963
-0.03921044891511593
-0.027838102640241905
-0.060222067948079834
-0.001028054210640835
0.036830357142857144
0.018412262340853566
0.08897614875254488
-0.05565212394794519
0.0020110858114584743
0.07062173004986563
0.0014498925589986277
-0.0045501369322128145
0.02804928355189914
-0.016609322640817346
0.014622841819026003
-0.02068750976599278
0.008337132080671179
0.005781665247531883
-0.03988423385484597
0.008409877189571771
-0.028990751813448408
0.014783129338695961
0.005529471329673298
-6.274943686751964E-4
-0.01898069396548782
0.040273441760804364
-0.04078752480081075
-0.025753592413750498
0.011065818043432037
0.025744562561069675
-0.015560639204012473
0.05997297578458769
-0.01373343759940989
0.006599546087175803
0.01709804170155107
0.012903156392836044
-0.01750306840318549
0.03428080886363109
0.027282083050114557
0.008540933275663
-0.030516930500668893
-0.04309526895827697
-0.005904786531100768
-0.016077566341652413
-0.01272825318871564
-0.011146628024812122
0.006380046424982969
0.030894189238748572
0.00723020221095923
-0.022567806574945268
-0.0015252923976734993
-0.019138926858349038
0.0011617439371117214
-3.464150736273478E-4
-0.018647568392032177
-0.0033318488204863352
0.037338877837451746
-0.014056397507429158
-0.024624114359526154
-0.005820119375400647
0.034748787871533786
0.00307433549532333
0.050176453600158294
-7.478912819992873E-4
-0.018048852356701575
-0.02304357447544412
-0.021599097396064394
-0.0169471221023606
-0.026978790613457544
0.04629480608362258
-0.029097368536309502
0.016532574217341334
0.013348568748993053
0.014159214343227207
0.016543200496103444
-0.0018462313385865618
-0.012978944411641448
-0.00443601189258326
0.0027858872465261458
0.001944518656593345
-0.002342814731586729
-0.011098424863440252
-0.023160914906257
-3.9596458627655373E-4
0.024410471622664097
0.002361271331063685
-3.047782684080201E-4
-0.025948679960655203
-0.014634541021348646
-0.0030991435863034723
-3.556057694565228E-4
-0.020552590374704957
0.015170437955788724
-0.01604618513255083
0.043194824039675735
0.05076177238116217
0.011463966308677593
0.017385010430131624
0.01245304327795894
-0.008472202177108899
-0.02467558341916294
-4.737911316653057E-4
0.006726674251198191
-0.005352711376166647
-0.025899152715635563
-0.022005772108278594
0.0031473763734269867
-0.008031604105629649
-0.009442855631592691
-0.01849774948696361
0.006784946225742128
-0.0020070443813248132
0.0017666719803629601
-0.0020982704712733825
-0.02124021428191491
-0.015101525579034696
0.0034412055027599545
0.02112406570077678
-0.028373389081369223
-0.003920921913989687
0.06421247403971674
0.03704537094293856
-0.014746451863975586
-0.0270350827488548
-0.012397033559110357
0.015219068961117348
0.003445415200212684
0.018751811557648462
-0.003307619201383614
-0.022758005676728664
0.0031067920323266073
-0.005331032313282458
-0.0017600681437637995
0.00793339736999767
0.004693678151475835
-0.0013533686354026166
-0.02811161044206918
2.584771144357699E-4
-0.016885093745746392
0.00467818595749866
4.2291837115421803E-4
0.005206540276249599
-0.024648950768882474
-0.004836847759850486
-0.00854671637654663
-0.021770447890433163
-0.009142495403514302
0.01307794536657338
0.012821004464476525
-0.005327826519481931
0.0036409049153974136
-0.005891490288760089
6.770353980949202E-4
-0.011030472551100498
-0.012309562112857228
0.012276785714285718
0.020471469769766604
-0.013929709054434499
0.08371866488172532
0.03830142203368931
0.014857426101818465
0.018459158656663092
-0.008948314994535512
0.015043813663157784
-0.0196393941703846
0.012014541120236468
-0.006042657901899352
0.012473134068059324
0.002015308130156027
-0.016357826012955122
-0.027372329793563806
-0.002278849349056363
0.010879568954885387
0.004239198862853585
-0.02766279284382627
-0.011630289297730453
0.006295990539641897
-0.021698702000825652
0.011206186056061534
-0.02137515454936527
-0.0050221844489077745
0.011256598481090401
0.004967298921492372
-0.0051347325445865325
0.019661318131400596
0.0025296901599312933
0.006199569672881856
-0.009021666107092862
-0.011682320818364792
0.015103316595055143
-0.007711461432895257
0.006394271056526587
-0.025873573145936503
-0.02086489025832492
0.02382570013341581
0.004155855102497705
2.2266930650671453E-4
0.00924798231771672
-0.0027477604466142032
-0.010878570850986178
-0.00113653269266995
0.0018570436316038186
0.014425663310047555
-0.006208256647551496
-0.024830974400902282
-0.030692486119000092
0.020937985818301655
0.0
-0.006138392857142858
0.006161837327450544
-0.018135159653007764
-0.015468842290563665
0.021506908010241202
0.0013259567302061261
-0.008309523499665876
-8.970454889343157E-4
-0.004338770954762308
0.010218500763773687
-0.016984533624108226
-0.01172868164352827
0.03285640241493861
0.007971429796492667
0.04020092497089464
0.02568283378969874
0.014128810871743584
-0.007735384949420856
9.89144080463968E-4
-0.012766885975610206
-0.017249921741070283
0.013014495588557023
0.006143762766504475
-0.0217558962127168
0.011523719389435971
-0.026673017866238463
0.018962598414482366
-0.00770123643502109
-0.006138392857142858
-0.004222625585731998
0.02601066641983
0.006186976534175488
-0.005440934100592666
-0.011504396229359577
-0.006885974278496678
9.542360288950918E-4
-0.0036161846117129543
-0.003950772604035591
0.0036807198843089987
0.008443876731581444
0.012861389053499614
0.01564751961291167
-0.003107706748743011
-0.006392547926841638
-0.01288839912664467
0.019151530311543007
-0.012003226184743764
0.011587535599005255
-0.012917652975090333
0.0035220621456091327
-0.006629159585971742
0.008959056522095724
-0.0021298857403215903
0.028086814019851237
-0.01871466218750101
0.01376149129379371
-0.00658768591279524
0.009971318842737085
-0.018897715681381877
-0.006413630592336232
-0.013607840831686195
-0.006976900617237587
0.0032667416065173885
-0.007271003978680121
-0.0028909093579708176
-0.012078241836963374
-0.006997298573614679
-0.005711569716536054
0.007855066326209904
8.452004187513816E-5
0.004994659499007922
0.0033112410350190575
0.00506347227458258
-0.00726343844513066
-0.004489815729069687
0.001980251398028234
0.026726963661049208
-0.015039207641862591
0.012096649095259893
0.0072846310846619595
0.009270053427676927
0.011249282358126628
0.008382375073733853
0.006793284197495958
-0.010509951867406907
0.013502792065312678
-0.016906809957311964
-9.740918764093408E-4
0.005224525187417224
-0.0215514062118949
-0.010494987969247672
-0.0017069591582719729
-5.992677245704563E-4
-0.011941643342368307
-0.005275418132408394
-0.013211474377185338
0.007205556714888799
-0.005863638292441203
0.0033043928135822985
-0.02057935050131232
-0.021964293894209015
0.022529114594019774
0.004873604034606636
0.02496305239247066
0.006490056548727162
0.0057496595848716145
3.228852017838138E-5
-8.66888939894543E-4
-0.007483389513620241
-0.004301118993397831
0.008755877409232997
0.010241477828950412
0.016434820764138276
-0.006308774523566346
-0.016606811221844927
-0.009953922792756599
-0.006007647864020497
0.011451744553069604
0.027370720908430412
0.002417902705418938
-0.0075441530706687136
-3.9307939586361723E-4
-0.002798288094606979
-0.0060058999670896855
0.004221403197238748
0.020775257362055113
-0.026523400336916376
0.00694068630281774
-0.014117678299629824
-0.011161998148784933
-1.8817341057370812E-4
-0.0028633879672421026
-2.214807446026465E-4
0.0051514934664688905
-0.00797429390904867
-0.005657360155192123
0.014611242454249922
-0.020144503560402698
0.00410341772805573
-0.001094823203822935
0.004682829055042945
-0.0032711121708243803
0.029053937256467863
0.01170959130020053
-0.00538662756109492
-0.003508520684905039
0.008440877785044208
0.0010604886897866497
-0.008170302432243317
0.018273783270274246
0.007628783079256598
-0.005806207378637439
-0.0026085618361572013
-0.015471118650971163
0.011800759259099953
-0.002425749884732393
-0.010592428482607136
0.004450340887143948
0.0034596207350930945
0.00875554327196636
0.012115559852047651
-0.017341560327474803
-0.030132919860354275
-0.0010887081394322148
-0.004472725154014155
-0.0021538968420531015
-0.03098804423473961
-0.022812514973065183
0.038200451179608685
0.008304205980621758
0.02894300249170568
0.00164205076579068
0.003321866758992209
-0.0040820937367861375
0.006481397288679656
0.006201590386474814
0.0037357526189910318
0.013481973039439984
-0.002669812978617704
0.010458344459283111
-0.009743275385739741
0.015260059816954675
0.002806542229227547
-0.0049256046957173345
-0.012758093685685215
-0.00417825266538913
-0.014477378536497939
-0.004523029438422374
-0.0035207426682977334
0.012035854332952449
-0.013149652041852885
0.005043569653319923
-0.001624258517053534
-0.020565999172215802
0.007472116766870277
-0.011602740754004377
-0.0019202104135423986
8.048441574522395E-4
0.013539682024185524
0.01900428907640541
0.01113398648407215
-0.01883886795363377
-0.010038024751379208
-0.005087046974907602
-0.005350400869402725
0.018343882593379622
-0.00189543855269323
0.004533881482555216
-0.012137068491942645
0.010703571939012408
0.028609909682336645
0.004878079437709116
-0.010715549570431675
-0.0044928369821950875
0.01917073350780788
0.012389341949557158
-0.02060032004073067
-0.007070529725840803
-0.012652599328141344
-9.157113902922825E-4
-0.00805122381670426
-0.0032095585900999857
-0.0047132444899609756
-0.003446394143755886
0.011059749262491548
-0.006298593309132471
-0.0024873775539700224
0.01775617787801933
-0.021731333553531646
-0.01442674114288958
-0.005904616567137701
-0.004083202873002503
0.010309449076841583
0.023273064253907856
0.002685479944881119
-0.00844010104276274
0.013207160744712362
-0.0036172978371003545
-0.008162798766919194
-0.0073840626520509725
0.010100351171831607
-0.0034889420243425576
-0.013767384466452618
0.004140499894280484
0.0145825270403887
0.04003437917585463
-0.0247896239686854
-0.0012193119174302627
-0.0030060603107046327
-0.016693753550452727
-0.009264907510784666
-0.006345153202474021
-0.0017591059858205107
0.017350171234097534
0.006982446417125496
-0.0015101248457724992
-0.003454719207680655
-0.010655075120746697
0.0052261436419281625
-0.019138788955531207
0.017838896732941374
-0.004512682769330766
-0.010329130269394788
0.003170105472123351
0.0035934669649547116
-3.388012770375896E-4
0.02432321291664943
0.008470303730880901
-0.004043817111006616
-0.012243519881468358
0.002712960690820714
0.005287000749115008
-0.010002497433874732
-0.015596449330712052
0.012505245856447635
-0.0014897607545898296
0.006628204310753088
0.007307648709973809
-0.006877779531437202
-0.009384449368431028
-0.012032098733047359
-0.005559969005941629
0.0172374785922107
0.003178139738744049
0.017480430014241398
-0.0011313553938956172
-0.0019459230552476697
-0.0053751384748525945
0.005220477874991875
-0.0020076521235724773
0.009798280977910936
0.0074383780689499055
0.013733383995359392
6.041950010832568E-4
-0.0218014164160258
0.0033955775154186733
0.015753507775776946
0.001120963752252179
-0.0036679307620085984
0.012565503389860273
-0.006476427346704206
-0.005401119271564959
-0.022540594069001097
0.016077905764899557
-0.009012933938256626
0.015004923378860722
-0.011812962574255867
-0.003661047841380558
-0.025066826715888578
0.01749450173502743
0.0015299085126026886
-0.017708543990504443
0.008282537012106565
6.373436853552867E-4
0.007958642993619331
0.004395168750695716
-0.013507158910401502
-0.008685437898778662
0.022888614081088984
0.008617777430121166
-0.00969125050288118
-0.004729507589226701
-0.0014276812426614336
2.733679291428157E-4
0.008505054139619418
0.002335837701621081
-0.01176124593920235
0.0034977584797094095
-0.001345457403113164
-0.0026333571345223397
-0.0012391490166450718
-0.010528983845020323
-4.025403483840645E-4
-4.1023394788264333E-4
0.008161121992353079
0.004357446737277818
0.01022701551802047
0.014194519983912577
-0.004171436769927728
-0.019326952135219542
0.008233086788883928
-0.0033760471632137143
-0.009016291490471336
-0.00646802292719242
0.006897522994580376
0.007038343469849861
-0.014796529201888361
0.010978050677099165
-0.013596506877900448
-0.0069667983876506925
0.018648137605893247
-0.013308738814671468
-0.0029244843965232706
0.0038913215484768656
0.014902839064840218
0.022453236488986172
-0.017766601017528062
-0.010954761983855994
0.010067942242241218
0.007080049596241447
0.013662916527518765
0.0016748573274016684
0.005324359696543697
-0.007200965536501869
-0.00288607482563342
-0.008365597273775185
-0.02045789573815217
-0.001000491946395783
2.259297663481461E-4
-0.007664724327033614
-0.011760370856726134
0.015625603736402233
-0.022172239693267565
0.018743918697493443
-0.0015387940889051098
0.0069357468738444495
0.0060952775930358935
-0.01952643586661288
6.039269687603457E-5
0.007626826094750706
0.00630699712490327
0.01980681551053086
-0.013451596923008463
-0.014283014586662311
0.0066947679407064606
-0.008065218132071368
0.025263292812306937
6.453486118739547E-5
0.007540909302419369
-0.0026440625023429302
-0.007867078252512212
-0.008244614444407047
-0.013624601487618505
-0.003829593338186499
0.010070662758090173
-0.0090632494362935
0.013793231033385778
8.656858248699433E-4
9.675515272310675E-4
-0.015682425726004152
-0.002858855636356898
0.0016188098342266423
-0.007312327082317323
0.005927555126567464
-0.015782442953984885
0.003264393217570683
0.020813723438398532
0.006276933793151771
0.008483393008735232
-0.004339128111083138
-0.008065299617519416
0.011278007768857398
0.013861287709980928
0.00880816994271327
-0.009713141171058301
-0.00207378750876994
0.005658274573868433
0.012732075460423474
0.0024998604258342876
0.005187625210333781
-0.003912102065689586
-0.019530340557321908
-0.005910027206814634
-0.005790882575261228
0.005203359626720808
0.008028491131151606
-0.005671921134530367
-0.0029439860257915833
-2.0521273521588185E-4
0.00554539331500771
-0.010750416143647698
0.03049891522033974
-0.008776310088940914
-0.002110636806210006
-0.02030880922670244
-0.004307146638021628
-0.001939940186859228
0.019951785024369666
-6.735825719722936E-4
-0.008466501252527667
0.011470704894334754
-0.019606179257891203
0.0019591472085362487
0.00781621855839202
0.010193792136974392
-0.02907323899945851
0.011722114253713646
-0.011672877782824614
-0.00736584829649839
-0.0018754485130073762
0.023254836391384877
0.017453682617314045
-0.009400499943439193
0.004214436793092437
-0.008649973012212117
0.004350632750915232
-0.009857248784340363
0.0024603016122466907
0.008386420095153353
-0.01869935964164801
-0.013461582706282414
0.017865533488942383
1.605330951724368E-6
-0.0040643586305650105
-0.0032619962325654128
0.014383704347625257
-0.005987525281753789
-0.014048006839395463
0.015407506207527564
0.008167384160126709
-0.022869622976186582
0.014060888634291798
0.014366592824123892
-0.0051314752598902655
-0.0129312062230927
-0.0039837026345618575
-0.002572504136054185
-0.0045339936156248125
0.009223760894440271
0.0020762090792413312
0.021060747480630845
-0.004570283027778992
0.005695042784100482
0.017241924935420073
-0.024016964632267386
-0.01057989933993559
-0.013680046113189995
-0.014387432863088297
0.014760410388124888
0.005542599823749483
0.001984697128924814
0.004655047658363264
0.009065592497962741
-5.134714319099984E-4
-0.0076270280770165295
-0.005171395731747234
-0.01358946398413395
-0.0020804912116440324
0.017211533643803317
0.0024965839285237476
-0.015539086024970778
0.01511071950970515
0.013231991332192317
-0.00602936709736996
6.819309565214366E-4
-0.015486401165678858
0.007377322680951327
0.00127887651210156
0.0022805014408749935
3.732512715454335E-4
-0.007324282672882154
0.006138392857142858
0.010320872271562219
-0.01402973805842212
-0.004978646410473135
-0.012767646621039196
-0.00405041205629214
0.021573248620542988
0.005633094462245358
0.0037551822990327397
-0.01498237975214303
-0.004671695347958974
0.019044750548274106
0.019710338695322863
-0.014235437184715616
-0.010312049786897606
-0.003902689453750264
-0.00795001052000875
-0.0012327268257746218
-0.0013529264622082595
0.009514511382063598
0.0010194473151283294
0.008474326633857193
0.007782641778015553
-0.0027462561915073667
-0.00526392192200203
0.0023951282034535715
-0.015731360143741817
0.01230334591207037
-0.007510981108270127
0.006977970376515439
0.0026735392776229454
0.009799876189808621
-2.7808837203212224E-4
0.005064176070810247
-0.009396923101589221
-0.002466309193679737
0.007091282048611127
-0.030276677446108527
0.0062919621478128625
-0.011305523256318202
0.011021702025299373
0.01680268143744274
-0.005174773139364439
0.011621842627061577
-0.008059612237347892
-0.014036834755442458
0.018172091375680988
-0.01376022767782954
-0.014297954060925887
0.020474482594395882
0.0026422892326446986
-0.011419546793248412
0.011579663225596316
0.006595947801765441
0.009797668105908408
-0.013146724716642995
-0.0012280921280770785
-0.020942087105114433
0.012618391043705456
-0.010195183760292536
0.02029496444463716
0.0011621467728750506
-0.019185525324527393
0.013203978242072733
0.016413632117903806
0.011898572280758251
-5.132513102933693E-4
-0.006138392857142858
0.0210035772728989
-0.004215043473376033
-0.024921497535213583
0.002671116353758646
-0.020295022023886278
-0.004296534268326057
0.0011244191763726584
0.008480873552952689
-0.005122329372892096
-0.017215948891353944
0.012162434697411855
5.456042576255111E-4
