0.0033854049003154574
0.002845277463762291
-0.014134449027356211
0.00790376666327849
-0.004729077151145006
0.008714822712049238
-0.01168295094440695
0.007697205383502768
-0.0057777882981628215
0.004864650911677165
-0.01477706976500259
0.01569020715148811
-0.008133225577910557
-0.001057600226468108
-0.007664854197681302
0.016855680002059968
-0.011602621500092967
0.0085226628111445
-0.009506711048687685
0.01258666973763624
0.002180532258473708
9.35936533636595E-4
-0.0015662575705316937
-0.0015502112215784979
-0.009811536285100878
0.003698883517227712
-0.003915495393283752
0.010028148161156948
-0.002885296959803674
-5.216903453598119E-4
-0.004437424435063664
0.00784441174022719
0.0029332785253057374
0.01328436896384762
-0.004535486808466258
-0.0116821606806871
-0.004048785167357653
0.006270993104258134
-0.0020849651110981943
-1.3724282580243347E-4
0.009326583331242555
-0.014851505495901828
-0.009563111779505758
0.015088033944165089
0.038467511696501144
-0.05624783887602704
-0.01718794540559396
0.03496827258511995
0.04713158159613612
-0.07728676513062789
0.028867724706898343
0.0012874588275934348
-0.02227560592983787
-0.004638881420071003
-0.016103917923537037
0.043018405273446005
-0.03700785042790865
0.03484014148676061
0.10334013359399834
-0.10117242465285037
-0.07185146317416513
0.07689349733672074
0.06440224838463988
-0.06944428254719562
0.014822599782240013
0.05766393294374656
-0.04167022379505449
-0.030816308930932047
-0.016994765462690693
0.023006239454187605
-0.05956880187007074
0.05355732787857398
0.0206410368867194
-0.020335687594246053
-0.04180359049009395
0.04149824119762069
0.020996870542320134
0.0028542409902538347
-0.017073464092344375
-0.00677764744022968
-0.013289173554501522
0.003997506894697342
0.013984561012976881
-0.004692894353172803
0.007586419591896557
-0.004338186576758217
0.004139359995142837
-0.007387593010281098
-0.007331280180858678
0.002656766668990493
0.005340938228557941
-6.664247166897792E-4
-0.004265797898750697
0.007844953227828359
6.750853887274484E-4
-0.004254240717805196
0.001647671560205833
-0.004541479469941352
0.008305994603069081
-0.005412186693333616
0.008563249809519738
-0.010492819473519417
0.0030631757082330378
-0.0011336060442332773
0.0019499214073776822
0.007696904053298469
-0.0023605992311384136
-0.007286226229537583
0.013302017031935212
-0.0208861808512698
0.010656219254650415
-0.003072055435315753
0.01956415923452487
-0.005318950116993859
-0.01361965604222725
-6.255530753038597E-4
0.01783378432829432
-0.00727462898922967
-0.006091836721261424
-0.0044673186178032735
0.011322360182632926
-0.01928174651067164
-0.008724429045677988
0.0022723777466824146
-0.011711326210416581
0.01786498664760395
0.019109825897509522
-0.0032303292954053917
4.840689426117671E-4
1.5195219522992284E-4
-0.002431861807029579
-0.007771415564648667
0.0
0.00223211520615167
-0.004281110122560505
0.007379936638303596
-0.0203846814410718
0.01437572907104644
0.0012576901584704092
-0.008539907441459157
6.378304208406952E-4
0.0028248250789828927
-0.010003453661291755
0.009215794619960364
-0.006002968651546371
0.013283522647656422
0.01657223275771627
0.012374945812448263
-0.007227070627072889
-0.00991051252585506
0.004038101805410026
-0.009666800560472432
0.004292322474088291
0.0021712929483009794
-0.0031629596155750596
0.006814054199322303
0.0063275209544237316
-0.012822776462419793
-0.008858503931301338
0.003025370009492989
0.008116445065043696
-0.018436224536475487
-0.04270146559601132
-0.005210015287473474
0.03412325036645428
-0.015724401933854257
0.02859106934629372
-6.794270276655515E-4
0.016458116648115945
-0.0013808645449103765
0.011935479890916294
-0.014153911871354997
-0.014638245124394425
0.01766407596658548
8.161508873795898E-4
-0.0075069230855007735
-0.018031456786422997
0.006459322797621613
-3.187769688963067E-4
0.031778744035769295
-0.009543954511449052
0.0053933548666843766
-0.01661505976035451
-4.12285776510625E-4
0.006305971738384762
0.007796242689521829
-0.0021754275287129646
-2.386690354282614E-4
-0.0011533137770532269
-0.0017435513089939585
-0.00377148728081398
0.0025527633306265626
0.018011912841748034
-0.004728063223429838
-0.014248219808401328
0.002270151578216771
-0.005082645278120666
-9.984092745571743E-4
0.001818054573112262
-0.009344387387243872
-0.001416217818729278
-0.0013484312221708433
-0.026597570740645657
0.009977999821999201
0.007497204596560459
-0.001996610061693424
0.015407162171945403
0.004623354523940118
-0.0031466145982415985
-0.002308777054192965
0.005679586578333659
8.398242663969144E-4
7.236859222295496E-4
-0.008256981320396895
-4.2377807558989164E-4
0.009460985722304424
-0.005590028298494556
0.007484433284315774
-0.008399744987563696
-0.00892857142857143
0.006201324666620113
-0.00821225440195861
0.004262580305427267
-7.930774660563052E-4
-0.021328918926622198
-8.405590264539946E-4
0.004582282049764739
-0.011292675710909502
0.006746551693153298
-5.00286987982615E-4
0.011060492984369206
0.01386550130655553
-0.002530404352887241
0.0019443918592403743
0.013998361289174963
0.003939876432404242
-0.0029871263255701573
-0.00862209011925531
-0.006184647176558293
-2.1558076548951893E-4
-0.0036641744009060333
0.007030776484886763
-0.00795979881901516
0.01632619800382317
-0.006720433259981832
0.01424256945665277
0.0052873002674921525
-0.016188013190508097
7.544897166979246E-4
0.001797993193182198
-0.01967604211964629
0.013892880478039864
0.003444768559940168
0.023571524691753137
-0.012958349966110547
0.0018186933253243748
-0.03356830263279755
0.005092324020456344
-0.00364235434248995
0.008943950987083818
0.00892857142857143
-0.014036246777058075
-0.00627265722829686
0.016130968367187252
0.01108742327664346
0.0033572798319221105
-0.010152997760629482
0.005266383812621109
0.00503016510765897
-0.01880991301238765
0.006656443949027502
-0.013451201936200127
-0.003236017254466617
0.018690074385136646
0.002097559272409782
-0.00783800838307941
-0.008043411328034208
-0.015077674154544399
0.01957580474355375
0.009712740362045705
-0.013613629733668118
0.013846218489842518
-0.002062991075136302
-0.00829739276505989
7.349303983343498E-4
-0.0187472573970393
0.006051785998916668
0.011113918180598249
0.01131221637601742
-9.263363222360207E-4
-0.015743159903477515
-0.006588870149621959
-0.002866496263377637
0.008406295681983924
0.01143247912484329
-0.008828780405922238
0.006162254317944385
-0.012968518476174622
0.01612124510438357
-0.013647821868872981
-0.009979570804804144
-0.0010569854086582096
0.0044434188385041075
0.011080029248674331
0.009853316694712797
0.013467360268073849
-0.0070769004343046605
0.0014982932209017738
0.0023966706405343144
0.0019165237968920609
0.001700004749765253
-0.008219112736083637
0.0020002466088438614
0.008640495479550474
0.00549911794716184
-0.011749322457938522
0.006063277934047618
-0.005416284546337629
0.0018227174490015197
0.003563262202060701
-0.009832957146405592
0.0034828343449415603
-0.005652869608380472
-0.003767793441184006
0.0
0.01170961301492457
0.002956055784826055
-0.017451619143022522
0.00356281100751622
-0.006400344930765646
-0.0024186107197951808
0.004486437904173931
-0.006546805844283526
0.004337999290444081
0.014611604566721302
-0.027445429139213877
0.0014855397301122928
0.016337729263106827
-0.019452543975206703
0.005822573802325312
0.0013882299417895018
0.00851408541299869
0.0019776981994740787
-0.0013185747358654453
-0.02006199928548867
0.024212551121897706
-0.006702834162990745
-0.01308650448995227
0.007940771027143063
-0.015339042971611847
0.005376890298202705
0.0383448039976969
-0.005441536677113416
-0.009046015836252702
-0.01937165370471998
0.009494350810223743
-0.0033022281883572876
3.154839116585057E-4
-0.00936055732522976
0.00836266727721276
0.003183064473268238
-0.005937258259646733
0.003169528264072396
0.0
-1.5980108868065765E-4
-0.008825776114155257
-0.001021069819207153
-0.008784454430683408
0.01947459939204128
-0.004621477242125343
0.0033179800362992647
0.008264529203650235
0.0024273203740407556
-0.021028655404990756
0.023682289199239124
0.003714861418937957
0.011149753500724127
-0.01433722425190841
9.794568878945115E-4
-0.009107863332570585
-0.004671361258261807
-0.013637180996421234
0.02819030796290735
0.010633677702811501
0.007005901728686663
0.016169794480037396
-0.008123227088215754
-0.01550526779205999
-0.00892857142857143
-0.0019406939712630286
0.0014889292743256767
-0.010969052918208076
0.009049791891808304
-0.005724569959420164
-0.004956351332733075
0.00892857142857143
-0.013714421427830567
0.01055558436235582
7.397394975536525E-4
-0.02282400677373954
0.004572329127020941
0.010052534695868936
-0.014225038619633599
0.0203903172914621
-0.0038687927639417313
0.009607544936919912
-0.009045761014405983
0.00898519147128812
-0.018599996563286512
0.013857857225713118
0.006182518301003699
0.00424526633520425
-0.0025255151601072147
-0.004070864008629587
0.00417900535222414
0.008570444346183018
-0.003941509635032537
-0.012268815955831337
-0.015940355456680634
-0.009008406204463386
0.007609022982654129
0.013498204727569145
-0.004394886052582861
0.00310131871737487
-0.0033111218146685056
0.0038526039696115738
-0.0070078208968440865
0.006979660869373986
0.01883619581315226
-0.010509322542688555
0.0049293670612837875
-0.013745713397156476
-0.012375956022519752
0.013761719717713285
-0.002012294803619156
0.019882016966735125
0.003902714745072833
-0.025168288912399174
0.015100915534238544
-5.280065496494468E-4
0.01350263550515583
0.0012344430281205987
-0.01273720926880426
-0.0037114422498947504
0.024739152637242856
-0.02950008600570972
-0.0041827359973952895
0.0065923363498582655
-0.010279088219127949
4.4237734621389163E-4
-0.0012630965439152332
0.006297610376150347
0.0015558860208586137
0.01133097106520844
-0.005361942159729096
0.0035207203742411222
0.005425212457472458
-4.6070852058522314E-4
-0.01517647120784984
0.008136865237915248
-0.023529896701517124
-0.004613220102063519
0.028921007922810646
-0.018439674304613567
0.004850151778085095
0.016190675294914525
-0.00742221313880532
0.0244198059397746
-0.010023076438213247
-0.0058140337134896195
-0.016281229726936082
0.014752741756737457
-0.014292517175152052
0.008777692273306277
0.008696345010029728
-0.007920754910028634
0.001698037452074747
-2.982064990458347E-4
0.024717247830160965
0.0015981541545984131
-0.00606571994875587
-0.0012615725371097732
-0.0016789932211738695
-0.03129463026110964
0.008579854587383487
-0.002887180061617433
0.0025702981224540256
0.007495687613453773
0.020343689604161892
0.0011255898059802701
-0.011186832075817034
-0.011568073799111324
0.003556314358955351
0.009644884027237125
-0.0035821972832234096
-0.013622234322142216
-7.652644177959141E-4
-0.002898416083510812
-0.00743943594424063
0.01425231418712273
-0.02218066846063184
-0.0015348996632090096
0.016970033247370984
0.007334985597275338
0.029652097693311938
-0.012650225468125277
0.0018132584864604005
0.0061638896799910605
-7.951432771472079E-4
-0.007987799499097685
0.011417843246092916
0.008042116116973896
-0.012669733563254019
-0.02954448464379115
0.020199975283947083
-0.008389924619343316
-0.004844389898665441
0.0021353938041188377
-0.002662554900480809
-0.009691854726092046
-0.006048958943003065
0.001925745167350567
2.4701969876622654E-4
0.010339801823642098
-0.011500922653985352
-0.00865114928442041
0.0031815018137377627
-0.007796058454913974
0.02178268821184952
0.02664668098761478
-0.004498688958321118
0.001942642231209728
-0.0074436970010287856
-0.0072223883685738725
8.132637073847496E-4
-0.010018596460081191
-2.8789990984828037E-4
0.02519384502370339
-0.03114392370739201
-0.006021942214057729
0.0014020230213723436
-0.013295745698634403
0.02236316922485338
0.0020036174729165177
-0.0065535641776250445
0.0035734920044151776
-0.009050786661941071
-0.005772880012984125
0.021375018131778077
-0.0018268578644728929
-0.009325206752423128
0.003452146727055924
-0.0027270967587098164
0.00527116781014542
-0.015683503913467164
-0.00892857142857143
-0.012481880748693249
0.017777032043522545
-0.002641574264320627
-0.001558719403616282
-0.013696477374636412
0.0017876957357542377
0.004528604572861895
0.005277336549180116
0.007771215773590432
0.010151967214338382
0.005906116315775248
0.00927483603800362
0.027387794738403887
0.005448268071802921
-0.008453957011100072
-0.0037939637173559533
0.0060719707223821934
-0.0034780493546605878
-0.0010140346518083562
0.01816064581716085
8.047388931922955E-5
-0.014368854997695779
-0.01792899221044352
-0.012549776116812471
-9.392969359370631E-4
0.023953866879044224
-0.012532820653531727
-0.00892857142857143
-0.012428812572179548
0.02034805668989661
-0.020213149290990808
-0.011082018485179698
5.268197743765052E-5
-0.01179236214066397
0.02496779176657382
-0.025385774041977477
-0.026153146769809274
0.01139893896379972
0.018213456987664828
0.030861690838708176
0.016649570671981875
-0.012375309768930582
-0.012517556494384057
0.008934251322692923
-0.020461896492947912
0.0026532114638354396
0.010655848798824943
-0.003984250673378403
-0.006759421087830453
-0.02568827450462409
0.030049761219249044
0.004861318457198553
0.012302965473868221
0.004558464181358482
-0.010995842642169977
0.005313517223490065
-0.02132407617105262
0.014292297788517618
0.0048779282577122995
-0.0047889757271148865
-0.0033972600228298986
0.0
0.00500274970217791
0.01525265732632632
0.018469322324519446
-0.014120875663048536
0.003497921526498094
-0.0046082534025585365
0.005449756801746774
0.002115693105916791
-0.0075202671242793045
-0.005313564413128196
9.505882855698825E-4
0.0033259223897099104
-0.00817380329109124
-0.003086175805302245
0.01447768062119175
0.0016262552086060665
-0.01993162528884738
-0.0050724848905039175
-0.006722225301609128
0.008880479112340392
0.020207070990760877
0.006084211424042811
0.014579263135806245
-0.012195248207103805
0.015149363180943157
-0.03054188591073357
-0.007136766869453604
-0.012588204248065712
0.008551771782794905
0.007565623785136676
0.01607783135023135
-0.009329366439079402
-0.015924818300564157
0.02701090732592104
-0.02922240567685616
-0.004575466139006602
0.0010843879418603632
-0.02236607778899477
0.007495420601360974
0.02650272138353027
-0.007518533214418867
0.031021831090040232
-0.004866319995641802
-0.0021674337215050864
-0.013856232696217491
0.013917923243187764
0.018422238970698314
0.0015322441948011217
-0.018647301065266138
-0.009627132705108347
-0.0138756475432656
-0.0027874371062234574
0.01677260642373047
0.003594719479137809
0.007986795110088943
-0.025856144685542516
0.01419711073663006
-0.014559406150404458
0.015559253336106924
-0.016575219817295317
-0.0015565998271597015
0.02088443384060566
0.004692215303755683
-0.0013619733354277722
0.00496338234130869
-0.01295683845907453
0.010209513830915623
0.015970920683956634
-0.0013727659676608939
0.0043891087411298
-0.011683619376943783
0.01173063309678653
-0.0252893505686842
-0.0031039153324532763
-0.026666644165143107
0.006341734523326788
0.013608421751284511
-0.0011529837477638211
0.050856596561403074
-0.02791132682519791
-0.0016098833056031954
0.03233457981527514
-0.00514310745204369
0.010475350094049917
-0.001422502786352534
-0.01144258022675368
0.004194923129542397
-0.022950957599413888
-0.01476718267386264
-0.01601714516963486
0.0
-0.013474018814196196
-0.01569843499736862
0.028526905082799064
0.005787978352816754
-0.023283840237239936
-0.012514861950343908
-0.00960004085604818
0.001163550945466791
0.0018759837877237017
0.0191567736233089
-0.004707811805432432
-0.0068483774245361425
0.035871985184381394
0.02711159012797531
-0.019443898499129756
0.004257665951327349
-0.01449392838181469
-0.01754673352881566
0.01948495781461863
0.03810226498173726
0.011215072589676174
-0.025064530125556254
-0.005874947975544805
0.007856482503055819
0.00496221915450246
0.008758992692243216
-0.021395732762131005
0.004964524542904105
-0.007305500547038199
0.0038675230527415953
-0.0049879569141373535
-0.03520334220932948
0.002333544823566243
-0.001419620565398962
0.017106041647611134
-0.024993909726596465
-0.009567338387622294
0.020260271728087417
-0.00880950130800025
-0.010509961879277536
-0.012768798722958668
0.00971893602601497
-0.011429298687318096
-0.004946348008540579
0.0161732291927043
-0.00794286770695414
0.003463347533492634
0.00892857142857143
-0.007399514187149467
-0.008075415015709452
0.04776135489545378
0.09567493646452982
-0.007534767927558431
0.00864409560364409
-0.027031333971254852
-0.032111257049683165
-0.00832222192652713
0.003034810839971638
-0.012148764724145323
0.01760511318401626
-0.014123179893068036
-0.02055365851263448
-0.001857278431729682
-0.0015433732961822287
0.0069612761469690036
-0.0413860984775883
0.044018285302483424
0.018384237179655198
-0.021136751361638867
5.319800002806276E-4
-0.004412501701095582
0.007752882897602914
-0.027045365498052358
0.050145522999890384
-0.026308286086123532
-0.014153068335678058
0.03747439573534183
0.013745003369648713
-8.541312140979453E-4
-0.029291451260583228
-0.009758517119096406
-0.0043819654979877325
-0.005543489603967855
0.037068417473965096
0.00722523250158651
-0.027975558372785293
-0.018953369363396498
0.009206299970981774
-0.016270541774758177
0.04321319320538307
-0.014360195170973056
0.012400655029258256
0.011445736735776308
-0.00351807330488415
-0.012059255660250297
-0.009161817250148184
-0.025651503052083968
0.012085419843781291
-0.014257752590958456
-0.008604827544650185
0.015691813022951313
-0.009652661534419422
-0.019451428773312407
-0.022301724406864024
-0.016916476191903118
-0.005551807874355216
0.011736091913528243
-0.012663097194005764
-0.020450424876790253
7.629178878407073E-4
-0.010389599924337372
-0.021130344266078342
0.011124530348223938
0.009724604531112369
0.11316046882722462
0.016936820665089385
0.060752912643135974
0.05797140192129294
0.006861628343981614
-3.2134030230861806E-4
0.006740916869968284
-0.036396679279347297
0.024222628947028146
0.014946331684349405
-0.04038402764880468
-0.018583404581566612
0.015568956242741882
-0.018965287970080628
-0.020046572202134155
-0.02420041267955135
-0.0066363609572932004
-0.007342706972874617
-0.0241016704767568
-0.003802887413681788
-0.002206533724649286
-0.01607566000491114
0.011914292620820012
-0.01939351874357198
-0.044999719263577646
0.016407160819031406
0.06474877519069884
0.014840761230414841
-0.005154978069255212
-0.031856265485611754
-0.015870963684450665
0.010918536822803322
-0.004272461720454564
0.018043691651780172
0.0018099331395273841
-0.004911680847622526
-0.011752341260094324
0.005405247611588141
0.018465050992946028
0.05432526587075313
-0.06384903677402747
-0.0025629870220134267
-0.0409495810497335
0.02984681219223636
0.004101945319481345
-0.022881402672533576
-0.027841663561469006
0.013447767546137114
0.012115033457450174
-0.022198553883127498
-0.008038196028130874
-0.0266018069013882
-0.0042884292603454135
-0.00943757354850226
0.004599347335782938
-0.02589080112790378
0.013404813664635662
9.579283745751298E-4
5.777893850117731E-4
-0.05692118101511796
0.0314274236548487
0.0366689911257119
0.002984775053517472
0.01924790908257675
0.0784758366729756
-0.009357378556776796
0.016576786579239427
0.04413291602049201
-0.0459130725820872
-0.020880251535955564
0.04092496949329706
0.00855143241390764
0.00182682890652653
0.007913152785776988
0.0
0.05755400782998631
-0.042812133857162885
-0.029956501636230003
-0.05184286363647284
0.10951727089982649
-0.03910358152823106
0.013365040729976007
0.0022906484734854914
-0.08072787259045253
0.04464285714285715
-0.026131935427367053
0.12818591296685647
-0.055456203294808305
-0.004878166425163824
-0.01479739041206439
0.0
-0.04321526748000256
0.030656924611997004
0.011718868929661813
-0.007301298847002204
-0.10901391500332475
0.03337503149472387
0.010159091234339042
0.04907065538232814
-0.0055243779404635035
-0.023956934820261174
-0.00770390480328678
-0.010538351631222048
0.041492415354048726
-0.03925720304236742
0.014556452203297873
0.0
-0.02171948670488541
-0.02365397767244584
0.003783227100312028
-0.049568124333901654
0.12496545061178944
-0.033237206230383134
-0.01237177405305895
-0.007354213528695948
-0.01659907842460496
-7.088989961542055E-4
0.00684580368615962
-0.0831664584025781
-0.0203487329499241
0.03589496327180621
0.028864377309719913
0.0
-0.01837914796632549
0.008928571428571426
-0.013014727982412395
0.007562478971426791
0.08811072281873941
-0.0029764263550758237
0.0
0.0
0.0017949793544793091
0.0
0.0
0.0
0.06058387690635712
0.0
0.0
0.0
-0.058718412935028975
0.0
0.0
0.0
-0.025936049255645424
0.0
0.0
0.0
-0.047870288080449776
0.0
0.0
0.0
0.07540607242635335
0.0
0.0
0.0
-0.025761088476776054
0.0
0.0
0.0
-0.006413577289198511
0.0
0.0
0.0
0.03653659188673039
0.0
0.0
0.0
0.0
0.0
0.0
0.0
-0.02575989432122714
0.0
0.0
0.0
-0.026880615489040284
0.0
0.0
0.0
-0.027469133588668558
0.0
0.0
0.0
-0.1011498078459499
0.0
0.0
0.0
0.21357952932703056
0.0
0.0
0.0
-0.04194218261896615
0.0
0.0
0.0
0.0
0.0
0.0
0.0
0.0
0.0
0.0
-0.03700785042790865
0.0
0.0
0.0
0.0
0.0
0.0
0.0
0.0
0.0
0.0
0.0
0.0
0.0
0.0
0.0
0.03484014148676061
0.0
0.0
0.0
0.0
0.0
0.0
0.0
0.0
0.0
0.0
0.0
0.0
0.0
0.0
0.0
0.10334013359399834
0.0
0.0
0.0
0.0
0.0
0.0
0.0
0.0
0.0
0.0
0.0
0.0
0.0
0.0
0.0
-0.10117242465285037
0.0
0.0
0.0
0.0
0.0
0.0
0.0
0.0
0.0
0.0
0.0
0.0
0.0
0.0
0.0
0.0
0.0
0.0
0.0
0.0
0.0
0.0
0.0
0.0
0.0
0.0
0.0
0.0
0.0
0.0
0.0
0.0
0.0
0.0
0.0
0.0
0.0
0.0
0.0
0.0
0.0
0.0
-0.07185146317416513
0.07689349733672074
0.06440224838463988
-0.06944428254719562
0.0
0.0
0.0
0.0
0.0
0.0
0.0
0.0
0.0
0.0
0.0
0.0
0.0
0.0
0.0
0.0
0.0
0.0
0.0
0.0
0.0
0.0
0.0
0.0
0.0
0.0
0.0
0.0
0.0
0.0
0.0
0.0
0.0
0.0
0.0
0.0
0.0
0.0
0.0
0.0
-0.03505266918625227
-0.01073748288513897
-0.050086495470219324
0.024025184367445426
0.22122093599026624
-0.0803505831056388
0.0032238877219071607
-0.06720074326981376
-0.1299592700864638
0.15041495576549424
0.021749119473932838
0.022197443231676512
-0.04138639693531012
-0.0016629568309700048
-0.016556735520675155
-0.009838193260240252
0.0
0.0
0.0
0.0
0.0
0.0
0.0
0.0
0.0
0.0
0.0
0.0
0.0
0.0
0.0
0.0
0.0
0.0
0.0
0.0
0.0
0.0
0.0
0.0
0.0
0.0
0.0
0.0
0.0
0.0
0.0
0.0
-0.027723222140721183
-0.008980187955390443
0.028436455195573626
-0.026785714285714288
0.026785714285714288
-0.04883216752942086
0.04702325607285331
-0.03571428571428572
0.013294744908059751
-0.034833071177514906
-0.02390751333447874
-0.00464065586628544
0.017148243860988656
-0.014656924547340992
0.03571428571428572
-0.014180420660487943
0.1225222491992706
0.08331377032726422
-0.07856368691860088
0.0939486033823323
0.002883097922131813
-0.0259756050036071
-0.07230783313200784
0.015049757107844295
-0.034541635820869415
0.04734138482607618
-0.03733471862912956
0.027758857345830015
-0.024810735012513158
-0.012599165762699755
-0.06795505716096151
0.038164214666360635
-0.005338241857553919
-0.033911699615217436
-0.02479217092938632
-0.06591715768430619
-0.016279983588863726
0.06250000000000001
0.011295617080005847
0.09289932227435216
-0.045998885364910334
-0.010753682318871272
0.08096466220931758
-0.0024629750516031237
-0.003709171860409116
0.041828214408285755
-0.01845578325997762
0.002534183943777491
-0.019843115445723092
0.007994478836632351
0.007605137632358703
-0.03714289795857809
4.275188875082587E-4
-0.029752070636999545
0.008319825477970468
0.019341769440550827
0.0033540850630535864
-0.02300993442697586
0.04410141250235594
-0.04100229865910884
-0.025165428497853796
0.023332900029967178
2.873096097506505E-4
-0.008292974402104226
0.0613016369318772
-0.019290870832382987
0.004197016189373558
0.023409887466404676
0.011396926510233253
-0.021501129429491513
0.02274247687114052
0.03577808764140647
0.008010523267465602
-0.03855623872510619
-0.02852337939748876
-0.008245170164925559
-0.019515423476968448
-0.011974357086932915
-0.013840970030370653
0.009433584048005763
0.03216051518861769
0.004744381174970889
-0.024591335250857466
0.0015027863937595249
-0.022684407079661406
-0.005480468790023354
0.005600602602435859
-0.019495569902778575
-0.011277645019416927
0.04760435179228043
-0.02191368308996996
-0.020082158184071754
0.004536321246567955
0.036557813766539965
0.008654467021936653
0.04182796107341697
-0.005746172888955516
-0.006878697261000941
-0.02216023245316741
-0.02910658861154255
-0.01455637430817824
-0.022931788319383764
0.047985232102754155
-0.03175237257247803
0.0058686948783821784
0.013834108040182093
0.01843833835346148
0.025682701476039495
0.007887357200748348
-0.015694698315808175
-0.01957388018795663
0.007034149071849068
0.0020131386584960435
-0.012509768085654542
-0.010417673442869022
-0.015622788639759902
0.00880011046093412
0.029758187209806993
0.007353732951742221
-0.008007006494271154
-0.023153871220499583
-0.015546059338965414
-0.005122250008589305
-0.006587064528848447
-0.02440029346292287
0.01752954660672337
-0.010632052721669203
0.03572780312541465
0.049527579647749516
0.011198720418775513
0.005914991944739618
0.023087825878770746
-0.001439178788316349
-0.03213288110383686
0.002450449519416918
-0.0028133446313312847
-7.17175274171181E-4
-0.037061408824494414
-0.005623329768025442
-0.00957031109082929
-0.0058519518674969
-0.004567813175134357
-0.022960733664212432
0.013563795315705444
-0.007736483062129529
-0.007563813475778721
2.073157647089971E-4
-0.0019507636434730209
-0.01885326304830874
0.0010917081581380845
0.01671965245381787
-0.019113296892738874
-0.020432895026337133
0.070554496427144
0.037554347429975196
-0.003993904302709287
-0.01785714285714286
-0.009111765525223388
0.011454842402442456
-0.007962795348197504
0.015556894553577871
-0.006011532656050211
-0.027910372449441043
-0.0021872875421553462
-0.0036863059900811533
-0.007455288814165047
0.00682134177417012
0.011656414798466984
-0.004172378564717559
-0.02480525015005182
0.010404856966757973
-0.018548202394575136
0.0012559552062627842
0.0019051350965342629
0.009089264150481636
-0.02148204585508496
0.00222070824725491
6.034877272042445E-4
-0.019370559417048253
-0.014945675049985918
0.019693884481240067
0.02191627701805677
-0.004630197914541509
-0.010561658614233064
-0.014975560091735313
0.012150917747724047
-0.020352854136041633
-0.012214939438006915
0.028464182976671734
0.01214325212141182
-0.016842479149544808
0.07025854137014773
0.046313525254763434
-0.004052230347752138
0.016309348221023427
9.980562584180376E-4
0.017413083477031986
-0.009196465691036333
0.009210120052910402
-0.019199875824755228
0.007151889700555698
0.01221979153497703
-0.037836880653986896
-0.022693424738586522
-0.010072416934973438
0.02929304873168951
0.007390225155300658
-0.022606757308860272
-0.010698551198032749
0.01376580080172508
-0.022233811026770085
0.014881698077611577
-0.03814878994870796
0.004543425924219235
0.01566836131939135
0.0013568179632903153
-0.001839069521913041
0.007251221529367852
0.010169382512672683
0.005779711312735917
-0.019801273332844628
-0.0036244025368606346
0.00802795823206381
-0.005434167702194789
0.006630069083435127
-0.02710793074926849
-0.030875831248282203
0.011055683957154387
0.004473534007155755
0.003939349406972152
8.011576226003344E-4
0.011624714163593534
0.004950657572864191
0.005955853387797267
0.002083807822612917
0.008992701709391699
-8.936554173278061E-4
-0.027928168879266888
-0.019731029853979475
0.004225496924453547
0.0
-0.00892857142857143
0.014274812705249107
6.648021816170781E-4
-0.0020433215136746972
0.005885671957394771
0.021627258045905838
-0.025100799972037548
-0.010519487496744563
-0.011735700186647923
0.023514868222428754
-0.02051878679986941
-0.006205367286088845
0.013716813439958316
-0.00441518611616365
0.05128123544486489
0.006320802368759234
0.010167728702311661
0.028689613885838558
-0.002933101816743653
-0.008383187312965782
-0.012360279288924468
0.007141159047522223
-0.012720624169498927
-0.011987386283122792
-0.009435917547029628
-0.024320207684336865
0.023218030165709523
0.00892857142857143
0.0010326222941377475
0.0075408554629395365
0.010098191289152335
0.01989326431727311
-0.010787538798541477
-0.022496673479935544
-0.004914546016991017
0.002637480718322552
-0.015463717432118019
0.005598411533195164
0.012399806778150134
-0.011943658388680608
0.03209034216420919
0.02638049137731654
7.797218879628011E-4
-0.0036212671099259373
-0.004943662689790563
-0.007846592343695004
-0.014907621526497413
0.016651331080599463
-0.019898499776991947
0.0017306538656544782
0.0012605050855003048
5.095437733908283E-4
-0.010580731572735364
0.034504218623975576
-0.010741864559136807
0.02277774212154072
-0.013548049501788829
0.0160868076990341
-0.02738532241505855
-0.01576563864756505
-0.007292780491098367
-0.012661344353634408
0.007279964975969508
-0.013420551445449402
0.0046363592560298384
-0.01521059199944705
-0.012977928782368104
-0.0027584088959603753
0.014670568993285477
0.004035719230272126
-0.004490588572076932
-0.00498667395624249
0.010997984749870269
-0.020007103407848188
0.005267760031441745
0.002734455823351621
0.026377384362416177
-0.025026057461708443
0.023380024634204022
0.0035773513122706268
-0.008600450762604699
0.01709558521322175
0.01737236055829473
-0.0035754425926273984
-0.005614982600420674
0.019026426598787487
-0.02571795202293134
0.017415790002448032
-9.905191445534573E-4
-3.2273547651619564E-5
-0.02367999503813251
-0.0019095842544875272
-0.011142174535961726
-0.003216183985863072
-0.003297128754290146
-0.00451685612178589
0.03076504481915652
-0.014485430472553547
-0.019757329942029868
-0.03475796134844943
-0.013146927344303195
0.026306375233493808
-0.0021356458412335605
0.017606115413334948
0.02258108859272311
0.010426493071081943
6.658113578250947E-4
-0.0010115841778573567
-0.010934298951769133
-0.009516904080550885
0.005909516687614858
0.017894742006276672
-0.006016812824244892
-0.014426307564747765
-0.0035915981237891713
-0.017646753379283134
0.005672764516123649
0.006521862627233709
0.02555648610118679
0.007943953328888777
-0.009799282305150321
0.002624695046330323
-0.002629378085903186
0.006111529406707733
0.010535127199947177
0.01823559840381492
-0.03300206534041431
0.002245762950896771
-0.01829182641313025
0.002467211443477745
0.0058549735131878024
0.013640540096196906
-0.007074067742881093
-9.111598042313481E-4
0.009518250926580546
-0.025272915364428477
0.005624031810350205
-0.0356177029868195
0.017273447844799457
-0.005075967458959856
0.019090052355709215
-0.019157346966466003
0.030993821442545075
0.009648860352221608
0.007942244421089642
-0.012572626788026349
0.014182522162373281
0.00653523260965929
-0.012007634194193284
0.012937568905709278
-0.009609212501998605
-0.016101824044351915
-9.879841914893078E-4
-0.010288390018198408
0.0180292568734378
0.00356221961709032
-0.0032550034004782506
0.008499761217622854
-0.00892857142857143
-3.8705614193407234E-4
0.0015473040785862723
-0.008555097977793495
-0.03494476718302179
-0.01093397119579738
0.003032742998113633
0.009586111865458949
-0.021848096839256523
-0.01338197310648063
0.031793589672022074
0.008536844533359738
0.02399504355638247
0.003622643054174495
-0.0014067923338964144
0.006607480452641467
-0.0016021920093171127
0.018232689812720075
-0.004120401266062587
0.01023013002810231
-0.006649475194516518
0.009929485840482958
-0.011241306264233671
0.015618115965166145
0.003109023411954107
5.155765239602201E-4
-0.017795717636805618
0.009567058416372001
-0.014885705720585472
-0.004873492393256399
-0.005431222996404309
6.009262119376132E-4
0.0013336752563119511
0.011005683929511813
0.002755444406695319
-0.01564673482080414
0.0
-0.013125864708810353
0.005330256270724569
-6.863497852602589E-4
0.016030664291271576
0.0029524896112062184
0.011671156880213114
-0.019520152469209375
-0.008758330651275008
-0.011466497659146934
1.827678394723635E-5
-0.014239560348350985
0.026291925259006088
-0.0022128871168988354
-7.30786613013604E-4
0.01153974367970034
0.029904108002731526
0.009230969879253339
-0.0041593829966022206
-0.008492961750513223
0.011545966508170753
0.003742635911547384
-0.02346397109186933
-0.0018337155377998824
-0.004989278840399847
-0.0018957209210111927
0.007157746039836636
-0.005888031048276177
-0.026785714285714288
-0.0076744190623513845
0.0136893537700383
-0.011068105939847849
-0.002541946222304548
0.010948622218356342
-0.01927850645137387
-0.005984926017504791
-5.711309390664405E-4
9.95854000116593E-4
0.021604939590103206
0.015966117899291983
-0.0011114645384376707
-0.00842205240973968
-0.009489052553896815
0.013632845662465832
-0.008039362336858775
-0.010438051401887952
-0.007624108435840015
0.008015055431777737
-0.015968626609715875
-0.008273253090173899
0.0017572379736657713
0.042022967312755816
-0.01082590747230741
0.00677652127469856
-0.008908255549776919
-0.009868690269437347
2.957850068396606E-4
0.008895520419162901
5.808290971095588E-4
0.004096699636202552
0.004807214905484782
0.008191814544443338
-9.249376226819232E-4
-0.01866349147505522
0.0022414871721552917
-0.018992225153687262
0.01286174282434652
-0.007831743457897007
0.0038874838404060075
-0.011015161362315716
0.002947170010143286
-0.0036105843587366723
0.013147183244760054
0.02178950383069333
0.009438502539870048
-0.013725185164057036
-4.0798412907684406E-4
-0.005119990425636749
-0.010498934315425585
-0.0023060475224148834
0.00579142922678238
0.004954897763169248
0.0018053322197297142
0.01721005927832183
-0.019560768162718026
-0.014439697851484867
-0.008469950222683195
-0.005861520340616535
0.018594370111359608
-0.002016769832585911
0.013676100171470291
0.004796885274870783
-0.002821193270888764
-0.003938967367597078
0.01998601370648067
-0.016247840002385702
-0.006885092482749373
-0.00480729217446735
0.01937707308140056
-0.005609165684991719
-0.01777952387190531
0.016819356435366646
0.004271513402234332
-0.0021045884551091215
7.270547043489381E-4
0.023157517351877356
-0.001353972400381676
0.0017784851148156834
-0.01954561812910846
0.00514497790769016
-0.01527040656739379
0.010157678168798182
4.6760031495222086E-4
0.009197197140982013
-0.03469419602407394
0.017301338867199936
3.755429744922356E-4
-0.01776665677375814
0.012111340988871667
0.008167435671788821
-0.0018589921535842567
0.0037483469596698666
-0.003272910124602839
-7.943806543592286E-4
0.0076611686920544046
0.015694173440312664
-0.0063069844876787375
0.004656911595467193
0.0063231503710042426
0.015296748881333415
0.013537414379706281
-0.014364578637110294
-0.0067815595010099735
-0.004973603009535964
-0.0053972912222580004
-5.443077186616638E-4
0.009031531036790795
-0.03238698863581557
-0.009992962058915224
-0.013173189247380382
0.025127294095946055
0.01736340247405717
0.005494847257729023
7.481937540720802E-4
-0.011826249931089283
-0.03103103309358335
0.026112959539233913
-0.0025116507487632942
-0.004660587360904706
0.005672637524438483
0.01660422452379519
-0.008675727819548755
-0.017340431989220046
0.0134931197121193
-0.011031441177728748
-0.014202886036192868
0.017438294931791786
0.0043412350327983774
-0.016035589673351218
0.021286331387040305
0.015049574864529867
0.03913186361419772
-0.02618430146190987
-0.017729862568124116
0.004807924072598897
0.015246213621343327
-0.0016709294646909253
0.001997507223613885
-0.0010351375568465326
-0.011585176747596996
-0.009151726069850966
-0.023676053797745518
6.666480540523986E-4
-0.016884317104894228
0.01238865944797158
-6.690273699982534E-4
-0.015195916172491428
0.014048733552059562
-0.015717791443656128
0.010427550861347537
-0.006242880023586169
-0.0043121506327032325
0.02194585549897892
-0.01602052173022074
-0.0019561639786534347
-0.004059713252471864
0.023031891478386246
0.018504900782267138
-0.010983115309266437
-0.026360823662447713
0.0020131628117523795
-0.0020167698325859115
0.01886653652642698
-0.01685310172341161
-0.004609354339002078
0.018178290338558296
0.0023404213114259532
0.0037390320934726634
-0.011585361022513981
-0.003206251465470035
0.003660380882458198
0.0
-0.003908201851844866
0.015205377790611724
-8.755245507636334E-4
-0.007129270555350265
-0.016811324024054684
0.007337405528791767
-0.004937314209873207
-0.001233840541769754
-0.011681739249597452
0.01159075020661838
0.005185909428850586
0.008859556614410201
0.02214318437458608
0.013029613406100425
-0.02468362645656849
0.0020524357055122094
0.008276178525437064
0.0010179107061648205
-0.0044525796497379595
0.004710445928486976
-0.003984350691147083
0.003495544217498193
0.0010748228944242287
0.008150490242310947
-0.006692589440104482
-0.009113013403838651
-0.01274337510370196
0.010614371064010836
0.015429809185036442
3.919891986252362E-4
-0.018071841564654086
0.016383178244301553
-0.01754024445113713
0.004925982980707172
-0.007524038774337634
0.02346214705324156
0.010923726508235395
-0.002866153834764014
-0.01117398712016168
1.705453066548593E-4
-0.011523888860015789
0.012954623886375576
0.02369250920255455
5.904883311387363E-4
0.00940598287225374
-0.03884009364104388
0.0029386286460257533
0.0030093207266210023
0.012980594260718016
-0.03114732846467186
-0.0015139391649289912
-0.012719970864507081
0.0
-0.017559911270078474
0.028128111846635995
2.4161126154832561E-4
-0.005502211380226848
0.007528248301570161
-0.0033271258039299697
-0.005204802146448855
-0.01695114045734395
0.007280295308876863
0.010706986033856405
-0.038654689338226134
-0.009358168023909203
0.040630356127718745
0.01362880436023071
0.011955873376326526
-0.013475272833897293
0.011574274244056765
-0.0017315232246148133
-0.005582056429256795
-0.005102581644929724
0.009876666013448668
-0.00906397614622852
0.008412863858243969
0.006709879476107272
0.0011058341151672802
-0.025821692808071055
-0.004261871443891326
0.007499699377304417
-0.006688111131892038
0.016541916609504288
0.002701287723859185
0.021046547312957
-0.006940394258875363
-0.009478634509196454
-0.002149944650682325
-0.013411873887387644
-0.0018262375343158525
-0.018012372857558717
-0.005741675826677901
0.009946395522588657
0.013166637918279961
0.0055892513765347564
0.017857142857142856
-0.0022056035233906216
0.005075819808274283
-0.007919441418253315
-0.0057858551722529215
-0.00827679575436816
0.006229116401539954
0.02269314838819203
0.009076908951745842
0.00281298893742236
0.004367702404389129
0.013770235680975003
0.004476426980716385
0.007086409735526567
-0.031219515467919443
0.0015184830242351238
-1.1794684816083742E-4
-0.011818144959776254
-0.002654252124018255
-0.014519509409385083
-0.005357952061623546
0.027821053473491772
-0.0362755843546126
-0.0033972717190469967
-0.01705584271267225
-0.007558647200199984
0.02331798778050643
-0.004345137556525441
-0.004919539838967275
-0.0247043619305658
0.007382179522674532
0.03766864359677743
0.01605634047067529
-0.0016886422178764016
-0.010111779378930692
-0.004117672102642073
0.0011509130554776606
8.557330229991209E-4
0.005272917169186719
-0.0037662093813542814
-0.0032045089376408833
0.009081199702359493
0.006268766844331664
0.014970074589133056
-0.0026897796168659765
0.0025072661625797233
-0.021978604389556164
-0.0032514701240488175
-0.007495294407824622
6.31524692665422E-4
-0.00213824985006247
0.017087738500555436
-0.017459094021445694
2.972278965321148E-4
-0.006286077811644558
0.007737009095692611
0.020250981179172355
-0.026959431324867493
0.005947824057377106
-0.02249948770677697
0.006263589668884679
0.013936759187506939
-0.0018742055567885713
0.017409975364425307
0.007842784835476423
-0.03572036473897423
0.01811819500115265
-0.007891865976992539
0.0073390174081829785
0.016904801870648717
-0.007880741944168369
-0.014135002161348156
7.476448364739235E-4
0.012977417249410995
0.013228734021119482
-0.027915473303347697
-0.011999806568756457
-0.008551986476933011
0.007580219418009189
0.003406709715882607
0.020186973595225602
0.01900908249285553
-0.013320315715746947
-0.006921055182857922
0.00841147165274397
0.01650003072270233
0.009643671484976815
-0.005021508824657131
0.011542092159597998
-0.003998335751313415
-0.026995168990870476
0.011238721258847032
-0.019817604464861704
0.001770411526825763
-0.009457509472285444
0.013126379583754696
-0.0032355960455459146
-0.026515965224227597
0.017778709013707913
0.001958145935289415
