5.615391560068149E-4
4.030884609607134E-4
-0.016845146836329525
0.01588051921936204
-0.0040011548322864965
0.015129955584219864
-0.01320009983780682
0.0020712990858735465
-0.008571679038197319
0.005046308986847509
-0.011268411339302151
0.014793781390651996
-0.010818797100755308
7.088393721862984E-4
-0.002684879091145443
0.01279483681971453
-0.007266358691503452
-0.0013784402140934286
-0.0059803418924178064
0.014625140798014705
-0.006955765573754856
0.0016027859944537232
0.0013815971091737309
0.003971382470127344
-0.004908481381371659
0.008061372613600362
-0.007624858308090676
0.004471967075861997
-0.0027468181359544368
0.0038366501301609346
-0.003463067339121901
0.00237323534491541
0.001648629361683425
0.004427611946160715
-0.00251076464334158
-0.0035654766645024684
-0.003336451082017791
-7.03631738484603E-6
0.0015709962434871036
0.0017724911559155844
0.007751158590755869
-0.0132997100195669
-0.0031797797954689275
0.008728331224279927
0.03870917122734858
-0.05764636411104355
-0.01909407856110301
0.03803127144479809
0.04366354286229042
-0.07322719743804347
0.03232494626226907
-0.002761291686515924
-0.016662234029969164
-0.008418408177889549
-0.012321099188841642
0.037401741396700335
-0.038840329586689024
0.03654492699036628
0.10629219341429237
-0.10399679081796956
-0.06487132793284114
0.07458455181590105
0.06143735520363999
-0.07115057908669992
0.019583068037890075
0.058350586445687205
-0.050042299990249485
-0.02789135449332765
-0.01603997347163586
0.016773011792508213
-0.060489291188294464
0.05975625286742206
0.023230795934234
-0.021803032980469605
-0.042625570427213745
0.04119780747344935
0.01999531587145587
-3.9999961804389195E-4
-0.015755795904785846
-0.0038395203486260403
-0.014133642333213316
0.006309076053387475
0.01358516670138122
-0.005760600421555302
0.010518741189637665
-0.004847887872000018
-0.001427764228379369
-0.004243089089258294
-0.001660669072262558
9.841156062704234E-4
0.00942166600892336
-0.008745112542931234
1.6854947741711413E-4
0.003752459206163107
0.005310396633153115
-0.009231405316733346
-0.003743792551159298
8.368821302232304E-5
0.009374149298267347
-0.005714044960130257
0.01738461237802473
-0.010649746940928857
0.0031941737416976146
-0.009929039178793477
-0.0026832726538236484
0.00803229521482884
-0.0014228049868868706
-0.003926217574118236
0.017013149395050983
-0.017039540126668893
0.010274917570153228
-0.010248526838535305
0.01186168646930083
-0.009561925950280305
-0.00566161916253474
0.0033618586435143726
0.01383694839892697
-0.009628020997669285
-0.007016223181833939
0.0028072957805762404
0.0010182531525762192
-0.01793919935260523
0.0015661725807410848
0.0027946509651979104
-0.004686024730147054
0.026873002587167426
0.023933110159137648
-0.005382483099233249
-0.0010301604803959492
0.0011958237499887833
-0.009792115767658479
-0.015379493924146392
9.154512617023641E-4
-0.0017689780108869693
0.006568191673159534
-0.008324661608590824
-0.018150478806537265
0.006165059727125829
0.01572836150254661
0.010391547260748663
-0.009851237865378708
-0.008664013698439704
-0.010893557398998506
0.009119032267051463
0.009266344795636438
0.0019335034531292059
5.77702378368853E-4
0.017763098499473853
-0.016433007066521284
-0.009260985573162177
-0.008121053385802844
0.010832772371720215
0.017186222898947282
-4.984192664656216E-4
-0.01779123972418937
0.0062900362435046875
0.008507344146977368
-0.022465808909117792
-0.003907745709926472
0.020048354091654487
-0.0046896884960765835
-0.01508919346529388
-0.035534289562931816
-0.005873250887882651
0.020321928854224444
-0.007200791261238116
0.030538851337175536
-0.006687457125691019
0.011126255350192838
-0.007749742292660735
0.01202445058015242
-0.026163085651561863
-0.002928845761770705
0.017390827891021074
-0.0053400388522833655
-0.016621959533494088
-0.008929922473310422
0.01711503226864715
0.0065309463256611675
0.02873556374898389
-0.010214113818316316
0.025010191139638243
-0.017356157474454133
-0.006748882227083109
0.004756234292522498
0.00946162157380501
0.0018210078332277953
-0.004858611104376231
-0.0102797430260552
-0.011112465221708582
0.002967289348782775
-0.0015973822856247526
0.015053129023907338
-0.002743096523903865
0.0018225115663872025
-0.002604799127139931
0.004011630320020882
0.001102290053136959
-0.007320319375210625
-0.004480452180057806
-0.004443352853324296
-0.00754446613717988
-0.015774718130446633
0.01880377291063172
0.0068880838750299545
-0.012661985882297687
0.015193669893170454
0.003714239984728286
0.010000400050438094
0.0017020913596613877
-0.004005361185264999
-0.003905362026905182
0.005715489947478383
5.020597318875237E-4
-8.309185309871231E-4
0.0017763125775998234
-0.0107959202969239
0.01011389347267207
-0.0014918351047682674
-0.003209564725126417
0.01656163245936309
-0.009880226756623083
-0.009637942784250675
0.008111703087981922
-0.024115880721293545
0.007902201872430532
-0.013697825442092705
-0.008306252335604588
-0.0032304241257008065
3.857873830924866E-4
0.009161700129975373
0.018928854049061656
-6.871737651063378E-4
-7.663884367589296E-4
0.003856321432954477
-0.0078125
-0.007683255255355272
0.012212370489715598
0.006346875157161881
-0.004096554097171214
-0.0018357925534878364
-0.0030450401431680457
-0.0021466306636352874
0.018657295510369265
-0.01073385447226842
0.005080192537424864
0.011051296763850837
-0.016325863418652026
-0.025467367791373506
0.013802554551270196
2.8796965548277386E-4
2.066309617885032E-4
0.006343470634977826
0.005843851145120378
-0.008625479134581168
0.0077028178270212196
-0.027150031795517213
0.007120931775669217
-0.0015828513025737678
0.01002272735338914
0.003942433982791972
-0.019061218236313418
0.013824403324087485
0.004217478010563033
0.00492946823263388
-0.001595735616410317
-0.010014869724713164
0.012167855161472181
6.98564693967554E-4
-0.02002916421718029
0.004370633364604137
-0.006482341212305171
-0.020677320035518417
0.010389447424453916
-0.0043502017297978295
0.029507965955726773
-0.004735056537202558
-0.009105922980903298
0.009938664300966342
0.010034321907053754
0.0033576821430074877
0.002587072251674272
-0.012965643661211296
0.00612274506609359
0.008730898220238995
-0.00920845226937372
0.020035306840525964
-0.015741596226371224
0.011342819839639529
-0.00260038609265624
-0.01538926648452615
-0.011380472987062927
0.018184846007048124
0.012039331250614755
-0.01167464310305836
-0.014708652133884958
0.007828894342123263
-0.008262981809301585
0.011824130320020882
-0.01562720118331252
-0.003914126443095731
-0.0016292968705232114
-0.0039959916377149286
0.016609744656875695
0.024804319408226756
0.0047289386997101225
-0.011751052536067582
-0.005720446584240801
-0.015485853593451428
0.013602590780055802
0.014088549616138868
-0.01230643577479159
-0.003909645591930135
0.0050787141066460754
-0.006098396502235558
-0.004421995086089255
-0.001780269141473582
0.003670606981058184
-0.0028867672991160914
0.007527338836764047
-0.01814767422105008
0.012038494085264752
-0.0017341763001988099
-0.00302505697443667
0.0028652200126601185
0.007322559184768599
0.004157575430515755
-0.011475324621902719
0.01577669944227284
-3.4846088034956244E-4
-0.009224204379510322
0.005654772923675693
0.006769393503893946
-0.00582393528334795
-0.0066934169026724236
-0.019275103529830397
-0.0031373616592486157
0.021140213504563285
0.0068415460196957385
-0.013059928432176387
-0.0016736485964261947
-0.002320926734771153
0.013196187161525234
-0.007112986785107356
-0.012476231309673035
0.014494006332646012
-0.0024779114071102615
-0.011220076199032085
0.014684540042408913
-0.021762726393086747
0.010623803368872864
0.016093314788981992
-0.014564795050076915
-0.013681518716860974
-0.02445640336689761
0.019629345080870178
-0.002447418050468896
0.005557584669473207
0.002098555752817059
0.017221051365990815
-0.008651604736279697
-9.36100945549169E-5
0.006709150707228757
0.003942433982791972
-0.006529094740489419
-0.003933756247297131
0.00289079859328058
0.005046833207959813
0.021753865954428988
0.009564550845483789
-0.011773803069916978
0.006632360408138527
0.004512258567696929
-0.029299009365181674
0.020209059302895786
-0.008185596496470802
0.008682570061213906
-0.01617375531280813
-0.006711415223903444
0.004941818279887638
-0.02096018845614188
-0.0017798428422228889
0.020378083886044798
0.02149259687670759
0.0031101249009616323
0.008824606106865286
-0.0068186153981976295
-0.016207477191256682
-0.006719838238074621
0.025886381542138143
-0.006420942825247797
-0.0187904648574694
0.003602787553766797
0.0017928375813860073
-0.0029292846997831037
0.010678229228970158
-0.010742161113579313
7.240237850104463E-4
0.0024954214116566136
-0.02032709502576141
-0.010898318484569973
0.016618717054675783
-0.01672379885827909
0.014937818048538212
-0.006953599760616977
0.013402812754464147
-0.013960967209023935
0.01690413751905222
-0.023220585103798198
0.015432734472707557
-0.002486307411626118
-0.003821806933229854
-0.001754916042057679
-0.005932566445517779
0.0196792585186027
0.017069963687423605
0.0052844668753591435
-0.0019385770784325351
-0.02063919284517478
-0.013829533669069475
0.018893543186383324
-0.005718658872239163
8.622421033809132E-4
-0.0038604063351294366
0.0023768926637853715
-0.014180088385880777
0.006563296481067642
0.008496311174489719
0.01276280029463749
-0.011153310082877975
0.0018885775007278826
-0.02223785995819843
0.017086046039416308
-4.142705127574463E-4
0.008586528768667008
0.014403073352427971
0.0045418942419430015
-0.01732967115091033
0.008612257492997703
-0.005377337121520437
0.022778772781301342
-0.013967939602311158
-0.010639207749919732
-0.006729960254102585
0.0024494766242548725
-0.019808743472609056
-0.005931521252127887
0.010162516455886719
-0.007725349803695227
0.00531790567816372
-0.004059835416548764
9.035686878352417E-4
0.013199429567684409
0.017592003364166605
-0.0012792419398504873
-0.009217639241882868
0.0030290231905635446
-0.001386807751983337
-0.01871230761050187
-0.0036243731452197114
-0.010847031632796756
-0.018332468510636732
0.021389992889645
-0.01035218833181972
-0.003561397009961405
0.02896303497323907
-0.019040695969469657
0.038080399323224004
-0.018640616281964277
0.010775188426687315
-0.01144431724379412
0.015307350679242434
-0.009535380062152293
0.014982937610356455
0.005089130898694331
0.004045630884268622
0.00853457665698033
-0.023913823618739186
0.027655693837962084
0.010814028694147867
-0.008746743298274184
-0.0014282654406978983
0.009217784974871631
-0.03463785456888405
0.006806132057677247
-0.004454122079064494
0.004559161556273196
-0.0076072909942459166
0.013789328395413969
0.01648768675311841
-0.009917012499464521
-0.01059800321943313
0.007613076974704792
-6.176503153855744E-4
-0.001508952858308263
0.010754390472441847
0.00430061035912253
-0.0031423136602131497
-0.00445289577921407
-0.0076128113575884395
-0.02619072665481338
-0.003229972223930025
0.01561115682263124
0.0026854712610451057
0.03555005455608254
-0.0036412231534687332
-0.004023266003117125
0.002176178905629893
0.0015182363956000918
-0.01624672802406394
0.01898992186768976
0.011854446769954462
-0.002465978734196246
-0.014162675393808642
-0.01634575803448409
-0.0012049847987028132
-7.813889095800389E-4
0.00311024645991545
-0.011563681452514248
-0.0076718818323079745
-0.005591023449924328
0.010748471310214006
0.003697200644810543
-0.0011045498819569803
-0.030149785355973513
-0.010704161187368886
0.007403975900542873
-0.029222715274571005
0.02051599985308003
0.022884324959684652
-0.003273379112658433
0.001478266917064687
0.0032568434681233167
8.956251973853153E-4
0.018536856708273236
-0.0013105780831251558
-0.004347125152077641
0.031217015783728944
-0.03571860684393802
-0.006884163540521569
-0.008268424049420905
-0.008692089048384795
0.021295486305536387
0.025375388342761058
-0.008621571621277274
-0.013359370033049746
0.009670472484309994
-0.006025173020343848
0.013668616286848331
-0.007882434263369643
-0.002713002806464496
-0.006339877132427433
-0.0037129786185737057
-0.013391954795833376
-0.0032328487632168022
-0.00448799913379211
0.008081685098847664
0.018229665837454598
-0.004574443387372108
-0.001053810061070761
-0.014724154421329419
0.011733924090786593
0.009225062046142332
0.0012119274796603277
-0.0022803759845454637
-0.006311025793661086
-0.009884754196881429
0.019644047679246737
0.0016412115449019778
0.010593219817538357
-0.0053755562224673415
0.015040052195533855
0.007328155121364862
0.008133309773306535
0.00146765780787423
0.0080031864420952
-0.0064851527260677755
-0.008828310481587616
-0.019096719709323338
-0.004867338048482672
-0.005032266075991516
0.005173986538372051
0.00676714259861887
-0.017209396711640172
-0.001237051836583231
-0.006963040127654249
-0.0030647518901247015
-0.01755344405658448
-0.0014061508368984716
-0.01864349454238899
0.012394631093923468
-0.009758298136999024
-0.005742007222385218
0.022022832865864695
0.002546973379999023
0.024287141662918416
0.009317737555154713
-0.013704287923843154
0.0010067644802490422
0.010333095665513145
0.0052701780989548395
0.01086140255201291
-0.009270535418454878
-0.012156750156235784
-0.006751964545444581
-0.008440935334391296
0.030506645444042677
-0.008217541940593941
0.014046402533778767
9.895520233201473E-4
-0.014469982739260555
-0.0012895744345285407
-0.021375477843177587
0.008871945468678241
-2.1456626166429724E-4
0.008178135213841996
-0.00655388951279195
0.007066880906017547
0.0024296237718607686
0.010921079695759738
0.0051458835484571195
-0.00989034272310734
0.00357575503399329
-0.009018884259073042
0.0037138672550948697
-0.0064050548429117095
-0.001509363630935679
-0.00142403052883441
0.004784073859615388
-8.447002866109991E-4
-0.0061227214948435735
0.006505058553225359
0.004170821427171495
0.009807649670506128
-0.010613462422781425
-0.004244560380414554
8.7078736750362E-4
0.001357807328415314
0.021549262158130182
-0.002219393706134561
0.024608544362201456
-0.012497990792911532
-0.004395459695918156
-0.022996313632557927
-0.003978312761333178
8.524759959265063E-4
0.0068374606279619325
-0.007460686184081933
0.01766237487313866
-0.006597887343076265
-0.026316293937234253
0.019567729694650787
-0.02137106787120454
0.015789955558599834
-0.010106671459471063
-0.013153679054505322
0.015595369982304059
0.031121657663490277
-0.012604545444830039
0.013832207178869363
-0.00790130052753546
-0.008568833005088294
-0.013506813510312798
0.010985409148365733
0.013460441733982913
0.003492409471837924
-0.006907912928632734
-0.004511828436767468
-0.027440993760802192
-0.01082237883807578
0.037129836941654414
0.008912555221909053
-0.016897625669987124
-0.01654005790549711
0.010918528901291448
-0.010009938025327752
0.019298651149279464
-0.014372128556374139
-0.024242667260192523
0.03602234331835999
0.0018031163746121612
-0.020467946664625654
0.014310105073679831
-0.007951207288065342
0.0024010941933763977
0.0021795147310871
-0.007238833497426333
0.00215516836955897
0.003932510816363105
0.009335834315133285
-2.797418606619098E-4
-0.01155198394847444
-0.018463253098314987
0.0026302083510855246
0.022287428519274437
0.00135250894889535
0.030177386804817873
-0.017082626741965444
0.008265445818966578
0.015736548527086218
0.005731045530461373
-0.01312959571073586
0.006657943820437315
-0.013025168505520688
-9.067332402139475E-4
-0.022273053031293767
-0.008620793550404997
0.00227301560694413
0.0044335064780801955
-0.007700006833387511
-0.01319201573311038
0.019318649677821112
0.011661771841319508
-0.010686338089449321
-0.02107729717584726
-0.025438316647149652
-0.0013585782168009462
0.013314394530351836
0.0024124092447829195
-0.0058633267783073165
-0.01446229855354373
0.04966484378671334
0.02838288662000859
-0.02225183771029102
-2.0291470759358637E-4
-0.006538350243270367
-0.024553400245537167
0.026989316027229263
0.035467459538518334
0.0015730781366768282
-0.01699952674527051
0.007197788560956842
0.001079776166195979
-0.0027881432060145065
0.030325304664194218
-0.017197494344160746
4.0344727990522457E-4
-0.004455854849500196
0.002118647565643253
-0.004427458096166927
-0.02941230557210195
-0.016481642522860357
-4.150055482692802E-4
0.015582925215740822
-0.008873645169368935
-0.019308307761534634
0.022865668597556663
-0.005727930904557255
-0.008988779890584695
0.006003013131405301
-0.011021537573450237
-0.0054509728818207676
-0.0056159713505940685
0.0028717685862489975
-0.013403946194730336
0.007523557335806459
0.019576004288851943
-0.010629543292427907
-0.010838862126072445
0.042791976361187554
0.07286335387526303
-0.008630868764331383
0.005128577829021016
-9.280899246658751E-4
-0.022906386201912765
-0.003676387083215208
-0.0077776969076381285
-0.011143724263506466
0.023887469501189702
-0.008641941118119875
-0.010366487859462512
-0.011824750028201832
-0.007363201912659876
-0.01329611338396591
-0.03149755562197415
0.04392496045493609
0.031135899830929178
-0.01402286270369871
-0.004469704931228661
-0.016179868606730104
0.01040529671708507
-0.04150802954357737
0.05283684449762195
-0.01833444292612289
-0.001791813082080809
0.03387155909947275
0.005931414521744674
-0.009637040383172413
-0.027939312936923776
-0.004862862298880366
-0.005265785395702807
-0.003469001878302568
0.009156889720842864
-0.0016577147247846188
-0.02077654257681314
-0.007304188283691644
0.0011186127051040998
-0.011765530128684809
0.05257643105846889
-0.01612180914271978
0.019544790007301534
0.01307603117761921
-0.013458054681678822
-0.01068597206272541
-0.016473522986757475
-0.013965973983453332
0.010782281222144939
0.002774492884358503
0.010574007751712352
0.006310108958495913
-7.194941212956447E-4
-0.02177033210167601
-0.022746750887115617
-0.009137302608696243
0.0026953017725189765
-0.01216079116865326
-0.026422302689694768
-0.017859605400584653
0.005458032759869079
-0.010175408322578934
-0.009379486549992315
0.02254029506836107
-0.008752615303326623
0.10027467406693663
0.03660058253688813
0.040388826891949496
0.052684165365627575
-0.005943423615717779
-0.010783574376205711
0.01936167979468502
-0.029594583643140764
0.0030151409903426615
0.015356160632455679
-0.04389898145212757
-0.010570876455934776
0.01827653347529025
-0.021345476170476867
-0.01807262534371267
-0.021882780134445425
0.015118402731871337
-0.02229015200266103
-0.017905619013227847
7.687938947759446E-4
0.005297749454273714
-0.028376003084970996
0.013952189240698128
-0.019483665078789264
-0.03217977044111149
0.013598396445519054
0.06678632932805241
0.013723317243328778
0.006222837404071447
-0.010415566189352417
-0.025409698528849424
-6.72883765882799E-4
-0.02126261901691776
0.009604512441611238
-8.336377150157488E-4
0.005553246826876261
8.940221832439031E-4
0.0029090524057876956
0.014045482397761187
0.04788697968724597
-0.044395470732407405
0.002757098689619988
-0.02917054972385292
0.02457296509819855
-0.010594609323493195
-0.029307728173247456
-0.03314715030403334
0.0036130801715061655
0.016518627509096044
-0.008983183909860464
-0.012858351271357375
-0.026351046184761827
-0.012962943020353772
-0.004585305273696489
0.009960122769643098
-0.0203903598528917
0.005430887759006538
0.0046856863476735025
-0.0019101351803255204
-0.0630597810978074
0.025550554831600764
0.03391326565094696
0.01029370993182356
0.030882328737252995
0.06841582120790513
-0.010238665845402919
0.020243561665222492
0.045028258067937456
-0.040101394821779136
-0.02549328355199027
0.02794533242346542
0.01722968142793377
-0.0108905114070604
0.010163450734006148
0.0
0.05614559733236637
-0.03365388816385455
-0.0233843862230411
-0.05738897597551261
0.1053393065322788
-0.037280539332279025
0.0054416803840859375
-0.0014798997153515107
-0.0808077652029571
0.036010154205137146
-0.017434058344070594
0.13341225063339873
-0.06613059028854254
0.007471872202001871
0.0035736943444515754
0.0
-0.06321951361801044
0.03806419038598311
0.008133000478617246
2.4578670753287214E-4
-0.11096015609241137
0.034452156482091545
0.010333390172018328
0.044435954289848666
-0.0022068295432981153
-0.016165172803300643
-0.0039319015416805205
-0.0147199243264458
0.03847140786230602
-0.02801291902243326
0.010689304791352702
0.0
-0.017664375859784642
-0.028359304143782904
6.697720137096358E-4
-0.05454688629988946
0.12213687546836532
-0.028804444794716243
-0.0030691015607139625
-0.001660126932141708
-0.02250449649528348
7.822010600935965E-5
-0.006491197648461237
-0.07339110536612789
-0.010685384206480235
0.024231922976297487
0.01586460843352521
0.0
-0.010565875137055845
0.006641011711961586
-0.013666636223095194
0.013448959886367146
0.1066860531669283
-0.027678144398245508
0.0
0.0
0.0024673031499873807
0.0
0.0
0.0
0.06153948930757794
0.0
0.0
0.0
-0.06049083317360115
0.0
0.0
0.0
-0.020178193313933272
0.0
0.0
0.0
-0.053350441086202606
0.0
0.0
0.0
0.07324655336429042
0.0
0.0
0.0
-0.021114885204782993
0.0
0.0
0.0
-0.007199635251194299
0.0
0.0
0.0
0.04029105830333565
0.0
0.0
0.0
0.0
0.0
0.0
0.0
-0.03530416728248457
0.0
0.0
0.0
-0.01730799020969275
0.0
0.0
0.0
-0.028248249953809413
0.0
0.0
0.0
-0.09824111568150204
0.0
0.0
0.0
0.22320207907516107
0.0
0.0
0.0
-0.05931097204314924
0.0
0.0
0.0
0.0
0.0
0.0
0.0
0.0
0.0
0.0
-0.038840329586689024
0.0
0.0
0.0
0.0
0.0
0.0
0.0
0.0
0.0
0.0
0.0
0.0
0.0
0.0
0.0
0.03654492699036628
0.0
0.0
0.0
0.0
0.0
0.0
0.0
0.0
0.0
0.0
0.0
0.0
0.0
0.0
0.0
0.10629219341429237
0.0
0.0
0.0
0.0
0.0
0.0
0.0
0.0
0.0
0.0
0.0
0.0
0.0
0.0
0.0
-0.10399679081796956
0.0
0.0
0.0
0.0
0.0
0.0
0.0
0.0
0.0
0.0
0.0
0.0
0.0
0.0
0.0
0.0
0.0
0.0
0.0
0.0
0.0
0.0
0.0
0.0
0.0
0.0
0.0
0.0
0.0
0.0
0.0
0.0
0.0
0.0
0.0
0.0
0.0
0.0
0.0
0.0
0.0
0.0
-0.06487132793284114
0.07458455181590105
0.06143735520363999
-0.07115057908669992
0.0
0.0
0.0
0.0
0.0
0.0
0.0
0.0
0.0
0.0
0.0
0.0
0.0
0.0
0.0
0.0
0.0
0.0
0.0
0.0
0.0
0.0
0.0
0.0
0.0
0.0
0.0
0.0
0.0
0.0
0.0
0.0
0.0
0.0
0.0
0.0
0.0
0.0
0.0
0.0
-0.022692356737002012
-0.0025689871052682837
-0.06258553139327956
0.022975547302708718
0.220419604648429
-0.08565279391316725
0.006267698116258002
-0.06644995703561872
-0.13235031232728167
0.14919833064190655
0.019060420902896516
0.025528915986118512
-0.04579386754625541
-0.002625963177783833
-0.012784887616124525
-0.009945860746536181
0.0
0.0
0.0
0.0
0.0
0.0
0.0
0.0
0.0
0.0
0.0
0.0
0.0
0.0
0.0
0.0
0.0
0.0
0.0
0.0
0.0
0.0
0.0
0.0
0.0
0.0
0.0
0.0
0.0
0.0
0.0
0.0
-0.005546571391867702
-0.013956347225397358
0.0234375
-0.026626938119736952
0.017704467932997486
-0.020456279360501706
0.035769835542314055
-0.035587011220078124
-0.004147842665992007
-0.05284879225873119
-0.006716710081788145
0.001127813613231771
0.015703220106009358
-0.016165172803300643
0.0546875
-0.03125
0.09822804217393566
0.11543918984838344
-0.09591130437832183
0.10266367700443185
-0.006430621948865981
-0.026149959293244592
-0.06701436857472946
0.013942155903672818
-0.025179175636178927
0.05519078233279163
-0.041804186498448755
0.01806027791809404
-0.01864676113501347
-0.01070268026060818
-0.08581418666793691
0.04871367102793983
5.821368909462006E-4
-0.05037003544462882
-0.024147050536173154
-0.05841536323742589
0.0037207098804721813
0.03125
0.018056467942299814
0.09617115281913456
-0.046915765641149125
-0.007602110308023884
0.06527142998951688
0.008306866862552656
0.0013516023332393948
0.038723541599983806
-0.026748322794153283
0.012202094847048602
-0.018041835596331907
0.01118486112094651
0.0017223460124257094
-0.04065923908329573
0.012728771995401709
-0.03346143870811589
0.016452568418443114
0.0016541351164872467
-0.005713750236506463
-0.019784097591852557
0.04215558212590176
-0.029442621913667234
-0.03543660053273225
0.016481550144807705
0.030113608312355728
-0.02110441867096739
0.07552554978937626
-0.018822899690218515
0.009265801749964563
0.009253320227559932
0.0118171640949605
-0.014025164874677195
0.0311404043417741
0.03336526473724637
0.0035174688022228343
-0.04858182066323966
-0.04645744942173023
-0.0033767076193222134
-0.008228457019216432
-0.011904005299962474
-0.013351595117886951
0.010446194001039147
0.02925258402746793
0.013773647360702738
-0.025115957056418878
0.009813053528253611
-0.025313158360389314
0.0020360538261891452
-0.004934688563875212
-0.020605884263786803
-0.014133795889518332
0.04641768368616995
-0.01839531812912379
-0.010624066339200322
-0.0011161700225424322
0.031375255674871455
-0.008967221820739455
0.05488856878762691
0.005727942283868668
-0.026054237198601282
-0.03159158709146724
-0.030038652173626654
-0.018494293851564196
-0.022709249797009546
0.04645899682748017
-0.03029967100472241
0.01226532281758472
0.017561462604490572
0.020411728546636608
0.008667601566469826
-0.0011420130357847683
-0.005782730230525531
-0.0027881812600992137
0.007765261006620738
-0.006977177985346125
-0.0020909146634757693
-1.4161537787688722E-4
-0.02781883120179815
-0.0058788567989370225
0.023260912455271836
0.015564655394261136
-0.004609472369713256
-0.01584784341727358
-0.00917830207792572
2.227413946919861E-5
-0.0027575297940043465
-0.01774346950067473
0.002921275907470395
-0.013745817587581595
0.037129358384806965
0.0706725400713987
-3.644547590513807E-5
0.007157361174130244
0.02573544234574291
-1.6465352206382344E-4
-0.03835920009087134
0.0036694757218883635
0.0016599736994539751
-0.0043231480484732625
-0.016045702874114227
-0.010468540276843212
-0.016745966576367732
0.00482380704836662
-0.004197210811132693
-0.03168902143361152
-0.007728684423233666
-0.003373357214844392
-0.01899268994561071
-0.0050828070597517035
-0.010420290695723226
-0.014725337110063286
-0.011138496358127244
0.021103754289697234
-0.006677369211732471
-0.008673446711819664
0.058108385409445046
0.03681969520097804
0.001974734101036749
-0.02740956704286134
-0.011526957825278548
0.016311905548022056
4.748564191417457E-4
0.004559631938723632
0.010427169021036752
-0.024251509623295073
-0.00493413902344968
-0.00432379139030892
0.008987834988663094
0.016332747426855213
-0.014777767475714257
-0.010871455121901703
-0.029990747323921894
0.0011949911416290551
-0.004751553560553676
-0.002025003680518438
0.00496344787113074
0.007239087247027584
-0.018268233623696936
-0.007763444535428356
0.004363109174396633
-0.015083749496093743
-0.009746024721092896
0.00974409052033353
0.0295619652810038
-0.015066750313854186
-0.007629509435629295
-0.011767640211446469
0.0020686663719269712
-0.020518319617075877
-0.008635522329711834
0.02561609088236299
0.01140687296931488
-0.0034241158344883345
0.07663053416290422
0.045934949553800536
-0.004852939034208982
0.029011581916818147
-0.005998222176560097
0.016177033112559316
-0.011044256710369516
0.0047364340203795065
-0.014108067648651773
0.008324762624592804
0.013384571496497143
-0.027494333672412337
-0.031475705453687886
-8.372320287992825E-4
0.022284378230939553
0.00957803708669044
-0.030390195383353597
-0.016552799513754258
0.017848802020162664
-0.03248897123268905
0.021723277224178154
-0.02353098660978024
-0.006767616739033503
0.024271321923338036
-0.0049206147538559805
-0.00759641426020778
0.013695169195707686
0.010481079100530814
0.00945939308855589
-0.02476106024952263
-0.013097561190860973
0.005639840720682755
0.0047941082960788065
0.01165887973625554
-0.03347280731463562
-0.02712700958896954
0.01330524707370851
0.001543295002558699
0.0024834078574703967
0.008647003912397642
0.001466894810909159
4.579410939345855E-4
0.0033504066108367217
-0.012709106869376985
0.01592858561329367
4.369510625565195E-4
-0.023726329400879487
-0.020351286275611467
0.01548235624833794
0.0039042365975328914
-0.008015414707593586
0.021750793514869807
-0.016634288197459275
-0.01772647794609623
0.018636004200301433
0.005952809724456561
-0.006216183774627387
-0.009975971356562818
-0.004753188708172935
0.022245091514259345
-0.01907807592257381
-0.0015907491522809767
0.020356450247226415
-0.008558119093982453
0.040900890534152384
0.022676751469143094
0.010684247829926781
0.010441077151809527
0.001143189922955303
-0.010654775103586676
-0.009926455781956264
0.013376382288435828
-0.021287510439168416
-0.0023105705193816667
-0.005274296364382293
-0.020425899445080404
0.019157160938873735
-0.005867563780339907
-0.005684500908074031
-0.001212970152279975
0.02516104876456117
0.01585369728768038
-0.010437092367092636
-0.009865837548742255
-0.019087903812603946
4.1773397761912887E-4
-0.014189370842570687
0.0040087260144046535
0.013070449458915737
0.0063214892975418935
0.02957501581431009
0.013478545795983097
-0.005767481327263341
-0.007524276472668024
-0.02328157023892765
0.005400448900223991
0.0016274264451457028
0.015278806464068087
-0.020815681311950014
0.0013722554096073257
-0.0046250624599686145
-0.005514761698105005
0.004593490066140807
0.03737692726318645
-0.010778697036353636
0.013917863464076884
-0.0013734450636041697
0.004578440853796521
-0.02460012918126841
-0.005841205105911489
-0.009981210747730854
-0.01929638460545509
0.009952997784685311
-0.017511106413709447
0.005801036071088516
-6.816206090631315E-4
-0.014360399416362305
-0.0014962993655492146
0.005843205460378391
-0.007977352099516413
0.009447383891112729
-0.014363302107927273
0.0030470098723665434
-0.00840729334355527
0.006032058016895285
0.007136259796686869
0.0365717306400775
-0.023593210102134204
0.010672379360585375
0.008633802952023968
0.004993923644026089
0.013642883633848794
0.00902753857728327
0.0038596479645838476
-0.01215605702001462
0.004435475084372831
-0.01090655580696941
0.01620395564097868
0.008513570640896896
-4.0555433146064433E-4
-0.023046097546803458
-0.006521357417652693
0.0025178619745139623
-0.015011386304646622
-0.017915294018194205
-0.011403639561735762
0.007492103568977691
-0.01887401501902529
0.005537448822161592
-0.01032522989388531
-0.022496460566128133
0.02928654096418585
-0.01014398160218016
0.01662793577534427
0.01867759255379429
0.012552135097471856
-0.0010729799600998936
-0.004006183055260924
-0.009083634584534064
-0.00185239599734264
0.005393839511644026
0.01158882241295434
0.012028299677217736
-0.005825044625957157
-0.014226597329905076
-0.009181383399257437
-0.005280854223680123
0.011082658071434305
0.02935386381019344
0.0034998258939663504
-0.009242695733512085
-0.009693885553226783
0.004660549253916459
0.008665191189570213
-0.01186950194453915
0.015221551149753501
-0.017195631947547294
0.008293139233069497
-0.016103345755576853
-0.0056524553343715095
0.0013658762946463121
-0.015441223108036566
0.010899925213711893
9.497744557759001E-4
0.0012159721838937189
-0.01640233181463361
0.005466957352009666
-0.02903447199773824
0.001267730500716916
-0.005751641884291411
0.016626430809107244
0.00859985671584928
0.027939206714312485
-0.004335895020409388
0.005376833235570035
0.0028723623483978347
0.013198824472753563
0.005770589955603794
-0.015085633948101574
0.021053051920319747
-0.003327026793177295
-5.221243938829008E-4
-0.0024637330933965276
-0.02554022797157981
0.01181745411335406
0.0018414161878124898
-0.002638233700967182
0.019618660763906733
-0.017117576886565945
0.013541331405675133
0.0023042292449341993
-0.020255134236706083
-0.02667861485049872
-2.4528423762274626E-5
-0.005770598121792252
0.002837512710344693
-0.02607583276090114
-0.02050495268841121
0.04545938132078
0.011402674885161258
0.009397345058238832
-0.0015855166222776065
-0.0033916044925181577
0.0014374508343264428
0.01305896886540691
0.009585601730789295
-0.0061720903604254845
0.015106181379010783
0.0014096927462810896
0.015171168115538362
-0.005959007846527139
0.011364040500882088
0.002839224043295451
-0.013865951547383116
-0.026856456991113227
0.018891007723700337
-0.004750375970157802
-0.012269964164312487
0.001040801852419667
0.00607226178393638
-0.013033897224313527
0.01519010230645157
-0.0029610958473917735
-0.027370626890625457
0.007527629263930849
-0.023696764807349644
-5.544913668711201E-4
0.005995346788638729
0.01644706564013003
0.027616433628292435
0.013164374964163847
-0.026777857595193633
-0.007045325433649138
-0.011742396184957305
0.0082597843573998
-0.01139630831136696
0.013101040399139438
-0.007076330816549077
-4.3017495936435377E-5
0.011262679586730221
0.0298378091482619
0.007494970234966203
-0.029184845533187766
0.005347242002458811
0.014890509568449737
0.002812423568119095
-0.014119531574954462
-0.00836628837797464
-0.009973821015112906
0.0028236948046588377
-0.0013216488027217674
0.010919206952348954
-0.016963721321819246
-0.0033789935219198045
0.003066856647119408
0.00827669723323557
-0.01074409551840494
0.023164442829151644
-0.026804825601438712
-0.012904033590611375
-0.010825314920393642
-0.0038511491078547736
0.0027649297492832138
0.016758314686560923
0.025577856592195893
-0.016104985802854774
0.005107550646387351
-1.0524007499364274E-4
9.861053608081144E-4
0.011955861571748206
-0.0024630052626756728
0.0012165713948969282
-0.01798602270535425
-0.004129612098367649
0.022437751796870367
0.02977802183137789
-0.018782595329446504
-0.007068825673824768
0.009487595627975864
-0.014069834854779426
-0.010373338057283514
6.803986723142143E-4
0.002219323220741843
0.001912163060780605
0.004607212813949281
-0.008267966163208455
-2.6445057820882484E-4
-0.015224044042317638
0.0
-0.01220710158258631
0.028730630706341482
-0.007569158835718988
-0.005683622271702051
0.00832677661812111
-0.0019547639026205052
-0.013939824720017709
0.023299877075319685
0.0010826039169269455
0.0024251385700469466
-0.003918322953709188
-0.003580884379597827
0.01807131865449346
-0.014351501981238867
-0.009029926091984794
-0.0014573195111989273
-0.006298385580028717
-0.001615763879237596
0.013159642590317187
-0.004949109820752397
-0.019914418322512888
-0.0033166256970128417
0.0017797180889048067
0.026983230103166007
-0.007585555806713343
0.018017468566851522
0.0026981666557478867
-0.012022388491383363
-0.004092616877075331
0.011742134346798777
0.0025374676139263003
0.004135714299514138
-0.0026324859352403803
0.011032406963049659
0.0045466454835002106
-0.017767855142724127
0.006712735699741841
0.02097229414572259
1.1029265569154501E-4
-0.013143251093649659
0.00825411295781489
0.0010774377944682495
-0.008726368059862525
-0.021006205645513087
0.00165041698568674
-0.003957337247392667
0.006424740004736328
-0.0038985943384697193
0.013762028161394019
-0.0281483378265451
0.013821711431483811
-0.0032571718666486327
-0.023724089262040074
0.004985925767145389
0.0011726973843953978
-0.002052167155711559
0.002575190650751371
-0.0065420273894493414
0.012401150103907093
0.020096261229910043
0.012849579694566342
-0.00993811507451851
-0.0056229216142141165
-0.00880683141478849
0.014171463275060112
0.012599060172094865
-0.011594138374978889
-0.006746021437721711
0.01185267529116521
-0.009406383280720042
-0.008926246940172041
0.015287761914153604
-0.008267357209038522
-0.013800382320945003
-0.011558457189700545
0.0186749091930244
0.01316982884707452
0.01693272768583634
0.008246137138034685
-0.009869995213274346
-0.03828097021516911
0.03288926003182075
-0.013956974503286878
0.002843864730283968
0.004090015031241026
0.005057015016397803
0.006800938023211071
-0.021638608158386165
0.0
-0.017350036402484736
-0.007786868827462883
0.015109874265004625
-0.0037197993148273016
-0.012851243389705693
0.014787914043683407
0.020785748582034625
0.021529861132092695
-0.021544256272799635
-0.013070354223360638
0.006952114793429398
0.009368398236615777
0.006284182129164655
-0.005931098866310763
0.010212379630852648
7.726212474313448E-4
-0.014605205559754763
-0.01655966109463906
-0.002327912860884379
-0.006457837986195222
-0.002972117630277513
0.007211863876261969
-0.022855004853435147
0.022551731539476413
-0.018600602717368023
0.022508187059751827
-0.013224104946725126
-0.0012299824509584218
0.009017989666979084
-0.009363361606268363
-0.004288184420932587
0.006675335636566311
0.010719974407041222
0.006951491998118244
0.0027287717262326205
-0.011252089055814391
-1.7394025948244077E-4
-0.015068133036149957
0.021470552944261187
-5.103027759775494E-4
0.005236916613829334
0.0014477549713553283
-0.007421872158281688
-0.00754257897041005
0.006093001719854352
-0.003229676466079001
-5.062547732733891E-4
-0.011847503554969725
0.0038986301757780624
0.015589036526254124
-0.0018975868610244667
-0.006172054215745588
-0.01371713127222364
0.006980776476067898
0.004648511502138932
0.004325828665076621
-0.013138866977871918
-0.002257320550561038
0.01200578526972703
0.006336671251279498
0.01680337455607484
-0.006118029269000199
-0.0018442345165240396
-0.004774849960338227
0.013251786897176734
0.00581645182725031
-0.004762087304502499
-0.003527276018980287
0.0076770124750602945
0.004025022697323823
-0.002884439472981379
0.025876201321591567
-0.013621777393933502
-0.01548446757317928
0.0012113613010036597
0.003103638010342492
0.009123458323472736
0.006103074970712294
-0.021401558000067898
0.011680690785307375
-0.013029571705099129
-3.73748089775066E-4
-0.009127368571726618
0.024360813928952584
-1.640458161102365E-4
-2.359533745967023E-4
-0.01927496289175732
-0.010023294000870231
-0.004949627736807844
0.026152668367973066
0.015272441902100899
0.008326498412609011
-0.0042304280942478956
-0.02471058828818244
0.008891319054374285
0.003966312325523579
0.006739858367364444
-0.0225021794703205
-0.004424658944307025
-0.011692482761225174
-0.0033470748844095415
-0.004400780787337434
0.015040791762000077
-0.004186679675601029
-0.004696580723401251
0.011459338877744613
-0.01991271585816255
-0.006438995215839006
-1.0167888091739893E-4
0.0018971661383027682
0.0028375065607240467
-0.024147873457032176
3.6175273920442674E-4
0.023923485617731034
0.0134757813694251
-0.0014092828342397307
0.0051582027994715235
0.012274882722030521
-0.01305480175426079
-0.010732157360683784
0.0022404074721422253
0.014522478325858438
-0.01558196793500001
0.010315826284836726
0.011353660052250622
0.0054637144551945545
-0.020764135780824318
0.007596937429129342
-0.013452999506538273
-0.005124844315326326
0.008510807292135564
0.00491991645507953
0.016552888611984087
-0.0010997256116443525
-0.004381023145222338
0.005156729261657538
-0.020199985620505487
-0.006247542517349916
-0.01511605395581664
-0.0016015577894600529
0.016358328409085264
0.006173023181664832
-0.0010595746793126831
-0.0087039213709012
0.01130342946971417
0.010164205748567256
-0.004186841232711191
-0.003773759190253725
-0.006752556567601424
-0.004217509925409237
0.026071638141656386
0.005181717906619966
-0.005495683159703188
0.009226234189212524
0.012682456968252974
-0.005437333246517178
-0.005739069022256304
-0.028256703020945607
0.016604728841551508
-0.00929335231200373
0.0016525214061718354
0.008975268278126156
-0.012851404273787873
0.0078125
0.0063795624675024275
-0.030505432813703645
0.003037650039661774
-0.010030049900907306
5.437412164890085E-4
0.009573319857427882
0.007236815125636887
0.006070161117124021
-0.017671906370157593
7.1464485545473E-4
0.01775111028246463
0.01578931201982034
-0.01179246760832917
-0.007297632571692636
-0.0015375452909095692
-0.017448504523516616
0.0038270610717352077
0.011021058041888541
0.010149759840478924
-3.866566112812747E-4
0.0043594309548219785
0.014142138432692467
0.0032231845351234304
-0.016748767935297355
0.0013080400810799525
-0.023353804862632457
0.015246747088123151
0.0012662532946429751
4.553228839817595E-4
0.009255836334085615
6.960507691246773E-4
-0.007559190082786951
-0.00947900564027004
0.002138733239070145
0.0044757023906732635
0.019163389444020018
-0.029244834992821538
0.012180261703147715
-0.02501033624592363
0.02738812102906789
0.0026771749804996303
-0.011225989846549793
0.008235183692131203
0.0076975158364511395
-0.03321868517776775
0.011945946043323486
0.0027964735010663298
-0.006599144217204391
0.010079630024534984
0.0049195031871961835
9.471073714567395E-4
7.884047730310978E-4
0.010224419605953616
0.021071648911947013
-0.027783460222009712
-0.010652833975174355
5.304905257089406E-4
0.0070547215917104444
-0.012837698670876512
-0.0012943417984807928
0.02242663324633376
-0.029960582157899564
0.02136041937392573
0.013242108922711434
0.006207697757700519
-0.011008827730174461
-0.0030520031841927433
0.021319751071033788
0.006818220357001386
-0.030624903654777727
-0.009802584012238883
-0.017684121559377132
0.014401368589458998
-0.002541846041101232
0.012541596150693814
0.0013449647310874967
-0.0210009852656207
0.007969883626239713
0.0016211534030204245
