0.0013106559479173381
9.491853793453951E-4
-0.0012727827514820624
-9.870585757806713E-4
-9.434084601452476E-5
-1.978623238138705E-4
-5.828419960895665E-4
8.7504516591797E-4
-3.115660939773796E-4
-0.0021696932102953552
1.9205900383806448E-4
0.002289200300434672
0.0015317607829737946
-0.0012001326164940975
-0.002458400694377834
0.0021267725278981565
-7.059826428838765E-4
-0.003663630285593988
-1.523605309377337E-4
0.004521973459415603
-0.0011375119140476907
3.389649630732576E-4
-0.0010520723262842108
0.0018506192772586446
8.37510677430204E-4
-0.0029109758356306082
-0.0010308510419940544
0.0031043162001944576
0.0014245438251702784
-0.003898118727949797
-4.5013424791779093E-4
0.0029237091506973166
0.006443283398845481
-0.006147458992243875
-5.584963037382671E-4
2.626718971366626E-4
0.008082727922093405
-0.0066869149255506235
-0.0016992980548031398
3.034850582603575E-4
0.01119847287051843
-0.0109466169436131
-0.006405170377213989
0.006153314450308655
0.004531736331710442
-0.006570172718209131
-0.005272898187618535
0.007311334574117231
0.005137206554505777
-0.008506199421914877
-0.011015554435433403
0.014384547302842516
0.005333041290101966
-0.01386492986115381
0.007046904709255046
0.0014849838617967844
-5.028610319539276E-4
-0.003075333715921292
0.004487956854382515
-9.097621065072854E-4
-0.01949605443225674
0.002586128549808435
0.005841788909396535
0.011068136973051774
-4.703554676410628E-4
0.0012030511776927133
-0.011512445024526781
0.010779749314475139
0.013652680722238079
-0.009647387012462608
-0.006329898762324214
0.002324605052548746
0.005359105690093279
-0.004557795536093744
-0.0053411705970638065
0.004539860443064279
0.002549944738107656
-0.008311492149020522
-0.004913187788008549
0.010674735198921427
5.905867969512372E-4
-0.006090926548709538
-0.0032942038597939837
0.008794543611552304
0.003376141364018173
-0.003431762975409156
-0.0025455797504802843
0.002601201361871271
0.0025043017334744192
-0.00422595466991855
-0.0031533429975168213
0.0048749959339609425
0.004223473761592211
-0.002620347469457786
-0.0014305558042319328
-1.7257048790249204E-4
0.00391791958621461
-0.00481524829466032
-4.316484181814161E-4
0.0013289771266271327
0.004539664238239895
-0.004755760782946995
-0.0012244671635582307
0.0014405637082653263
0.0027750947166925825
-0.004028668732790136
-0.0011522214475687108
0.0024057954636662773
0.0012969355575577443
-0.004803302197261612
0.0018546484882478907
0.0016517181514559935
0.0071436711844222265
-0.006363579463728142
3.8338612381668357E-4
-0.0011634778445107651
0.0015984149923285148
-0.0033991578416258292
0.0015895644055517757
2.1117844374554662E-4
0.001169915846728857
-0.0024373475665807115
0.0035407018563954596
-0.0019367296455035437
-0.0035743653757511276
9.910602288632986E-5
0.0011949684174322184
0.0030222618978414956
-8.879014356908766E-5
0.0016557493599570954
0.0017942012327209205
-0.0012210442756583296
0.0017000775509294966
0.001234603950889109
-0.0036318309219702614
-0.001210822258830584
-1.7017371094378675E-4
0.0015638619427033999
-0.0032452458586598757
0.0035091012699192715
-0.002152435133569223
-1.239360051099416E-4
-9.245300211416386E-4
1.734911668473209E-4
-0.001182742188936039
0.0010021639608901742
-0.0013511329545030312
-0.00320538144260651
0.001283970621636471
0.0028298379828635787
0.003744039909231676
-8.01704159276443E-4
-0.0016632701839325744
-3.254839069896249E-4
7.310968604676018E-4
3.639103519609317E-5
-0.002623935297298199
0.0010198333609731664
-2.000754853598546E-4
-9.927692787554394E-4
0.001065174890142811
-0.0028108141853945613
0.002932064789525996
0.006304132329461971
-4.1788045141621846E-4
-8.242217121254005E-4
-5.765395741637014E-4
-0.002926485941814129
3.8632559388430466E-4
4.562223052676552E-4
-9.045404758037164E-4
-8.051662081633308E-4
0.005692690766717683
4.944024522575982E-4
-0.0018952914133641679
5.92721601579911E-4
2.080413042948692E-4
-0.004340869860290828
-8.74805557923004E-4
-4.687892542020143E-4
5.5829817104383474E-5
-0.0016628013124924015
-1.4102179904654992E-4
0.0022199934643989355
2.326781798641683E-4
-4.789024860603194E-4
-7.830990387856687E-4
7.521208907186206E-4
-4.482380878875023E-4
-5.289372771595892E-4
-2.810768022948165E-4
5.155049417426268E-4
7.295189501711489E-4
0.0014129151679197205
-0.002329411863601876
3.0899012791047527E-4
0.0
-0.001819816759683421
0.0
0.002623413211131911
-1.0530355597105495E-6
-0.0017125748722409439
-8.50055673823364E-4
-9.436145827684816E-5
0.004044814611651248
0.0019427597883526408
-0.003493507766759723
-0.0010046608022370126
-0.0011330331031904044
0.0017524982673122378
8.194567752951283E-4
-0.0032638504418504052
-0.001596078457470644
-1.5020573876889723E-4
0.0013528593870835359
0.0031891301966692934
0.002764420665901497
1.9926749525719088E-4
-0.0019457570423954671
-0.0010162472568306675
-0.0015286991972982482
2.2239966059928905E-4
9.1058610471525E-4
-0.004098057292854412
4.267889836600228E-4
-0.003887980014795035
0.004413852033941236
0.0015476665070146564
-4.871178601817817E-4
0.0027801387414244524
9.539255051870051E-4
-0.0018380290294345578
4.114631214716805E-4
2.952713573167172E-4
-0.0016334584409593597
0.003548721500425095
0.0017892787434045003
-0.0011410712445569407
0.0010334500049963362
-1.0423859470901097E-4
-0.0036729827315621806
-6.589117073891328E-4
0.0028788413792373993
8.477006737650779E-4
0.0
5.730170059779288E-4
-0.0035050052562134583
2.1296935471331116E-4
0.0011447781861855426
8.33482586752108E-4
0.00164923900889465
-2.1999085015466616E-4
0.0021911114211187977
-5.181449054540426E-4
-0.00387068420062548
5.007791792333695E-4
-0.001432467442007214
-0.0012710507429986456
-0.0014026610374572041
-0.0011061909735007956
-0.0010880113764645323
-1.999987519400175E-4
3.2770216136470873E-4
0.004150541643076041
0.0011364219906892297
0.0011178212457061073
0.00140351199387075
1.9940083960391089E-4
-0.0014869808582125147
0.0027309013690983127
3.4841624295125617E-4
-0.0010971858266016546
-0.0014308046677864964
3.722452104786405E-4
1.7521321953652027E-4
-9.472022215716185E-4
7.056139990251628E-4
-9.457085945106371E-4
0.0013391039788497225
-0.005790461131422057
-7.102417203782638E-4
-0.0018020563219881137
-0.001534820266511726
3.974104079566901E-4
0.00206172308359299
-0.002980300690537358
0.0011993948547403034
-0.001662295534748144
-0.0017196455506655161
0.0019012326315098183
0.002909770680128666
0.00269138056389892
4.026678228070159E-4
0.0020809930059541336
-0.0028029806209782706
-2.4017334094307422E-4
-0.0036226349169001726
-0.0016128207377150696
0.0031522593369628163
0.0
-8.617055640451629E-4
0.0012006235006835264
-0.001389355753484599
0.0024335710657962984
0.00217535553332432
-0.003458628898677458
8.505300141022093E-5
0.0
0.001828837416832936
-0.001112220191955291
-0.0017415231305900744
0.005212389638792383
-0.002351793503281424
-0.001463340524654732
7.510164864561282E-4
0.0010124410810763641
-3.4816523593936066E-4
-1.5686719250468915E-5
-8.487356878362739E-4
-2.509855842188647E-4
7.464217827617831E-4
-4.959654917768971E-5
0.0019734351292809986
0.0019999297103513993
6.331167779565292E-4
0.0025742538533151003
-0.002674900429003036
-1.556498048626584E-4
8.887416792943326E-4
0.0034719829734150814
-0.001010132252865746
-0.0014464443173895576
0.0014017840062890148
0.003143632475744537
-0.0032249274534528454
-8.874097547902676E-4
8.161577717377216E-4
4.348243438251657E-4
5.4463160293713236E-5
-0.005017674132275118
-8.198463940314994E-4
-5.121316387947048E-4
-0.0029825562543872902
0.004489403170893364
-8.235491004942711E-4
9.931290640089391E-4
-0.0020832877507823665
-4.938543398672085E-4
-0.001119722321985793
-0.004472649739392809
0.0022282028670392064
9.079673946517501E-4
-0.00118131717218984
4.550709678730144E-4
0.0035911973715335773
-0.0010975753035985473
0.001969114163009936
9.381548306804E-4
-8.209297542239708E-4
-0.0014483518706398593
3.210976300221022E-4
2.7541586468415413E-4
1.3471577689959613E-4
0.0011178785905947303
-5.905066838271167E-4
-0.002058404650116874
8.176176202200733E-4
0.001654359181272106
-0.0018150583900663187
-0.004054677567024741
6.544521373558149E-4
0.002337586208381331
0.0011360130766965154
6.789879779388945E-4
0.0023882967071882106
-8.710009523203258E-4
0.0018387829936886719
-0.0013271771955661088
-0.002638372039467932
1.612629468861077E-4
0.0016906734923510475
0.0019118741400932912
-2.9265315178392823E-4
-3.2707103206967695E-5
5.152120146128718E-4
-0.0034263592280968456
7.034594731915858E-4
0.0
0.0012200639984371253
0.002390225496561495
-0.0027252099230124453
-6.950585575718466E-4
-0.0013374570197349678
0.0020405443218889474
-0.0013308511536042975
-2.8846384012938E-5
6.630628159510926E-4
-0.001153795607378236
3.248487715017632E-4
-0.003237224613090237
-7.335457340497994E-4
-6.035397618866459E-4
0.002072000661617246
-0.0017627578197106396
-1.4622251473896358E-4
0.0035590005564466124
-0.0025254807750799664
5.366339702870472E-4
-0.003120994804658039
-1.5603422539632594E-4
3.056955434405516E-4
0.001537537478857159
-0.0025908835003172924
-0.0037355663088369695
-2.931450880781991E-4
0.0034052160927282105
2.3312138245626152E-4
0.0016163143447104629
0.0020816463711182485
0.002342465700179132
-0.0020092498219269395
-0.0018445371126138738
-0.003079436019490799
0.005155489436890676
0.003399820239933408
0.0010002111642561653
-3.670509729865911E-4
-0.0011145828075715008
0.0012940512763288045
0.0026686820987193924
-1.8924370861694547E-4
-9.422464329156169E-5
-0.003689434747530862
-0.0010852396059395013
0.0010101509108531716
-3.2556628780889575E-4
0.003610510606627794
-0.0047655789125924716
0.005912790058404481
-0.002743321209369283
0.0032411632092352424
-1.7112936690311925E-4
-0.003960904565854072
0.0016710221327510225
-0.0012134154382462754
0.0019451043489574298
0.002473269902066149
-0.0016474147475946254
-0.0032498916868600944
-0.0023388881949713853
-0.0013270061203090244
0.0028852073795222347
0.0011169260779247286
3.4820726274138476E-4
0.0
-9.097621065072854E-4
0.003994710289182264
-0.0019357759155625778
-0.0019431883345695856
9.411580452635506E-4
-0.001677787484571484
-0.0011933501462006628
0.0025439269749512796
1.8404978418345714E-5
-8.062863228602314E-4
0.0022921763752139506
0.0016360021788021364
-0.0035720854081331653
3.5239585887141033E-4
3.0918997651818237E-4
-0.0014493318830519164
8.288057808017678E-4
-0.002661724258506044
8.486338267169199E-5
-6.564503840139723E-4
-4.413358246632045E-4
-0.0012349994131333523
0.0016750547282138074
-0.00160547697278293
-0.0023334025935100563
3.9066864087047804E-4
6.601977373432715E-4
0.0031261527706080722
0.0016902382679584297
0.0018380633833420714
-0.0017612090144336243
-0.0023782691841613764
0.002555556407912526
0.0017630659157401797
1.4727729455866524E-4
7.647590581001708E-4
0.0
0.0027566046806677923
-0.002032540612701863
-4.046347913018464E-4
-9.803192488623189E-4
-5.388755602841987E-4
-0.0036808391355797688
0.0019386829987143967
-1.363049620291578E-4
-0.0026460740662021995
0.0017535425521848186
7.923341048847203E-4
0.0023539410493692552
0.004263453630971593
1.465076384664409E-4
0.0014093264364981681
5.179274497154405E-4
-0.0016413449500211053
0.0018717499650735894
-0.0022365107587593146
1.3134113847149088E-4
-0.0020880231622472543
-0.0011932289659765658
-0.002543270916376732
2.873881826309264E-5
0.0017658985987715535
2.2310531742195623E-4
7.971778489108158E-4
-6.153374117529569E-4
-0.0021976710913488473
0.0011948196676445416
-0.0020637288334211562
0.0016969826018421396
0.0035916845939194058
0.0018880743900625658
0.0023063919055961567
-0.007391882571309419
-0.001324988400111573
0.0018071517483687518
0.002848182306240998
-3.232605415655237E-4
-0.001238881332406139
0.0017978916828023791
-0.004267701425641954
-0.0012340405363029407
-0.002489746179344868
-0.003817870680875098
0.0013487731704639435
7.544587606219766E-4
-1.0074771065371062E-4
-0.002208815464206604
0.0022435577031095426
-0.003001347746243161
0.0036917027899521964
-0.0021964721789931568
0.003980127675048251
-1.0152645819170724E-4
4.15079159945749E-4
-2.902865866971846E-4
0.0016890047188224018
-9.467420147526251E-4
0.001273248218792927
0.0014187528506988437
-0.0011078569402467424
-9.228328753090174E-4
0.0026683110113574805
-0.002085460454733689
-0.00551432651750125
0.005581206737888219
-0.0010621283713239523
-0.0023030487924350605
-9.584252874112394E-4
0.0012883354888416788
9.17436592592029E-4
-0.0024003291288655837
0.001510782610929844
0.004800651056919973
-1.862144167439992E-4
-2.7030779065701383E-4
-1.9201555106530322E-4
0.0014978223375371152
0.0014955234936504672
-0.0020547680583169465
-0.003115828448835308
0.002617282489436515
-3.777848275705979E-4
-6.597464577318204E-4
-9.585428043563183E-4
0.0015825879229529514
0.0016969826018421396
0.0016995463289598382
-0.0010455597356479251
-3.044332582835135E-4
0.0018993406742275946
1.7837134879744067E-4
9.68113682082535E-4
0.0014720772394944998
-7.470188485882556E-4
-0.001048166558412219
0.0014160431175061312
-1.5530927430979597E-4
-1.634464151184094E-4
-5.592364768839887E-4
-5.686536509590708E-4
-0.001909551124593395
0.002287530979568519
-0.0043314054815908
-0.002345858112172011
-2.9094982699857654E-4
0.0034269142203963844
-0.0025014741229447772
-0.0016320160979138043
-7.686114326838685E-5
-6.159023510316805E-4
5.368350453487942E-4
-0.002066719184839927
-0.0017398116985132184
3.4568778961475283E-4
0.005310865413815318
-0.0013587043040260201
-9.712351219027737E-4
1.6320403154515493E-4
-0.0026602162877957906
0.00112400509222923
0.002265294471368946
0.002285370367328276
-0.0012097740139773822
7.839366655522991E-4
0.0
6.326430655613626E-4
-0.0014159166525002699
0.0026946311261546695
-0.002580976254554194
-5.614370002720681E-4
-9.512062232717321E-4
0.0027083198163917245
-0.001466412839826817
-0.0034986654423162277
0.0032496850616107213
0.001889550335095956
3.6396113972100115E-4
0.006637898328207961
-0.001766085243546139
-0.005870282037185799
0.008423879797732231
0.001819673753148115
-7.802051595487891E-4
-0.003783091177910023
-0.0010595619944710347
0.0021869487714959567
-0.003497486658886752
0.0018220767905933496
-5.835202045468273E-4
-7.686114326838685E-5
-8.249767734943147E-4
-7.915527714847315E-4
0.0045864291220106615
8.473051053944879E-4
-0.0019578188691655274
0.00399160511286783
-0.002115845989504896
-0.004272332783550802
0.0031539921850293573
0.0027094834219278546
-0.00557315904728705
-8.966731764759132E-4
0.002085827442824443
-0.0010878994161980036
-0.0011731282401649605
-0.0016835579169329135
-4.645736795980387E-5
0.0020216989021625597
-0.002150498355210536
0.004362424092070267
-0.00171463063311413
-0.004815768633574591
0.0014109947212721315
0.0032142344913163225
-0.001243992987274139
0.0016558713718606206
-4.854366199750283E-4
-6.72982255634107E-4
-0.003215259067943508
8.296591152754465E-4
0.0028810012653524824
-0.001933923246565768
-0.0016348018124064277
-0.0022372893372947485
0.003041403232896909
0.0020910217509778548
-1.0141965325958179E-4
-0.0013405499270786874
0.0
-2.897622859822967E-4
-5.094849865264622E-4
3.726593258064055E-4
-0.0016158024321136783
-9.736791140874657E-4
0.001675926590236328
4.451649351398902E-4
-0.001525274831783501
8.387385004051178E-4
-5.697439485776641E-4
-3.269560521213561E-4
0.0020918340261017595
0.019396958568479256
-0.004738470657826483
-0.006033374486789319
0.005313535852787116
-7.075823545449652E-4
-1.7596337163894028E-4
3.372255880998421E-5
-0.0046901312317114575
-0.003124198317506999
7.724299338375796E-4
-0.004893279547409221
-7.899475538926051E-4
0.0
-0.001004982266175449
2.73462895101465E-4
0.008450547900573457
-8.098540617215539E-4
0.0015422719186438635
-3.194391037666536E-4
5.8834421775682535E-5
-0.003631483988338002
0.002707138564377993
0.002250225006374187
-7.055705307342126E-4
-0.0017852295933211855
0.0022286710046765883
0.0010916697057944847
-5.801881754650294E-4
-4.545798118945261E-4
-0.002727335143075704
-0.0019982821187727725
-0.003553763020103789
0.008122841678290844
-0.005087630093882078
-0.002728208786553913
-6.63388572556383E-4
-7.518793168675415E-4
-0.002340554872868504
0.0010484805969045998
-9.070381009380433E-4
-0.004037682507491128
0.004861633987992075
0.004866887917199254
-0.0036818379728895193
-0.002032914455698628
-0.0010128628867613005
-6.346162356738469E-4
0.0032794715669909697
-0.002553955313997323
-2.9793422721112E-4
-3.7142651535071545E-6
0.0
4.418867800088722E-4
-0.002509559670294992
8.404669845059088E-5
-0.0010923537106026812
-0.002222306715641956
-0.0012439194141814498
0.003047482542277208
-9.153556711920794E-4
-0.0013182842580447248
0.0024568944761787876
-0.0013579615644110738
0.007788519372075806
0.01939417103246848
-2.548834823121368E-4
-1.8729475889937283E-4
0.005203998079794255
-0.004585169480275977
-0.003220592850250415
0.0011098279716789685
-0.0018858287014283952
-1.58387342189491E-6
-3.8751388983498686E-4
-0.00675245928391066
-0.00194317959509585
9.331882498710653E-4
0.004268367663078507
6.524838652132741E-4
-0.0011450580761564301
-0.0027246449264280905
0.001961437594253801
-0.0028338357306595544
-0.0010520158169077928
-0.0016758288904513224
-0.0033807265708439924
-2.6780241132035054E-4
0.003005418522191225
-1.1279592084511799E-4
0.003373827552124063
0.0025800056147621806
-0.0024245623855017632
-1.429415528039988E-4
4.5156192243635696E-4
-0.0030252444352119262
-0.004678469508406826
-0.003838617690497846
-0.003045029250849106
-0.002669400072274344
-0.0016163701203399713
0.0011465432022181219
0.005943457167626187
1.357560081797042E-4
-6.069408656992204E-4
0.0028854560225221675
-0.004048324870058768
9.56747526416067E-4
0.004318881938982258
-0.002099349914596447
-0.0023869370597783567
-0.0018972795110199028
4.162371119554732E-4
0.0
-0.002487494267593154
4.8816388246502093E-4
-0.0018064481405097458
-9.781315392604492E-4
-0.0025763203878614075
4.630987733196118E-4
8.030673339685778E-4
-0.0013842895979877877
-0.002693807466094191
2.3167812582788254E-4
1.2902191449786805E-4
-0.001678798566005126
-2.3221225957286234E-5
0.0
0.017666795611498854
0.004431953295150121
-0.001774511830197639
0.0018682697094858209
0.008305197241104241
-4.545798118945261E-4
-8.434396413214783E-4
-0.0012774929429023077
-0.0012504570103822835
-0.002025077448624582
-0.002407659905474462
0.0018284247106319248
-0.0025980540359011317
0.0
-8.996134166600446E-4
4.4785276839284555E-4
0.0011809246503039442
0.00307476964952632
1.6887842734360052E-4
-0.0037444963853732697
-0.005591738399266275
-0.003179866695541253
0.001706350522878571
2.243564388746547E-4
-0.0019850229075416
5.015061087757894E-4
-7.06205464003439E-4
0.0024203927414873485
-7.748130444017655E-4
2.7214873431350393E-4
-0.0025177515460113637
5.982073817048255E-5
0.0035014983625595653
-9.987046336876648E-5
8.472678510794521E-4
0.004337515939266493
-0.0036981266967098113
0.0019082127986673528
-0.0022792295114372504
-7.810811738087317E-4
-0.002603720787285254
-7.946683145195791E-4
0.002305385880499362
-0.0029803288619905006
-0.0015144167208938125
0.0
-0.004126868021424195
0.003557122367822829
6.499075264838785E-4
0.0
0.0
-0.004234522691044004
0.0012466209075094976
-6.465161332287475E-4
-9.207441906142419E-4
0.003247366654791677
6.296649688305346E-4
-5.475073608407102E-4
-0.0017051285024383821
-1.8446260031790165E-4
-0.0018329416174215603
0.002892536931687048
-7.116605133723009E-4
0.0022581672957676987
0.007820461424808618
0.0
6.193375094628337E-4
0.006787514971844841
0.0
0.0
3.98490541180978E-4
-0.0011568560929555642
0.0
0.0
-7.0973403755455E-4
-0.0010634993901104128
0.0
0.0
-0.0031583509877266755
0.0034203040403643276
0.0
0.0
0.001372996794876723
-0.0037457466368738973
0.0
0.0
-7.761295878574051E-4
-6.511711261297089E-4
-9.097621065072854E-4
-7.810811738087317E-4
0.0030777094034621392
-8.834792526981172E-4
0.0
0.0
-4.941349513992769E-4
-0.004715400784979326
0.0
0.0
-0.0014695587059776706
-0.0013961883092314113
0.0
-7.06205464003439E-4
-0.0018074025274134832
0.0
0.0
0.0
0.004282147905818543
-0.0031981219160076716
0.0
0.0
-9.209086346990763E-4
-0.005799316783919191
0.0
9.844256058582392E-4
7.720982491322944E-4
0.0014081618110100193
0.0
0.0
-0.0032294120593836647
-0.00502648143808424
0.0
0.0
-4.4631801047255643E-4
0.006769281180626409
0.0
0.0
-5.861646173704433E-4
0.01373895658152645
0.0
0.0
0.0
9.844256058582392E-4
0.0
0.0
0.0
0.001294873847494181
0.0
0.0
0.0
0.003053741836749552
0.0
0.0
0.0
0.0
0.0
0.0
0.0
-7.06205464003439E-4
0.0
0.0
0.0
-0.005414453633473575
0.0
0.0
0.0
-0.006834508657169513
0.0
0.0
0.0
-9.097621065072854E-4
0.0
0.0
0.0
-7.810811738087317E-4
0.0
0.0
0.0
0.006203805261253573
0.0
0.0
0.0
0.0016241806218102051
0.0
0.0
0.0
0.0
0.0
0.0
0.0
0.0
0.0
0.0
0.0
-0.005159559191195472
0.0
0.0
0.0
0.006644543052992254
0.0
0.0
0.0
0.0
0.0
0.0
0.0
0.0
0.0
0.0
0.0
0.0
0.0
0.0
-5.028610319539276E-4
0.0
0.0
0.0
0.0
0.0
0.0
0.0
0.0
0.0
0.0
0.0
0.0
0.0
0.0
0.0
-0.003075333715921292
0.0
0.0
0.0
0.0
0.0
0.0
0.0
0.0
0.0
0.0
0.0
0.0
0.0
0.0
0.0
0.004487956854382515
0.0
0.0
0.0
0.0
0.0
0.0
0.0
0.0
0.0
0.0
0.0
0.0
0.0
0.0
0.0
-9.097621065072854E-4
0.0
0.0
0.0
0.0
0.0
0.0
0.0
0.0
0.0
0.0
0.0
0.0
0.0
0.0
0.0
0.0
0.0
0.0
0.0
0.0
0.0
0.0
0.0
0.0
0.0
0.0
0.0
0.0
0.0
0.0
0.0
0.0
0.0
0.0
0.0
0.0
0.0
0.0
0.0
0.0
0.0
0.0
0.0
0.0
0.0
0.0
-0.01949605443225674
0.002586128549808435
0.005841788909396535
0.011068136973051774
0.0
0.0
0.0
0.0
0.0
0.0
0.0
0.0
0.0
0.0
0.0
0.0
0.0
0.0
0.0
0.0
0.0
0.0
0.0
0.0
0.0
0.0
0.0
0.0
0.0
0.0
0.0
0.0
0.0
0.0
0.0
0.0
0.0
0.0
0.0
0.0
0.0
0.0
0.0
0.0
0.0
0.0
0.0
0.0
0.0
0.0
0.0
0.0
0.0
0.0
0.0
0.0
-0.009454438890303552
-0.0025940106321092897
-1.9724602200092223E-4
-0.007250358887842975
0.00826905113686468
-0.009906846606423944
0.00474070021070688
-5.167761913391792E-4
-0.004541367101634837
0.010189846754246203
-0.004265053845238783
0.004458363102023952
0.005256399387432645
0.0035140616619797446
-0.011790845367993954
0.014088521291633335
0.0
0.0
0.0
0.0
0.0
0.0
0.0
0.0
0.0
0.0
0.0
0.0
0.0
0.0
0.0
0.0
0.0
0.0
-0.009486607142857144
3.216825255359084E-5
0.0
-0.0025940106321092897
0.0
0.0
0.0010784640439487866
-0.0028454161401614375
0.0021532522483081904
-5.835461740964615E-4
-0.007927470497700224
0.0
0.0
6.771116098572491E-4
0.005271064272628033
0.0015767852133824938
0.0014212016508541555
0.0
-0.0021951998529037573
-3.0574455808048476E-4
-0.00805922420821316
6.53322012773457E-4
-0.0015313073738285514
0.004749067679879034
0.0015229399046563967
0.0
0.0011360130766965154
-1.000820862762689E-4
-0.001287870126331912
-2.6483705542751346E-4
-0.0022447414655849193
-0.006541710131685307
0.004177289396857173
6.779509877821591E-5
0.0018418147977896093
-0.004983340785721839
0.0036750027935893792
0.009656369948589053
-0.00683513151224488
0.0013105527617316224
5.651859532707017E-4
6.943389520037676E-4
0.001144654820372725
-0.0026442485286686523
0.0032742440565481663
0.002683712753771714
0.009183522309607953
0.0
-0.003927122922175307
0.0
0.0034951819424198292
3.3406271927572024E-4
0.0
-3.151829997158047E-4
-0.0016930957024531164
-1.9261223396555786E-4
0.0
-0.00990513743157528
0.01292891186349007
0.0025893097099373586
-3.581903668308529E-4
-0.0010715099149632408
0.012243550537247318
-0.0037208497490682155
-1.9110305855043816E-4
0.0038782473870224046
-0.0013552304323550687
-0.0034049069899576134
-0.002300891626287481
0.0020961041302973507
4.413871804239873E-4
-0.0038744211311710457
-0.00243282556599082
-0.0019493795005832456
-0.004670592267251733
-6.704753419068265E-4
0.004688910069771746
7.521208907186206E-4
0.010430475664867454
-0.0018256545785124017
-0.003878170684921176
-0.0015848535141281938
-0.002195423371894441
0.0034315212947291715
-0.002999066007312716
-0.0057860651721579085
-0.002984716054419333
0.0016970617509771033
0.0016745690716947928
-0.0047711361828763465
0.00649513532408205
2.836974734109338E-4
-0.004890508270609722
0.008106184434763446
-0.0018165237399697083
-0.0036053661486945116
-0.0023381105467513027
-0.0012210701091622375
-0.005258833132813944
0.002053619517343435
0.007900316825872758
-0.001673511142918586
-0.0017121526725909432
-0.001145159691401097
0.0025147987774730074
0.004583891692754321
-0.009862766312440983
-0.0016183795266344137
7.044260048657874E-4
9.823751805416343E-4
0.005215236327950254
0.0036700813189075934
-0.0016032083839987612
0.0
-0.00268980956339119
0.0024876118703435553
-4.683652829897008E-4
5.155420710297736E-4
0.003965072282579681
-0.003595456280656998
0.0011325164876461106
1.260510738166072E-4
-8.857040799301252E-4
0.005279280676197583
-0.002854458406975886
4.853592039466368E-4
0.022287869818931907
-8.536311174835664E-5
-0.0021999405554617244
0.006070172638373487
-0.0035873777171701207
-0.0025070386889055477
0.0011519513005705596
-5.393240518624263E-4
-0.0021258005841371893
0.0013698388895585483
-0.0029583286907632956
-0.004296302288879741
0.0
-0.0024086978081890803
-8.09140392790873E-4
0.004290161964711926
-0.005645973239531039
-0.002718750603470971
7.674943523392679E-5
-0.0032113220926865606
0.002704040799546556
0.003990947096086743
0.005736376539061219
-0.00786351874223597
0.00126787184524609
-0.002327216199736727
0.0036561522212166476
-4.6481395744315065E-4
-0.002532488613842341
-0.00187708257978404
-2.0244561857063557E-4
-2.359133015523529E-4
0.005572803821803837
-0.004645170689363118
-0.0031801317678429595
0.0019620893713956354
-0.004478355725164687
9.64952180066949E-4
0.0010295833680660173
-0.004434155175220316
-0.001960144743853328
0.001981182377611769
0.003977611974502197
-0.0011095908374375472
-0.003060319541246044
0.0013111895409285235
-0.0013432028744454635
0.00108175995787432
-0.0068555329709178055
-0.0014568550452638013
-0.002662561244627964
0.002051021925268779
0.0016510809467271182
3.962733289078231E-4
-6.532407744772638E-4
0.001880009779909599
-0.0034178041243549707
-0.0012830160217176933
-2.9675251603106375E-4
0.0026459420591556527
0.002730074766069664
9.833151859984476E-4
-0.006235868191647871
0.012848517949550097
0.005481380568785617
0.004326259684127725
5.8939185684687284E-5
0.005492587991688875
-0.0029028160877338925
0.002712834019742657
-0.0039175285927578254
-0.004798628789097186
-0.0029775479230113922
-0.0033319419420820154
-4.919128589135958E-4
-0.0011644814086917167
0.0018679204436468791
-0.0030721948934383275
-0.0016966458308182645
0.009772882122961053
1.2296039901483276E-4
-0.0045466091003382855
0.004891427081019013
-0.004178390075756693
-0.001690277740971938
0.003392419597700427
0.004783749913004144
-0.0036407578535766665
0.0026219839043479945
0.005901021779079429
-3.428098999663956E-4
-9.155253502404967E-4
-0.0026014383649495734
-0.00453959965860378
-3.301890227920737E-4
-0.003485761143063684
-0.0032907015713825338
-0.001004499360074787
9.283081270375192E-5
-0.0020335074883458286
0.006479043217948571
-0.005805267671691764
0.0012664479271825362
-0.0021994344277234475
0.0011747278040598044
0.0022504408630161
0.0013709597378204963
-4.1744541597191513E-4
-0.003429948287939119
-0.001608968945014591
0.0016952418082376627
1.1891040011126125E-4
9.823751805416343E-4
-0.001761161467584715
-0.0038316466875036696
0.00174769958552803
-7.65041743738023E-4
-0.0013866523373024576
-0.0025177515460113637
0.002678169966005695
-0.0017337359779328078
-0.0028389050658079677
-0.0023404033485656737
-0.001677612685148393
0.0012517029762651793
0.005221897949562813
-0.0019849125381174153
0.013495838182873414
8.536305268866608E-4
9.329348959714275E-4
-1.2931349468149004E-4
0.001638762648782952
-9.83724293184982E-4
-0.0023591488456922148
4.011141836754017E-4
-4.4251288668269335E-5
-0.0026264387689900063
0.006932792059788646
-0.0021089760291599633
-9.858268697348926E-4
-4.3111147246561364E-4
-7.221874895962344E-4
0.0
0.002181688975176231
-0.001440026966894199
0.005044162631109685
-0.0028856149378998675
4.0238691918909866E-4
-0.0016080902446916111
0.001376993507795573
0.0014921826650832475
-0.0023477523197383476
-0.002084740464534653
0.0040396738154601704
0.0030436700942606462
-0.005383685743768671
0.001251137467172549
-0.002860419503516645
-0.004606840379131618
-0.0017445286889158917
0.0041264981203379784
-0.004651951776128262
-2.7725850265374464E-4
-1.1186003409237275E-4
-4.637151334420525E-4
1.5119169173647383E-5
8.224807658822912E-4
0.0016067308325916586
-2.3857488726719816E-4
-0.004729093830994287
0.0027808660867292435
3.8263626190707285E-4
-8.830261478768751E-4
-0.007830510652404457
0.0018891911157119475
0.002649280824516865
-0.0016808950470385106
0.0013117922804458785
-0.0016221171484729392
-9.205433179110626E-4
-0.0019083432854132825
-0.001442063280289289
-0.0013808753090739573
7.324163272826427E-4
0.0036438599212803152
-0.0037195477719537953
-0.0025981797323752945
3.573619995586838E-4
0.00784970204013965
0.005229691815421008
0.0026340908716258144
0.004188384835695567
-0.0010974959824879903
-4.921890987557912E-4
0.0036114801130733825
-1.6258839853767353E-4
0.0010993621460574272
0.0011476155120535036
0.0019587701545856267
-0.001568809781297828
-2.1263128815929375E-5
0.001196775611943201
-0.0026622340899942936
-0.003427582476841018
0.001669996963492449
-5.455765327481055E-4
-3.581903668308529E-4
2.4251615205512502E-4
-5.12058804388477E-4
-6.172280309427673E-4
-0.0023219672309510494
-0.0015126188904496355
-0.002419301785679742
-5.815445984287985E-4
0.0035052631165684075
-0.002913516181472152
-0.0013004026238301384
7.528049908686219E-4
6.747067779687326E-4
0.001207793160559766
-6.461398107092398E-5
5.855601291788598E-4
6.380941318826379E-4
-0.0012118967285228868
-8.17770920628162E-4
0.0038351574773628177
-0.0034004482667413898
-9.228324895048068E-4
0.005891279277171619
-0.0017999314337330404
-0.002949432347035905
0.0013819087758980611
8.535701476044922E-4
-0.00277047553937444
0.0017163405963721112
0.0013179452148524692
-4.734428179492289E-4
-0.002424828742817558
-0.0012113867703498868
-0.0015198560209211353
0.0010020692368746622
-0.00255866980757583
0.0019158607229091689
0.007427441734761711
-0.007025012305230946
-9.361267919680996E-4
0.0014861911537218386
2.915221133808791E-4
0.002129890738447066
-0.0023807830303050875
-0.0018666044682407589
0.002033938368304926
0.0035894955739082567
0.0033634852153239603
-0.003889786224454587
0.004211631381695141
9.008442729138298E-4
-5.075623719941608E-4
-9.32092696339722E-4
-8.864456752099137E-4
-1.1978689495388073E-4
9.291627795863793E-4
9.627175159624009E-4
-0.0016050228605064701
0.0019490837887575448
-9.481667023051583E-4
-5.059335564440828E-4
-6.90058191718192E-4
-6.593931886346526E-4
0.00458688926653294
0.0018247383678761146
-9.228324895048068E-4
0.003149070285677134
-0.002857277635372674
-0.0011023188579038644
-0.0016431464600822389
-0.0022257586471498532
-2.191127685299396E-4
-0.0010022056184023223
0.0012770897220056804
0.0027460810860363435
-0.0010391961172915604
0.0022571708368270176
3.673627226816797E-5
0.0029092048489986356
-0.0010316051484788639
-0.0021378151630663507
-0.0025486796109444607
-0.0020898920026607786
-0.0027920272746989427
-2.023247596439525E-4
0.006746039170409166
8.68233896723146E-4
-0.0017977281443226592
-1.37308470740107E-4
-0.002134875248528084
8.350341226054272E-4
-0.002414503926941482
-2.1585685257207137E-4
-3.424645269860832E-4
0.001015408002991296
-5.295761934000658E-4
0.0015443303458497135
-8.980678885648006E-4
2.7699794904268186E-4
9.844256058582392E-4
0.0028923762781841523
5.676359052954785E-4
-0.0021448484839248134
0.003652724347543597
-1.297539056295788E-4
-3.994818890520474E-4
-0.003938543253806535
-0.0011329880616905172
-0.002415766025606384
0.002666028111350749
7.517379789766891E-4
0.0024961948760470827
-0.0021305132425828914
6.049751718653653E-4
0.0037185679856240154
-0.0010605228712182032
-8.752112729404457E-4
4.541866635075006E-4
4.158509144280737E-4
-0.002376883703737522
-0.0012482426298561161
-0.001963166257041975
5.075163295837279E-4
0.0037083696078557115
-6.922993355047549E-4
-0.002867946637638073
0.0034856925435347574
0.002858819651072295
-0.002455021211611396
8.945919574168346E-4
-0.0027994863582629023
-0.0010425813473440067
5.646838113015865E-4
-3.447762350000793E-4
0.0010968429912821633
6.502800032704549E-4
0.0030834336949436894
-0.0022655104752189294
-0.0016212218071141394
4.4207112760091085E-5
0.0017844629841164577
-5.139987685720169E-4
4.324861760599788E-5
-0.004880450993853362
4.4080550706180254E-5
0.0019308315494602631
5.824400685878548E-4
-0.002847946544468771
-4.2156491006172534E-4
0.004278727129535422
1.230008617565577E-4
-0.0043813731983890145
6.463231179152263E-5
-0.0013411147833877837
0.0040951873465333325
-1.2850792172558164E-4
-0.004704024704536991
-1.4304031806628087E-4
-0.00329112417909227
0.0017149589214298388
0.0024572315078599007
7.891754147171706E-4
-0.0013405507825204432
0.004342751820823467
0.0010147566040289444
0.0
-4.502882657180668E-5
0.0032081287301418686
-0.0012818891330181731
0.003640692030149204
-9.94475910632616E-5
-0.004263206121945599
0.002557983445053025
9.054105760324216E-4
-9.535685280970469E-4
-3.6129143933198607E-4
-3.246601304531234E-4
-0.0021250847192665467
0.0011813037367742077
-9.385473578046703E-4
-0.0012911726989320242
0.0012093872333910122
4.994234610627827E-5
-0.0024923131611595023
2.4919980703800486E-4
0.0015848720658077047
0.00335747949804495
-5.975208586985085E-4
-0.0021597633780471364
-3.1753102897094394E-4
0.0
0.0
0.0036360166673242225
7.521208907186206E-4
-0.0010629101206212394
0.0016099308568901529
5.12360570163851E-4
5.312846344622236E-4
-0.001313410540419859
0.0013427660818595116
-8.027838193873089E-4
-0.0021264198907665574
-3.410193081478316E-4
-1.3675790756566102E-4
8.007648871430333E-4
2.94946572431385E-4
-9.661239790606018E-4
-0.0013025188457852297
6.808679833230659E-4
-3.4132464397671944E-4
1.8444600371093532E-4
8.403278119726945E-4
-6.170074440981885E-4
0.0024742679063542183
-0.002233701436395674
-0.0010894238903253364
-1.7090260304293385E-4
0.0028548906067085655
-1.9325660399501735E-4
-0.0021056459310502115
0.0026873706221320105
-0.0014423456979590433
6.208476191794309E-4
-4.7379001613057173E-4
-0.001894379449323798
-8.722533019690113E-4
0.0025321240154377108
-8.402157869179733E-4
-0.0016564254079596517
-7.512343666086472E-4
3.0281467785197056E-4
0.0020547491589357576
-7.044625076232642E-4
-0.002321065189847679
0.0011347694908773263
-8.251594652745973E-4
-8.123454160717871E-4
2.243661069706161E-4
0.001286358838897308
1.9835852810715332E-4
3.181950238036776E-4
-3.1339818848041736E-4
0.003848946125632504
-0.001252499597150139
0.0019003437818757413
-0.0016618266750564926
-0.0022848161824164243
0.002694762007215421
-4.888838361810879E-4
7.504335355222949E-4
-0.0025936423755788386
2.248817853829223E-5
0.001453477692786591
-0.0019345684765720574
0.0013117922804458785
0.0011839413438351131
0.00233594566290231
-0.0013679738795844953
8.155420177871968E-4
-8.815770090514676E-4
-0.004177249414054692
0.0010489294524616785
-2.3226613580500707E-4
-0.001554129621505019
0.0014458248102890824
1.563491363313741E-4
-3.7465795750616206E-4
-0.002943675718864118
0.002735217560714122
-8.458330073593432E-4
9.45124981015912E-4
-0.0014390960365691108
-0.0024208374775603636
0.002907086125015596
0.001956349391682557
-0.002006050436587945
0.0018028114541073553
0.00220486266757746
-4.7804540806487873E-4
-2.902772845468294E-4
-9.8933849590456E-4
-0.0019074229740727098
-0.0036575623434034633
0.007115401632932035
-0.004645482470810409
0.0017036698964379604
-0.0013637011975240162
0.0015430568625059513
-0.0031906136268301253
0.0017706939143202058
0.0
0.0018337218391443332
-8.926393601281961E-4
0.0
0.001150194604065308
-0.0018628435988236867
7.475193986648E-4
-0.0016128207377150696
0.0037784148182517996
-0.004631418944115393
0.003705528083945989
-1.1182373295522715E-4
-4.6577901889783245E-5
-0.001560472349747577
-4.738452113852697E-4
0.001306040219315103
0.0017357062378199483
-9.006234878979362E-5
0.002202409612940198
0.002772784033131905
-0.0020820232841829308
-0.0020367579029556115
6.495211628001576E-4
0.0011628548206931652
6.054381125405674E-4
-5.727311200939158E-4
-0.0035425111129095245
0.002143070582263081
0.003964744295262661
-0.001790127172492617
-0.00204627584750132
0.0014636241697139221
6.90184285105876E-4
-0.0013910035781286758
-4.036098689251264E-4
-7.405039602730761E-4
-0.004703846543060504
0.00352235457958477
8.769116630170536E-4
-7.079081972014361E-4
0.0034594495686189036
0.0016792087564555423
-0.002352541661871471
-0.00207099478633474
-9.057180386307567E-4
-0.003994876848324792
0.0028849810296257754
-5.978471826043367E-4
0.003107016036735257
5.051389167028781E-5
-0.003933947315536986
-0.002071030471105224
7.170842072751439E-4
-6.093245191532667E-4
4.178842848606072E-4
-9.628488244916686E-4
-0.00368552430156444
7.837574861352013E-5
0.0062725911863733014
5.832982332139141E-4
5.012137855430281E-4
9.68353555836866E-4
-0.0013317449385769613
-0.0013263777232516004
-6.264014226819001E-4
0.0
1.0632517805839571E-4
0.0013667144066714955
0.0010732195236492336
-1.0063386036383796E-4
-6.36857638088667E-4
-6.082982051723545E-4
-0.002553606904872346
-2.001373320529527E-4
-5.689273588176593E-4
-4.266790571304902E-4
0.0
-3.164540470671383E-4
0.0032604401128001103
0.0016718603133334378
0.0016996005489430088
0.0057744333983543224
2.0552433203108633E-4
-0.002773053142349237
0.0013610382297261588
-0.002958095304164954
0.0012832557863852062
-0.0011167507471945928
-2.7375089692119976E-4
-0.00190549405421755
5.675118090075803E-4
-4.1708925133235016E-4
0.001930786985013221
-0.0012486110602879024
0.0037271334758513935
-0.0030813453921516116
0.0020841150543666627
-0.005354942148720116
-0.0017304096763918154
5.670674426213815E-6
0.0013117656383090314
0.001257148990891013
-5.259077836682824E-4
-0.0012673685484197066
0.002213385525555847
0.0034345597645936503
-0.003505159028277965
-8.353267892823812E-4
-0.0030804197522790212
0.0030832838272251014
-0.0031830774942123046
0.00206401301309393
-4.1437774913909717E-4
-0.005469672136893093
0.002119668534124107
0.0015901378266307675
-0.0010859842959119624
-0.0017710299912255508
7.080485616813492E-7
0.003841022291498026
-0.0032465537074181992
0.004241795814917614
-5.715792537447058E-4
-6.150518009800613E-4
-0.0014120169385743115
8.324922324129813E-4
0.0054619174718178645
-0.00465369779364477
7.485623535247092E-4
-0.0017096530339276396
5.565864273152019E-4
0.003964744295262661
0.0017877222736682862
-4.1417418498345494E-4
-0.002227723192589102
-0.0042789294081434105
0.003519797915559091
-9.99593651593158E-4
-6.818688293247321E-4
9.290649217064031E-4
0.0
-0.0031560279261094036
-0.0011131945030685324
0.00548048200636936
0.003468710589233988
0.0
-3.162851567806278E-4
9.654747752419243E-4
-8.553207442106438E-6
-0.0021279704892297317
-0.0017538571853370193
-0.0028694530391776664
-0.003974738236903037
0.0031765584172449264
0.0015932015489586917
3.5634788777799784E-4
-0.001869070920429817
0.001469017415428566
9.92235345806204E-5
0.0030883296243910405
0.004663458559434996
-7.484867643174789E-4
0.002034720872807762
-0.0025751508221337656
1.0934639453545649E-4
-0.002869725289941893
6.00827139696277E-4
-0.001726598733772788
9.110414260609175E-4
-6.616259579068002E-4
5.868249705793082E-4
-0.002305907580043922
2.5107912326263488E-5
-5.961119148794034E-4
-0.0025391009786811546
2.8807856897461166E-4
-0.002023288664074318
-5.668565798052181E-4
0.004040098559772096
7.629255208829792E-4
0.005158736524067134
-0.0023954383518983886
3.681328011902428E-4
0.001639836900341566
-0.0026618914072527138
-0.002922958271485576
0.0028106229923803884
-0.0014168686159819178
-0.0029485384121149512
-9.40813111866825E-4
6.627217332602904E-4
0.0022882268708330957
0.0
0.0029090723362178578
-0.004455839127125479
-0.0010148829149324904
-0.0014649813078332374
0.0048825377589334275
-0.002670551049608517
-0.0012358683282508959
7.333482499140207E-4
0.002848726176482799
-2.3989344963765515E-4
0.0015505979736292574
0.0014797274928059216
-0.004855083214602079
7.687171994965478E-4
0.0024160903559665168
