0.0010892405502767764
0.001866269166558235
-0.0018743018026115177
-0.0010812079142235086
3.0837729739399694E-4
-0.0010068489157824894
1.4485610983592406E-4
5.536155085525632E-4
-7.775852937409156E-4
-0.0018141590347437158
-7.334032841868838E-5
0.0026650846569032925
0.002744143799510392
-6.191467739051645E-4
-0.003403949751761895
0.001278952726156649
-5.451166323259044E-4
-8.981925361221091E-4
-0.001967627306574834
0.003410936475022861
-2.4383424413912326E-5
-8.36065677415057E-4
-8.813396478973263E-4
0.0017417887497262908
8.184745691079559E-4
-0.002728486786756304
-0.0020613085779509327
0.003971320795599276
0.0031938157079096554
-0.004038917151627873
-0.0024665741266573374
0.0033116755703755554
0.005607040353050751
-0.005877316576032631
-0.0010606799286583895
0.0013309561516402521
0.007734500545793834
-0.006703034903714259
-0.0023310904014898935
0.0012996247594103138
0.011557950148645356
-0.009804539857387946
-0.008265595158753178
0.006512184867495762
0.004497611493567147
-0.007093918090695922
-0.006253358997487435
0.008849665594616194
0.0048169012123227195
-0.00693627472132544
-0.011504093021583547
0.01362346653058626
0.005257413883878178
-0.015948481107460548
0.0074105168287125715
0.0032805503948697906
5.018916072017507E-4
-0.002329563913863156
0.003998287687637822
-0.002170615380976418
-0.015207577244859898
0.0018367942624567973
0.005055453670141181
0.008315329312261912
-0.002610505774245605
-1.6490689230838737E-4
-0.008610382103486691
0.011385794770040661
0.011652792339391966
-0.009215373644545522
-0.007184458753386266
0.004747040058539809
0.0067046023322799644
-0.005370876244066539
-0.005895579280857108
0.004561853192643663
0.003146120619004864
-0.007285548564999612
-0.005955731776457105
0.01009515972245184
3.15886385788545E-4
-0.007492643277065349
-0.0021662133124922215
0.00934297020376902
0.0040546889410156516
-0.002797842024332176
-0.002611293954008576
0.0013544470373251097
0.00270258442310614
-0.0033168135907962336
-0.004107663019154091
0.004721892186844154
0.0037843319390978474
-0.00347379330373457
-8.12904382931569E-4
5.023657475682769E-4
0.003797783992919988
-0.004566254632301171
8.907035689794228E-4
-1.2223292959823628E-4
0.005062225794597938
-0.004611030675332827
-0.0011436681409066859
6.924730216415651E-4
0.002992671975704152
-0.0036150347354867024
-0.001349175721517051
0.0019715384812995992
0.0017248351456554312
-0.0041993524275701945
0.0018252212112321075
6.492960706826535E-4
0.005776550870187298
-0.005353369439521159
0.0016981246779021685
-0.0021213061085683218
0.0024552244546844943
-0.004075669037162917
0.0011277733813596473
4.926712011187463E-4
-1.0567969627794143E-4
-0.00322829530528318
0.004936207592608553
-0.0014446675062286802
-0.001436469661853042
5.184341702206958E-4
3.5675781341307027E-4
0.0017239177966448106
-0.0013118230491449715
0.0025536590293771346
0.001631881448682994
-0.0011647166597377073
0.0021180036642195815
0.0031824719972261537
-0.005591395117433237
-0.0016490459661574579
-0.0023470089238551654
4.709008322893992E-4
-0.001881336582138453
0.0013805908521084312
5.522629010620877E-5
-6.045948890190313E-5
0.0018540643972924278
0.0013832373660847565
5.705358925053384E-4
5.681450406974133E-4
-6.327334732408874E-4
-0.003631563178651273
0.0014221540778556912
0.0011635986861391555
0.002521366599256212
-9.704492209891133E-4
-2.2402625763895574E-4
1.3323196013014454E-4
-0.001549840655788632
0.002229527416067717
-6.965987755455046E-4
-0.003719834825600345
-0.0026076455966274987
-0.001957789827054487
7.961124022651012E-4
-2.5646668048623844E-4
0.0018186198762538154
0.005542673980130185
-0.0010007625401392255
-6.860886151724341E-4
0.0023268306997380715
-0.002022244363143227
0.0017453023526872182
0.0
-3.1112318456024004E-4
5.045944032737797E-4
0.0014566254731061047
0.002041824283685863
-8.977802264759061E-4
9.79641895722261E-4
-0.0011867833129009285
-0.005115307607933593
-7.229164109936739E-4
6.855388130132141E-4
-6.323932291304229E-4
6.200274888680348E-4
-0.0013242975084053006
0.0010758388558200825
0.0024751276192731737
-0.0019454131901680233
-0.002129299322848273
6.68172368658279E-4
1.3807096643207771E-4
2.235981210783485E-4
-0.0013627413435889442
-0.0016230902567851188
-0.0014228136487670832
0.0025498798995264617
-0.0015835889206994758
0.0016504298400613242
0.0
2.972924347708981E-4
0.0024334407894567836
-6.0688059006433785E-5
0.0013917332581032172
2.774241688427465E-4
-0.0017969121398176205
-4.934619613145766E-4
0.00397307730637076
3.710782549778592E-4
-0.00360003453703212
-0.00196415688491219
7.654467142653507E-4
8.910264723840345E-4
0.0015420820522967656
-0.004493158851344057
-0.001957289332028244
4.236327410300109E-4
0.0018570181068185319
0.0018056457155770406
8.814982504819354E-5
6.470129676084805E-4
-5.304385972859479E-4
-0.0013366822626461872
-0.0017227720806399817
4.4627479777132597E-4
4.9210367475851016E-5
-0.0010226833029524768
-0.0013222879660547797
-0.0031119657839388483
0.0038966926990093957
0.0026324124916864786
-1.612526275337671E-4
0.004881222156987471
-6.594350463332332E-4
-0.002628601528366051
-8.609857811608901E-4
0.0
-0.0023530887479431637
0.0051210765019096775
0.003882502639169508
-0.0029275144840421293
0.0021644300060171566
0.0011605913959163764
-0.00170184052571279
-0.001289168572931961
6.200169948129736E-4
3.034967769875239E-4
-8.207225672543495E-4
-0.002353526757801834
-0.00195130211210058
0.001559650742687046
0.005565157854343625
-9.484119831409128E-4
-0.0011876180578718658
-3.35102892067151E-4
0.0012169413767804036
0.00343348997405174
-0.006095425161048325
4.2401775649938446E-4
-9.554122750456364E-4
-0.0033363214543577807
-0.0011950637358183283
-0.0013229413426732593
-8.703251072006107E-4
2.0992210370398396E-4
-5.035814863826178E-4
0.0051230891364864375
0.0021655733979960654
-5.343112576219049E-4
0.0032840494207277103
0.0013555672702304938
-0.005769310821688738
8.883786544481903E-5
0.0044958972638822455
-7.019876178529227E-4
-8.698386901754094E-4
5.76410405358636E-4
-0.0019894695365078006
-4.6623768580348213E-4
-0.002182788807610817
0.0016083422255274821
0.0010467271714938516
-0.003921619638143927
-0.0025751972553521756
0.0020642910901475927
-0.002075032933201568
-0.0010955563278631508
0.004183917872070902
-0.006487200924123302
0.0016565476445624134
-3.134925774703253E-4
-0.0023001578288319225
-1.1662256256848814E-4
0.005612005866997213
0.0012799773498228576
0.0
0.0019958464724358846
-0.0016878650037328528
-2.1480121131176207E-4
-0.0023393985565299926
-0.0024919998291616525
0.0027128564261296342
-8.207225672543495E-4
6.458507489662583E-5
0.0031559675866266127
-1.6801708403803577E-4
1.9608499750134196E-4
0.002233310107090363
-7.189922713854338E-4
-3.3037508389081947E-4
4.957789860273923E-4
0.0018878270269314088
6.025600229406106E-4
-0.005543263017875698
0.003728882838895281
-0.001802523422725015
0.0019991398797340534
0.0018614240200068453
7.580949634416386E-4
1.4692237018818394E-4
0.002682699798610067
-0.0032676278298952094
-0.0014724263186799208
-4.960809255438147E-4
-3.954258130686869E-4
8.227229291708055E-4
0.002803038665225607
-0.0013522063226814522
8.272156126625462E-5
-0.001091792420653099
0.0014654626651141398
-2.7635719386719603E-5
0.0020711772216137846
-0.0015038454023910432
-8.435625977768275E-4
0.0022252378800537297
-0.0014782136630899544
5.169486470200367E-4
-0.0010728783619839393
6.427965660763043E-4
0.0024988779208634424
4.404881072087995E-4
-0.003693159930790249
5.24367730330364E-4
6.595473515057695E-4
-0.005107979692608293
0.0035286871694496388
3.8557835223634515E-4
3.853301520779564E-4
-0.0018703561070030714
-7.926510842738353E-4
-0.00322813953503213
-0.004161579811988411
0.0014779760223794832
0.002316217441687991
-0.001523779395901956
0.0011652627270149394
0.003991957362380182
-0.0015363431827128998
0.0028381060074337437
-8.439575800689172E-4
-8.543393541115578E-4
-0.0011532317658797609
-0.0010551845034082635
-7.053966995953203E-4
-9.621925723470675E-4
0.0015574868874706326
0.0015172318662325295
9.039073399082589E-5
3.148744970541487E-4
0.0024941737273304586
-0.001372026659346578
-0.0047229862347682745
0.0010498903203251583
-0.001642859762707623
0.002552952287060816
-1.636532215125818E-4
0.0033005118255665573
-9.742597651887612E-4
0.0013373688752017186
-0.0011877196377031512
-0.0026494145307822204
0.0
0.001196520580797402
0.0038572066911684174
-1.7372687688034806E-4
-0.0011297498412549977
0.0011648289180751586
-0.004335131674886828
-7.263055130436167E-4
0.0014216382081209487
7.580949634416386E-4
0.0011625370831409056
-0.0011093787009670997
-1.3188517675383606E-4
0.0016056091065659922
1.957481145655551E-4
4.3256402242137105E-4
-0.0015726686621106052
-3.716152002322546E-4
0.00251484919547536
-0.0021478264724276593
-0.002862110465292919
1.2090013272038298E-4
-0.0015563715387395133
0.0014743221654496682
-9.96679422872078E-4
-0.0019264135310648183
0.005114445708752974
-0.0025908907322421937
0.001667945042908627
-0.002905293035417543
-0.0012970963434075769
-0.0013263522171660012
0.0027796511812750763
1.2581018165556046E-4
-0.005174775530123678
-1.8085758409429076E-4
0.003775551532603829
-6.617419754125181E-4
0.0029436132162198782
0.0016369661905655398
0.0023862212877120443
-9.020533636549966E-4
-6.253843638407233E-4
-0.002385412250166513
-1.5647423332293173E-4
0.002343218206548642
0.00126317694921805
9.568245463767789E-4
0.0
-7.545016289415914E-4
0.002378990014432055
-1.5934626726651002E-4
-0.0017304840070334285
-0.0031174337993946505
-0.0030796504518036715
8.814117851708069E-4
0.0015620728242211213
0.002805176138219831
-0.004902924219224359
0.006006113857101356
-0.0010417074726015718
0.00301301547588826
-0.0013397404453877697
-0.0033878296101492377
0.004095457732547558
0.002660892464917593
-8.332277221505768E-4
-3.7558146156186365E-4
-0.002477974198532275
-0.003449133272990757
-7.106937042622452E-4
-3.8892885125494937E-4
0.0019623776493578804
3.3202270171744675E-4
1.0950332848854162E-4
0.00234081381591426
-0.0015753573269557772
0.002474663447315571
-2.383659323684762E-4
-0.0028898097401545034
8.497261584865242E-4
-0.0016593142565520204
0.003116002478002876
0.0011992863112652169
9.20295838236081E-4
-2.5443360190611933E-4
-0.0010665812858870309
0.0038182726902915715
-0.0051590150031672315
2.803797125087307E-4
-0.0010733710621525052
-0.0022460676868515314
0.0010922662555177876
-8.585875139554344E-4
-5.206260917998138E-4
-8.476357548492914E-4
-2.665973634070869E-4
-0.003738423504358065
3.966968215325669E-4
-0.0019649624662051346
-7.208513001795023E-4
0.0025625900171228127
-8.294427978963747E-4
0.0010907008113793877
4.4254659753657343E-4
0.0032674724983392297
-4.977907449295608E-4
-0.0022887189995997996
0.003892290143372166
6.370648465265158E-4
0.0011694107834164978
-2.50948855747011E-4
-8.207225672543495E-4
0.00141227178686448
-0.0017597998163690419
8.099550169059328E-4
2.8624722142742934E-4
-9.099998136491375E-4
-0.002142066527909491
0.002006483800953605
9.660147143305733E-4
-0.0025766652798794535
0.0021811755680445225
9.083968530060098E-4
-1.7502898094079144E-4
0.0017415903362606496
3.8859992027254783E-4
0.0024826598095398712
6.533061897018443E-4
7.4943248547756E-5
0.0022274896293331165
-0.0033677629363592686
1.3600837233883383E-4
0.001818108398877107
-0.005797748154116987
-0.0013600481131765198
-0.0020365360924836464
0.0033490483351534613
5.650588296590585E-4
0.0010040363074365244
-0.001060279511876398
-0.004498636558022647
0.0020074550661907734
-1.469154548094185E-4
0.0013135234375132772
0.0032655240490564964
2.3413491075959924E-4
0.0030434489818970743
-0.005623436180697345
-0.003428340214775395
0.001757040377819529
0.0011156779719020662
2.243192654579518E-4
-0.001236539253995204
0.002401873605985967
-0.003469071824146378
3.1145503310734757E-4
-3.6501123962034586E-4
-0.00304935211379831
4.709948390140175E-4
8.92391842981437E-4
-0.003302365091024855
-0.0010648553088588666
0.002686934085777625
-0.003068498001849046
0.001663227798990787
0.0012922965059951955
0.0029442552757292535
6.26748870654379E-4
0.0010414607129481056
-0.0029893602714382663
0.001482764801367129
-0.0013229412848191737
6.708026471247795E-4
0.0011569592985409762
-5.245523129798015E-4
0.0
0.002921828748157316
-4.6362660702029934E-4
-0.005608238248666072
0.0038695531969800533
0.0014300504515343758
-0.0021219593901840965
-0.003084307615851491
0.002490640536970151
4.61347983838361E-4
-0.00242132287517257
0.0012694445046669983
0.003924700477660596
-0.001311231914464187
-0.0018551492541059374
6.213690747613157E-4
9.375727955124736E-5
0.0033215454167037544
-0.002153809639709337
-0.004043630600504692
0.0033795569947162618
5.26964941343996E-4
-5.2169354833831935E-5
-0.0031081223670327528
0.004915513661287258
0.0014123298279846116
0.002524440902810527
-6.678366972182466E-4
-4.097125633803338E-4
0.002423259631262103
-7.894181188613036E-4
1.2148021313693538E-4
0.0012046092291989794
7.823725031498232E-4
-0.0010844883765271478
0.0019835471822675695
-7.482886846766968E-4
6.317989776721322E-4
2.709549089942179E-6
-0.0021994019975554334
-0.001680724646557281
0.0011276730663741159
-0.004576124291010066
-0.0022453742957544115
0.0010074529071628564
0.005031164097022691
-0.0023991442034866626
-0.001389260324103741
2.402868651945874E-4
-0.002355055799368257
3.9192397802847187E-4
-0.00209406271398168
-8.131761251648913E-4
-2.941574879603212E-4
0.004148207148824385
-0.0022380519303333434
-0.0020004202119274115
-1.2984371640364228E-4
-0.003373258949172212
0.0037570092639779076
0.0010512659821967823
0.0032194368411842
-7.491088701314614E-4
0.0011449898068919846
0.0
-3.5162604716686087E-4
-0.0021960330401066316
0.0033480626869539865
-0.0032441543106463055
-0.004108207689902281
0.0012933117886136888
0.005419215687643477
-0.0023171459970306118
-0.002191922101638039
0.004165075826863315
-7.410233906387729E-4
6.208043794858702E-4
0.008840323186128214
-0.0030281099763701164
-0.0049128644227208465
0.00846327986796756
0.0016257551226388515
-0.001446263725986133
-0.004359073274852755
-0.0016132385683853292
0.0018181562503137147
-0.0021724643587348624
0.004003841870596728
-0.0031509549914890854
0.0
-0.0019803848032460825
2.787871854495859E-4
0.0032402509917413107
-3.1878871372359116E-4
4.3407275029956616E-4
0.002862315186670858
-0.0015803631499283729
-0.004515051062478072
0.003041372206325391
0.002099216586337352
-0.005667944808499314
-0.001018284251258257
1.7130892120822733E-4
-9.351143034354714E-4
9.760061882206854E-4
-6.217012366437791E-4
0.0015809315479304643
1.8447992866891093E-4
-0.002569772365727227
0.004926752969401001
-0.0029862322950887556
-0.0058173040670588694
6.331821339001491E-4
0.0025592936865845638
-0.0011788045392674357
0.005319505613155291
-0.0013079356287782364
-0.002103985181586934
-6.529552499293105E-4
-1.4321386375211898E-4
7.73793687990312E-4
-0.0029460293257551236
-3.7682012763538266E-4
-0.002276694430489227
0.004516766689651687
0.003611054397806866
-9.241799109291197E-5
-0.0033003993303969085
0.0
-2.549487667608376E-4
-6.859623553617236E-5
-5.379506970530218E-4
-3.983708111584034E-4
-0.0010154752147493607
3.1685315449875317E-4
-5.437916536775144E-4
0.0013451885942945992
9.708782887280974E-4
-0.0013660291347631797
-1.8733548619517362E-4
0.0028522970376954307
0.018857630668797802
-0.0013267097671032044
-0.00618642275229
0.0057148436902078915
-4.2415244434328625E-4
-0.0013599049731139329
5.87606694317371E-4
-0.004476236789112371
-0.00353628342621916
-0.001226098909710174
-0.002905949492008411
-0.003499920805568022
0.0
-3.539999106249614E-4
0.0015374551410748704
0.006332643621489424
-0.0011041282341633216
0.0013549968322948364
-5.300098141498595E-4
-3.058098039971501E-4
-5.553113381288598E-4
8.453230852407739E-4
5.483125757659835E-4
-4.906166173422478E-4
-6.0702014329666945E-5
0.0018525988504444649
3.11198388498752E-4
4.186030029733163E-4
-3.4484256379387063E-4
-0.002672469355858343
-0.004117074589513578
-0.0018531033076554905
0.007001629453763465
-0.005578104804066069
-0.0034688750917060093
-2.7423795527222415E-4
-0.003870694327441431
-0.0010413186585789998
0.00526973575817931
-0.002694980305116072
-0.0041151182839684
0.005157512547637838
0.00467345218305739
-0.003334124396995205
-0.002453613156076273
-0.003185946211520113
3.083958681386655E-5
0.005552753259799029
-0.0010582614307617353
-0.0023180592493795113
7.794684064704418E-4
0.0
-1.506502535908212E-4
-5.008434787831665E-4
-5.18474568561799E-4
-9.723342167783943E-4
-0.0019810546321701915
5.2836753805393E-4
2.3616273277894749E-4
-7.842384412285897E-4
-0.0017068365240071018
0.0027307383743707093
-0.00250078415621471
0.009516424659212302
0.018606067732316673
-3.8727828493061823E-4
0.001087528699021103
0.0043905523112290545
-0.0031758757909939282
-0.0038303376858634846
5.014263538253953E-6
-8.666777749347898E-4
-6.540018559670999E-4
-0.001164352477284744
-0.00611720940469049
-0.0014702755137330932
4.6968736468319395E-4
0.004815958148283658
-8.617882010122813E-4
7.109386189839469E-4
-0.004812437105253665
4.7004099091640245E-4
7.885223713941273E-5
-7.37264486306548E-4
-0.003966378364720085
-0.0020714641861195064
0.0013365371143874802
0.0026445614112167865
0.0033236465426468662
0.004344204889432091
-0.0011580820946071133
-6.225888777709788E-4
-0.0016520211980722561
2.7542963025081735E-4
-0.0013945460064451799
-0.005863030354082467
-0.0024058415221626123
-4.95136853293855E-4
-0.002683963842989123
-0.004108216138241827
4.5054560883004096E-4
0.004963331681106144
-4.2614467278006066E-4
0.0013246474092699354
8.928123274796833E-4
-0.004441777599545667
0.0018072982703351244
0.004056530814057537
0.0
-0.004668214697599356
-0.00189241822607178
-6.390477171473643E-4
0.0
-0.0027984557198701436
5.081808025728893E-4
-0.002215017326579991
-3.4986693920985334E-4
-0.0011414434654633365
-0.0014358209409845726
-5.545457579749459E-4
-0.0019094355872542308
-0.0029742774955605817
-3.575310189972124E-4
1.9168008397247487E-4
0.0
0.002167498404216739
0.0
0.017381219828628527
0.005156281248613694
-0.001559729701856712
0.0017501807064307148
0.0060410568517126955
-5.07700251054291E-4
-0.001583430065282885
-8.718390083584161E-4
-2.478605424826222E-4
-0.001890680699234378
-0.0011374463249098662
0.004001444272928931
-0.001982719353040405
0.0
-0.0016413555138818064
-0.0015029580733269023
4.74367947309397E-4
0.0014856375698924255
-3.6533323369705684E-4
-0.0026850756080438183
-0.005476804214245377
-0.0030365280595538733
0.002234252162256932
0.0011803715070120885
-0.002458009266055329
0.0012709578851541027
0.0
6.414801502544773E-4
-0.002432852271247479
0.0013998747332794863
-0.0015727760536278237
-0.00139602673573743
0.0041169133436627535
0.0010931523175663324
-7.929606865938694E-4
0.002851377209229524
-0.0014985474132967686
6.564868051156885E-4
-0.0034163945246342177
0.0
-0.0014762949634403708
-1.815765645117482E-4
-3.057372514858149E-4
-0.0024341584332094384
-0.002904051998752688
-8.947906174327848E-4
-0.004356191698085441
0.0024337250002856134
0.0049726038217585535
0.0
0.0
-0.00261123144395548
0.001428897610566418
-0.001395643806786008
6.024481526670803E-4
0.001969250312843715
0.0014146168264270703
-5.259196935603928E-4
-0.001992846157362374
3.189932463750218E-4
-0.0019489798289814963
0.002627863016389926
-6.0980210966688105E-5
0.0037649837259839665
0.0052582138449754415
0.0
0.0019761902374940054
0.005758880898578447
0.0
0.0
-4.0918505015946497E-4
-0.0023088385719881735
0.0
0.0
-0.0015888664696396167
8.941173333005598E-4
0.0
0.0
-0.0021547588198817104
0.002649361654618678
0.0
0.0
0.001568098596291903
-0.005851483908570387
0.0
0.0
5.670604860367394E-5
-6.444729966409886E-4
-0.0015753573269557772
0.0
0.006211439655296261
-0.003933656843798872
0.0
0.0
0.0010402464028964019
-0.003807794348447653
0.0
0.0
-0.0010632173379090887
-2.6400173424332736E-4
0.0
0.0
-0.003436029733758055
0.0
0.0
0.0
0.00370178883457816
-0.001174029598229172
0.0
0.0
-0.002544356802181893
-0.006128988595819536
-5.952580540206404E-4
5.018916072017507E-4
-0.0015269080655904504
0.004157963590625325
0.0
0.0
-0.003263288100116577
-0.004368015376445182
0.0
0.0
-8.974233097867042E-4
0.004197147226991952
0.0
0.0
0.0
0.014822098957706142
0.0
0.0
0.0
5.018916072017507E-4
0.0
0.0
0.0
9.541634302863688E-4
0.0
0.0
0.0
0.0038013588463900578
0.0
0.0
0.0
0.0
0.0
0.0
0.0
0.0
0.0
0.0
0.0
-0.0070517968354304236
0.0
0.0
0.0
-0.007321326945074343
0.0
0.0
0.0
-0.0015753573269557772
0.0
0.0
0.0
0.0
0.0
0.0
0.0
0.0074269387104480954
0.0
0.0
0.0
-1.6421881735524083E-5
0.0
0.0
0.0
0.0
0.0
0.0
0.0
0.0
0.0
0.0
0.0
-0.0036588692191672012
0.0
0.0
0.0
0.007534677668057638
0.0
0.0
0.0
-5.952580540206404E-4
0.0
0.0
0.0
0.0
0.0
0.0
0.0
0.0
0.0
0.0
5.018916072017507E-4
0.0
0.0
0.0
0.0
0.0
0.0
0.0
0.0
0.0
0.0
0.0
0.0
0.0
0.0
0.0
-0.002329563913863156
0.0
0.0
0.0
0.0
0.0
0.0
0.0
0.0
0.0
0.0
0.0
0.0
0.0
0.0
0.0
0.003998287687637822
0.0
0.0
0.0
0.0
0.0
0.0
0.0
0.0
0.0
0.0
0.0
0.0
0.0
0.0
0.0
-0.002170615380976418
0.0
0.0
0.0
0.0
0.0
0.0
0.0
0.0
0.0
0.0
0.0
0.0
0.0
0.0
0.0
0.0
0.0
0.0
0.0
0.0
0.0
0.0
0.0
0.0
0.0
0.0
0.0
0.0
0.0
0.0
0.0
0.0
0.0
0.0
0.0
0.0
0.0
0.0
0.0
0.0
0.0
0.0
0.0
0.0
0.0
0.0
-0.015207577244859898
0.0018367942624567973
0.005055453670141181
0.008315329312261912
0.0
0.0
0.0
0.0
0.0
0.0
0.0
0.0
0.0
0.0
0.0
0.0
0.0
0.0
0.0
0.0
0.0
0.0
0.0
0.0
0.0
0.0
0.0
0.0
0.0
0.0
0.0
0.0
0.0
0.0
0.0
0.0
0.0
0.0
0.0
0.0
0.0
0.0
0.0
0.0
0.0
0.0
0.0
0.0
0.0
0.0
0.0
0.0
0.0
0.0
0.0
0.0
-0.00892857142857143
-0.0016030038718686296
-2.1171623013412403E-4
-0.004464285714285715
0.007719276908944583
-0.007505039380730339
0.0036855309680540616
-0.0020629742338115105
-0.002336986326857313
0.007908248991921593
-0.004486825600989909
0.003971016606066817
9.357750722385517E-4
0.0010348873683689941
-0.007597371240416704
0.013942038112071072
0.0
0.0
0.0
0.0
0.0
0.0
0.0
0.0
0.0
0.0
0.0
0.0
0.0
0.0
0.0
0.0
0.0
0.0
-0.004464285714285715
-0.004464285714285715
0.0
-0.002215017326579991
0.0
6.120134547113615E-4
-9.698111935757626E-4
0.0
7.580949634416386E-4
0.0
-0.004464285714285715
0.0
0.0
0.0
0.006937238818149859
3.7395167893290287E-4
4.0808641186182307E-4
0.0
-0.002272063042350012
-0.0015131285521246777
-0.003133256177593589
-5.865916086620599E-4
-0.0017182738673284076
0.005551694200069778
0.0012836475489535482
-0.001431536913640858
0.004095457732547558
-0.0019334038495766015
-0.0014522220320809995
-0.0027728060847014672
6.46687940013707E-4
-0.005192634371552417
8.59138618465118E-4
0.0013498214862162797
0.0010513844135386966
-0.004628272276342079
7.322284428241039E-4
0.010752908411900868
-0.006122467993507885
6.842417973681341E-4
-0.0015768475149154579
0.002528248110065291
3.714250210673033E-4
-0.0016843904574659922
0.0026335456038793486
0.0026504364385861613
0.0034918151252374637
0.0
-0.0025560400529989116
0.0
0.0
5.13527302335131E-4
-1.4945281918599915E-4
6.708128852198625E-4
-4.899551993374355E-4
-0.0017170397956519355
-6.179998965926601E-4
-0.004772376348834674
0.011095640299222598
0.002545098006042223
9.090386484148835E-5
2.1039594196476204E-4
0.011119135315711022
-0.0038385890249266756
4.0298561194366785E-4
0.003392209980673015
-0.0016825133671940738
-0.0017685698199351638
-0.0021151677448237706
7.475682393334937E-4
0.0014475625492949063
-0.002571335583528735
-0.0017888581545299482
-0.0028404695481939095
-0.004464285714285715
-0.0027925471903426846
0.003474196307900685
6.68172368658279E-4
0.0048113567848620566
-0.003127486462822238
-0.002188892816718263
-7.156561341328737E-4
-0.0036532333378970563
-7.875512580648959E-5
-0.0012672217493147162
-0.002843680639693353
-0.0011596366610441768
0.0028794435827094503
0.0035440853788838234
-0.007814372854504582
0.0064112559618883826
0.003567199527016496
-0.004030552897872346
0.0055012405521375
-0.0015037835076979244
-0.0051259711630169385
-0.0014151939148699681
-0.0012555596681646589
-7.544225188139532E-4
4.7956746147439583E-4
0.0068487268798628174
-0.0020549756207372816
-0.004590533942493204
0.001446325126133215
-0.0011014196600532896
0.004092523577300349
-0.005895822627926573
0.0017787998964120544
0.0
4.413575791042775E-4
0.006596793320283224
0.004623670256040393
-8.588023435072132E-4
7.365761057353434E-4
-0.0035591364748003493
0.0012594693831984713
-5.88573195596126E-4
0.0018155439861976335
0.004325219414863862
-0.004389230686693927
-0.0017831654059033584
0.0031194041143732605
-7.433528624704611E-4
0.0022871335800218376
-0.0030277255762590927
0.0015719711545571706
0.019140911306273076
-0.0016263633666960126
-0.0016150137452734473
0.005123967718854761
-0.0014587574293004374
-0.004562638267600358
-0.002319932545054862
8.729518472301975E-4
-4.231358379731178E-4
0.0031858412018008373
-0.0014511421079187962
-0.0053714667190606965
0.0
-0.0039432830390269576
4.1270947748803005E-4
0.005688143845649754
-0.0027472155378675707
-0.002785679553109972
-6.753084387894979E-4
-0.0034411021689383916
-0.0015479061308297174
0.003777113788814135
0.004954295828618758
-0.00729179158767196
0.0025475645602985927
-0.0028641515426965332
0.003523040893760285
-3.286897212341403E-4
-1.7502366109738718E-4
-8.793910856742066E-4
-3.69028585070946E-4
-9.121007030569682E-4
0.00412880603496653
-0.0012257527485509752
-0.005067936094616568
0.002187494168822402
-0.005180437588276726
0.0030866326609463295
0.0029496720388603194
-0.00349066467290992
-0.004555643505567319
-5.66208287298943E-4
0.003398163190815775
5.94330760447714E-4
-0.0030989344254120175
-3.2213899075083903E-4
-0.002489810955715044
0.0024679696608530177
-0.004714710989910923
0.0
-3.993692016475702E-4
4.218749487641263E-4
0.0036125256700219647
0.0016480270440839353
-0.0012815442080167127
8.615773070185157E-4
-0.0027587640199909797
-0.0023367460681968334
-0.002270569753042307
0.0037819976749993663
3.768421736708988E-4
0.0021291896889567784
-0.0032539575708545165
0.008930667362684067
0.0023445094265386332
0.006577270540218363
-0.0010313242944216712
0.007917335141125786
-0.0023667312702836795
0.002103424435898578
-0.0030373275839122235
-0.002337161250059635
-0.00510844736151628
-0.003711241399405902
-0.0010170228421700948
0.0020790841227651922
0.0018864534340418632
-0.00277073865004998
-0.0032015165426820726
0.008378036426193088
0.0014153110401798816
-0.004503062135405838
0.0029001080135062068
-0.004386932396665166
0.0012433232179956595
0.0017264325146637688
0.006000687672509284
-0.005021308178924665
9.250436735923605E-4
0.003403451425621387
0.001528523536175289
-0.0015545275209815357
-0.0023920818916263143
-0.003429037473196991
0.0019185870067276495
-0.005145394748237513
-0.001782347147533241
-0.003980559278945953
1.2314575782561998E-4
4.497818654207503E-4
0.003291652529307961
-0.00596817861207754
0.003476421962699031
-0.0033811605763209235
0.0026635492768234664
0.0030200344174303702
6.957730401489291E-4
-0.0031798645107878093
-0.0036404786630416857
-0.0010365338488518472
0.003528053924488225
-1.7486941744244996E-4
2.601446475964756E-4
-0.0017482427866729001
-0.0014090177737620814
0.0
8.845369221338121E-4
2.0950766418437747E-4
-0.005078421923102414
9.687539102889991E-4
-5.7326737185791374E-5
-0.0013696895994873282
-0.0031356589900313563
-0.001137412307448001
7.487752887654208E-4
0.003984519509012093
-0.004427224276490545
0.015868609644842904
5.463177960953831E-4
-0.0011148379159253898
1.9767363605758626E-4
0.002608464450554171
0.0013823907942497643
-8.501121252693323E-4
0.0
-0.004186872329786759
-0.002939487460388142
0.006988418551112736
-2.9269344055076586E-4
-0.0031733259470257537
6.670498263835202E-4
7.708187841403803E-4
0.0
0.0025423159993574703
-0.002745100263901551
0.005225579338487904
3.9923957817601403E-4
1.7306274639138544E-4
-0.0033249278291838428
0.0018414691040642493
0.0011079400921938862
-0.0015532953644051097
-2.953538497351409E-4
0.0036830203340304677
9.487372366208516E-4
-0.0029750435927225006
0.0018318480847218336
-0.004437435744503182
-0.004890037551984984
-0.0022752508832498937
0.0020886663187645056
-0.006287555220041514
-1.7877427426385493E-4
0.002800482027254622
0.0022204272324784055
-0.002544711547780334
-6.166049440623493E-4
0.0022834441035228057
1.360228609658884E-4
-0.004593885706220079
0.002888122604114357
-3.5864501473740053E-4
-0.0011276043042025535
-0.0033649902747666825
-0.0012742719980542183
0.0019741463605713002
-5.659997295413857E-4
0.0013785007933892067
-0.0018177510040822229
-0.0023920818916263143
-0.0033431144577293196
0.0011858644026420465
1.543039238392692E-4
-0.0012488443318387217
0.003631177378866951
-0.005027260910544491
-0.0024175037644269667
0.0016314874081477632
0.0058923765431713356
0.004349276112851836
0.0031803259524148053
0.005504403296918047
-0.0015980846741277719
-0.0013291829618015355
0.004049019417995472
-0.0017978676606492114
-9.177495670589684E-4
-0.0014929511068071644
0.002263761676061629
-6.513740062852896E-4
-0.0013503762865194658
0.004243491854470978
-0.004808571462492355
5.158438304283658E-4
9.820752972213242E-4
6.214270077808054E-4
0.0
0.0015864250275717342
0.001150585440351006
-6.467255751724239E-4
-0.002650808004315423
-9.182761210481516E-4
4.491338606914025E-5
0.0035606645126677917
7.959145382291E-4
-0.004768982603309401
-9.547478493494776E-4
0.0014171515677802488
5.813269491005112E-4
-3.980915955604757E-4
-0.0019139294476967117
-0.004469637253124919
0.0017501237168501805
-7.212493853633352E-5
-1.6233276661940723E-4
0.00369476748482018
-0.003000075788491217
0.0
0.0060992527460880745
-0.004480190720003774
-0.0012266685213684263
6.578987636627607E-4
0.0027571384213810495
-0.0026530926826520028
0.002666035752295397
-0.0016434188552669684
-2.573277590648521E-4
-0.002981605571253266
-0.0025865033391505596
9.49909523130787E-4
3.800473107691375E-5
-0.0010134301790929784
0.0026813893184218346
0.0055577062796683665
-9.1566385033669E-4
9.078134702641908E-4
-0.002641833175292568
-3.264756691258048E-5
-4.661256357633508E-4
-0.002761328829827033
-5.782516917895007E-4
8.217225597554885E-4
1.6695223745533008E-4
0.004066015391154674
-0.001402522405208145
0.004915169550195066
0.0019696383718144543
-6.717994828908267E-4
-0.0010940955758146408
-7.755705824282462E-4
-8.632967936053253E-4
7.08602104691123E-4
0.0017731117700173359
-9.129883123498912E-4
0.0025042703854724546
-2.277577325168268E-4
-0.001983406657948218
7.864189486032542E-4
-0.0025560400529989116
0.003336681410083161
0.0013938713145032334
6.670498263835202E-4
0.003623552235539225
-0.002313416640997195
0.0018913450617749322
0.0011092720584445948
-0.0024980275745211293
-0.001084008093294431
-8.828530175086481E-4
0.002960224841445251
-9.368566963796365E-4
-0.002008326675965793
0.0020408387363455094
9.551915362965421E-5
0.0025919604921399975
-3.077847517506814E-4
-0.0032361374855660744
-0.003843143667667753
-0.001566965008104783
-0.002489280754696401
8.141176513541334E-6
0.004033993236036398
0.0025359908300277
-0.0014105164548609622
-3.1970542826412023E-4
-5.595470371304259E-4
-8.969648493806162E-4
-0.0031092167495404355
0.0016155724316619811
2.511487143731241E-4
0.002390934831555067
-0.0024636555450925526
0.0012923972983070052
-0.0019236206454131093
2.1366935192017214E-4
-6.519927595406644E-4
-7.111373470624428E-4
1.2723108259802377E-4
-0.002109330947572716
0.003918762596395407
-2.7021219559169034E-4
-0.0043030198786737075
-0.00293035804902761
0.0012833978437284514
-0.0023850427431787932
0.001793100920969429
0.0023121554122195083
0.004016518382514057
5.440827887952661E-5
9.96297088748162E-4
0.0043297826344017454
-7.208839014379604E-4
0.0012523129297383024
-6.213167115330197E-4
-0.0010887517130485154
-0.0024353696647687294
5.299231701369073E-4
-0.003132291430444748
0.0010981391685396268
0.0012840591481563454
-0.0028010879814779044
5.131429801933206E-4
0.002492041598876579
9.754313285779258E-4
7.037038193623336E-5
9.570824852600327E-4
-0.0028116809472407043
-0.0021922795265395555
0.0016007643294705868
4.685316586382033E-4
0.0014724606657898886
9.728994445844838E-4
0.001180097711891029
-0.0014926176693342646
-4.408517352641596E-4
-6.295146533949692E-4
0.0016945599485068854
-3.2385243119487973E-4
0.001776218856898837
-0.003661677984437137
-0.0013112390569509714
3.81367797780498E-4
-2.136931128407908E-4
-0.0018070641701144882
-0.0015913794600500367
0.001352227533689907
0.0
-0.003898377065814127
0.0024375938265441145
-0.0026011200750245913
0.0025513200605365915
-7.666741171357244E-4
-0.002962947892591025
4.6626371607063504E-4
-0.0014310270840858046
0.0015862579155604553
4.997037530243334E-4
0.0022712531530764777
-0.0020029372908105143
0.005041588941816504
0.002040408310883944
-3.400492789742724E-4
3.2435952391548004E-4
0.0035282747554626443
-0.002517398798143951
0.0032465240145198105
-6.144998677491381E-4
-3.966914393306125E-4
3.782556922046001E-4
1.3747502099884196E-4
-0.0016430967649991358
-0.0014462336434862267
3.907667038563758E-4
-0.001404853693320194
-0.0010428898326838017
-7.180699496565921E-4
-5.86583185749656E-4
0.0016490142515997851
3.02088768474147E-4
-0.0018987947634067864
5.685371165550814E-4
0.0013495302221020588
0.0027822659258713274
0.0025280881334171007
-5.679486512021302E-4
-0.0014402992980435015
0.0
4.685316586382033E-4
5.818869003295108E-4
-1.910253571468962E-4
-8.725979057901439E-4
5.615881947946347E-4
-1.2653401496436458E-4
0.0011456122026167273
-0.001982317731387762
-7.921809417018896E-4
4.781384636892436E-4
4.6378767886468025E-4
5.208211429730443E-5
8.38583716447411E-4
9.064344927840928E-4
-1.668844131007094E-4
-0.0015251488358766965
-0.0021657744999912434
-0.0011348243081850114
8.462424837691597E-4
5.454268260953896E-4
-5.777426909666141E-4
-6.06524510272674E-4
0.0032329480012068187
-0.002689234242736189
-4.89634401805668E-4
3.105118116298894E-4
0.002359535771207003
-0.00117736980571279
-0.0026647614315725987
6.932059875453783E-4
-5.422949836174324E-4
0.0
-8.292942835714433E-4
0.002507980993296202
-8.856574236568403E-4
0.0037139920665368144
9.369900208747127E-4
-0.0025710923322802455
-8.857531484408061E-4
0.002145312289580358
0.0013426063357730854
-0.002101038401047013
-0.003933102608091414
0.002704363693453916
-0.0014113104202016081
-0.0019167098172993761
2.732583259130389E-4
0.002106252464476064
2.601446475964756E-4
0.002420891314264385
-0.0025824386835401093
0.00293875735242022
1.4378021715105499E-4
5.886438999825043E-4
-0.0013272503153955208
-0.0033088363880967113
0.0023449814206813625
-3.5032335983009913E-4
0.001516943902291588
-0.0018823911445798526
-5.183568127317125E-5
-4.953455186949688E-4
-0.0014611616987189463
0.0017876177557132162
8.71222473450863E-4
0.0011456122026167273
0.0013373688752017186
-0.0019255617020359395
-9.610646178036826E-4
-7.937240142473125E-4
0.0014561994180174883
0.001987893420312371
-0.0029305167227940848
-0.0010393477197713698
1.4396725111182496E-4
6.716000662418203E-5
-0.0023944854770458998
0.0011804125559505033
4.030619052984162E-4
0.0011266448930165476
0.001226989818288309
-0.003927998848955392
0.0018141152017328663
0.0023506138009870086
-0.00119841124132601
0.0012643261555622684
0.0019448132126864911
-6.249273202547039E-4
1.481406049348476E-4
0.001987614468854902
-0.00222022775544474
-0.0023102528414271238
8.398706567764906E-4
-0.003231650514446354
0.0038170147109249522
-0.001737405029436443
0.0015278956983881494
-9.793594641740065E-4
-6.87351573626305E-4
0.0
-1.8293638035439975E-4
9.69901825702466E-5
6.670498263835202E-4
-3.816567179654006E-4
0.0017956740585801307
-0.0015164720264943836
-0.002163937791448355
0.004658246660701377
-0.0025333481351523814
0.004883214617889183
-0.002632178243733091
2.4676922972540307E-4
-0.0022609914279882832
-1.6176833832949838E-4
-6.368884439823081E-4
5.283392490053071E-4
1.9281073528146513E-4
-2.531706753258166E-4
0.002895830142410334
-0.00298592173866673
-0.003290783703503703
0.0019675032661029654
0.002110570153734431
8.472122928820758E-4
-0.0023601916161129053
-3.702101024205457E-4
0.003039425649519082
0.0025626113457748213
0.0
-8.621990253203681E-4
0.0010403998212375257
-0.0016375845011565749
0.0010148428456134874
5.773655412836497E-4
-0.002282150891745008
-0.0034379828676336607
0.0048210378058729944
7.352505844774896E-4
-7.600261613145648E-4
8.85680615849484E-4
-5.32490407087348E-4
-9.294400373949597E-4
-3.422788086081271E-4
-3.1988649470683097E-4
-0.004007994552565741
0.003179202296040956
-0.001574575642258066
0.0024120432508636957
0.0013836158647322215
-0.003847190556885484
5.842941226081469E-4
0.0037025407229642057
-0.0023045451085869583
-0.003047195476818142
-0.0024905987742540672
-0.002629176600725709
-3.272750167318272E-4
0.00454088740016303
7.521953579928678E-4
0.0028519233917418153
2.1994967117146903E-4
2.6559933687996375E-4
-0.003210735726021918
-4.236543329861498E-4
-6.714470868067457E-5
0.0016204121452406788
2.9401374544487E-4
5.081657564262984E-4
0.0015955103511842658
7.929012641806575E-4
-0.0015314608096521818
0.0012794089759635716
-0.0019607903540778153
-0.003117339658472208
-1.247934122557185E-4
-0.002418883919940192
0.0014240957659208751
5.728449095002416E-4
0.002249187303845047
0.0018052816112521855
0.0038113664734185345
-0.0019260877073339607
-0.0028114167116104804
0.0010845091791110118
-0.001304387894661371
0.0022099398092334252
5.340636432634333E-4
1.2850823248190894E-4
-0.003491816281515344
0.0026923722622928686
-0.001231647758946403
0.001134764692187365
-0.0010936001797409104
0.0024540302799538937
-0.0010032076736820055
0.0034971025464800923
-0.007939046393895567
7.694625829898754E-4
0.001459283137515712
-0.0021536433218137716
0.002437843832439924
3.5560855396358094E-4
1.8141028037686356E-4
6.097882347953011E-4
0.0032808162493688582
-0.001999331104340962
-0.001442813741880227
-0.002691606861051188
0.0015917423959509011
-0.005457950322666944
0.003886299196280847
7.034426876431936E-6
-0.0026531707217414915
0.001861150314291386
0.0011681112645430952
-0.001479207524154685
-2.942766845672874E-4
-0.0023871089784685724
-0.0010201542068193506
-0.0022742269572352996
0.002274666310766346
2.9263090992004523E-4
-1.6917266157577332E-4
8.365562358271452E-4
-0.0014026670102451095
0.00525110563150265
-0.0013604460704365832
3.3459062568931195E-4
0.0
-2.0922768034090496E-4
0.002550401377521207
0.004352787965885186
-0.0010020350371946888
-4.009933355076281E-4
-0.005313708708656266
0.0011847591323132568
0.0014690078065957032
-8.356957902301309E-4
0.0013373763684219634
-6.004473484569562E-4
-0.0010378123044996572
-9.717807473564453E-4
0.0011143161571156466
0.004720049686301879
0.0019176580566487903
-0.0010462972143430761
5.259868169042855E-5
-6.794158403841074E-4
-0.0012192861055140447
-0.0011511557466452266
-0.0037309929496751456
-0.004856724439117078
0.002392468864965998
0.00198129928905737
9.78253794700105E-4
0.0
-6.459993706265524E-4
0.0011329399987084765
0.0018794384398876107
0.005595509111739467
-0.0013089452930704825
1.7829478622754703E-4
-0.0026604123058687887
-0.002040497587457583
0.0010753756915766488
-4.071721000407612E-4
0.0012094382119382753
0.0012033781561725842
-4.7199441687069974E-4
0.0019054239705133388
-0.0028593616605944163
-0.0015753573269557772
-0.0017498747832023827
-0.00331151261979504
0.0010183557381178792
-0.0022465480126667666
-0.0015836024300455473
0.0021810391716963026
0.0012979399133711792
0.0030471411899532473
-0.0014792613647966663
-1.8690997239120257E-4
0.0021517042324501836
8.304987728470557E-5
-3.922509285288099E-4
0.002575125407012684
-0.00211594807812676
-6.101354109144231E-4
-0.0016044169634653578
0.0014536403674358976
-7.453457870365563E-4
0.0
0.002452042587607187
-0.0021244856966050455
-0.0016482901724957752
-0.0014503681222657672
0.0023716270268051
-0.0022016938624472735
-6.619021406268348E-4
0.0011484456469196954
-0.0013488983342211031
-4.98193530796102E-4
0.0019740510595306652
1.1669752607442322E-4
-0.0024803112744249817
6.474311337717608E-4
0.004353144223856704
