0.002333499887813183
0.0016491968670750213
-0.001687171576976061
-0.002295525177912149
8.411671633683964E-4
-5.511775166616811E-4
-3.047751417179103E-4
1.4785495011198496E-5
5.174135793583159E-4
-0.0014920582395463499
1.9416881067769906E-4
7.804758495103272E-4
0.002924417132594123
-0.002849232315385861
-0.002958665882528194
0.002883481065319927
-4.990122726707255E-5
-0.0038284225500539813
-2.780031592305647E-4
0.004156326936551612
-0.001513521586726131
-0.0010664095449178048
-0.0010700234734628575
0.0036499546051067836
8.843627683833926E-5
-0.0016191670358374228
-0.0012188380561305142
0.0027495688151295892
0.001173553710034667
-0.003292934066036782
-0.002560929172323963
0.00468030952832607
0.006473946215775803
-0.005319839575980568
-0.0014961532247371309
3.4204658494189986E-4
0.005934016566586125
-0.005235634532016978
-0.0017299057778087318
0.0010315237432395844
0.00954858069602416
-0.009428516071353999
-0.006578449047918746
0.006458384423248589
0.004237118815222377
-0.007088954983543662
-0.0054132055713206634
0.008265041739641942
0.004564658383248324
-0.006739095782851807
-0.012122829568929726
0.014297266968533211
0.006114962863665252
-0.016192989378302058
0.007273372066648386
0.002804654447988414
0.0013099044034394168
-0.003648548282246476
0.003591619963407842
-0.0012529760846007852
-0.015630767697457134
0.0017327417127137772
0.004655344812138646
0.009242681172604714
-6.928587631825688E-4
0.00210621941279199
-0.012248489517843882
0.010835128868234456
0.015248395655910484
-0.011307557212852525
-0.0064911921428027755
0.0025503536997448207
0.006620386999967014
-0.0049018596214584695
-0.00560699253705276
0.003888465158544203
0.0025699488263083523
-0.008113388929398503
-0.006066249508618795
0.01160968961170895
0.0010426740671422158
-0.005987394228670023
-0.0031251486495447386
0.008069868811072543
0.0037294911666695602
-0.004866817477437298
-0.002223349143332817
0.003360675454100552
0.002068514093601839
-0.002798291913392233
-0.0051872839125170385
0.005917061732307433
0.0039034045155679257
-0.003037512929025531
3.8972208928495455E-5
-9.04863795470898E-4
0.002892838809714693
-0.0031135638270595994
5.161215203620923E-4
-2.953965030171779E-4
0.005212491485942974
-0.004549203245236768
-0.001202316487353437
5.390282466472406E-4
0.0035366242317919462
-0.004893710862114689
-5.661269445683122E-4
0.0019232135748910586
0.001439973777503451
-0.0031072069897377756
7.967982751450414E-4
8.704349370892918E-4
0.004899203038829935
-0.005804925962939237
0.0019675638432190513
-0.0010618409191097545
5.2648779846092137E-5
-0.004619389554700208
0.002051297954293314
0.0025154428205607917
0.0019410285509244424
-0.0031735096645994104
0.004288528003383203
-0.0032912835689300896
-0.0029809405581643646
8.177000675336408E-4
0.0032637503273972787
0.0032539825127134046
0.0022795743849950006
0.001540859135536981
-2.5060860992283813E-4
-6.853263450397745E-4
0.0015565505112820907
0.0015335086179993507
-0.004885911548546691
-0.002874401928749044
-0.001143471104374106
0.001023872433846741
-0.001482412306659451
0.0038354998739436935
-0.0014360244948878516
7.588729090275027E-4
-2.3403557691814136E-4
0.0012629416756606443
-0.0025765337152905605
0.002977127557434068
-0.0028833892873454834
-0.0020793877718119536
-6.550749587322879E-5
0.0024874431149241325
0.00280126612867121
-0.0015970650732721888
-0.001100746545431927
-0.0011365248776051722
0.0016818992019973196
0.0011342135255083317
-7.289352032929061E-4
-0.003684733934188179
-0.0038526818040150834
-0.0030162935021192444
0.0023980722787142585
-7.631390289925266E-4
-8.450640210579819E-4
0.006216482129437752
-8.858877920596642E-4
-9.838086575386733E-4
0.0031643628704950116
7.156137831726235E-4
-8.846067110697937E-4
6.069278443229646E-4
-8.153172292429249E-4
-6.429302626454229E-4
0.004638197732731848
0.0016940494048330854
-0.0018363249026962206
0.0015292978297229034
-8.20601110796822E-4
-0.005517992589385555
0.0024688070537925368
-0.0017636552019850218
3.272448519519017E-4
3.2728942730470483E-4
-3.886994886540449E-4
-0.001217211826096284
-0.001344063433091325
-0.0024309352657188497
4.5766765674899707E-4
0.0021295352321097933
-7.205659657725184E-4
2.9555295495772285E-4
-0.002074673658592269
-1.795475946278131E-4
0.001984450970584763
0.003643373084878707
-0.0026522848099413614
6.971584239560384E-4
0.0
-0.002734281520021732
0.0
0.003769781087898246
2.358746367528376E-5
2.2754705900867496E-5
-3.4471344828584526E-4
-2.0933124490358113E-4
0.004096094775787062
5.5706901349994735E-5
-0.006532149564089474
0.001966236334158465
-7.277479261889766E-4
0.002708595724958959
-9.350199861115189E-4
-0.0037051197688906293
-4.1236244729226E-4
-1.2838746850545057E-4
0.0024436149181448277
0.0011270635136305892
0.0017138678255787599
0.002593777742153693
-0.0016933320815218594
-0.0013338016485887158
-9.584331715285883E-4
6.460850814806313E-4
0.0029871700695232356
-0.0044379669048823095
-0.0018034003233041768
-0.004476316139430791
0.004636807810192162
1.3265378800903925E-4
1.0278774273387269E-4
0.0037898740018139235
6.889760222501587E-4
-0.002893524956196953
-8.858877920596642E-4
0.0
-0.0015426106593309002
0.003360898526691664
0.0028624653416432365
-0.003639095298744452
0.0018108648481067345
0.002330197611683997
-7.515837247177128E-5
-0.001196723041796765
0.0014571481022468964
5.057512739871256E-4
-9.312175556995717E-4
-0.001999213778662313
-0.0016661311018679756
-3.765026087150351E-4
0.003494121029705513
-0.0021684613892684985
2.731216613081782E-4
-0.002091277237642139
0.0010788769717888528
3.497885113315589E-5
-0.003825311719015521
0.002897053078429222
-0.0025785806421632705
-8.739851250301697E-4
5.642224414892412E-4
-2.3464520668540844E-4
-0.0015872633841245778
-0.0011248360411469766
0.0024991984743839768
0.0041602018161967375
0.0014104603002455403
-0.0012651392916582117
0.0033188179340397387
0.0018154220375021252
-0.002725296459720675
-1.9089381665349464E-4
0.0033308374419466023
-0.003056397526528536
-3.656847164753049E-4
-2.013191707423397E-4
-6.760294817324689E-4
-0.0025657549361016584
0.0035873859760663434
-1.3241574134618614E-4
-5.411831157570944E-4
-0.003234867672630725
1.2106573856237676E-4
0.0022569861432358003
-0.0034295598689128085
4.296523357344684E-4
0.0017438929018540788
-0.0027014760080240133
0.0018632870702715793
-2.2677433549153335E-4
-6.650383053418014E-4
-0.002546219859492393
0.0024712541214872465
0.0032466551597331267
-0.001676762410561104
0.0023762162277185406
-0.002701114295946302
-3.678958041495599E-4
-0.0035792009572171634
-5.635321003430853E-4
0.003285606177529624
-3.8366538022733415E-4
-0.002184986437095136
0.003702660026691272
-0.004061470687453141
0.0014717883324814318
0.0015891955880868612
-8.720436193225783E-4
7.493078697627279E-4
0.0
0.002287913579122397
4.4105836419518706E-4
-0.0033989871826321304
0.0022968322759313953
-0.0015766714222418075
7.342209269433735E-4
0.0012686564839256942
0.0010202401226690064
2.652832395431675E-4
0.0044463254106305635
-0.0028333261786454922
-0.003618429109562232
0.0029465161797856275
-0.0024031560608838995
0.0020408163648066233
8.638094202563819E-4
-2.3884526117250475E-4
0.0021050830864654787
-0.0026587393501053902
5.626332801795366E-4
0.0010920613561819096
0.0032909548082700013
-0.002521986095758507
-0.003948543091866284
0.0026437848699760024
-0.0018294098242860797
-0.0015443934244469839
0.0015752874319039808
3.944274749605265E-4
0.0020938141552150503
8.243003557089647E-4
-0.006005199880135021
7.335425265325821E-4
-7.329604065793376E-4
-0.003029593351014335
0.004114680779951675
-0.002403293316580474
6.696088996829164E-4
-6.130042525292419E-4
3.265805935332854E-4
-0.002274367936254163
-0.003574994235641703
5.297828610978728E-4
8.260115362105129E-4
-0.0033621706633087745
-0.001055897159403336
0.0034914299208473783
0.004035392852871479
0.001661393293873042
-4.5759109233706435E-4
-0.0014911659504719293
7.336187658820107E-4
-0.0011709324815650987
5.90628982955884E-4
0.0015912964514657962
0.0016002808076464768
0.001583984232487329
-9.105079193039524E-4
-8.294481932664777E-4
0.001715994689503665
-0.0021494923222625897
-0.0030214829448319356
5.640338657435327E-6
0.0010232488084855394
3.4125864331909883E-4
-0.001011046171813759
0.0046997105462657385
-0.0011756524024232296
5.444153168998476E-4
-0.002607607259363303
-0.0019956439217420152
0.0
0.0026759002403561826
0.002517636644392279
6.328540634088912E-4
-5.409773303051777E-4
-8.416522583687063E-4
-1.2929933760899326E-4
-5.4150638783067445E-5
7.500648218645076E-4
0.001567792298141244
7.055236985249215E-4
-0.0032747575646836814
0.0
0.0019461206834489914
2.352662537795836E-4
1.1572306336231548E-4
-7.842559483855571E-5
0.001390967283771021
0.0020048698125362404
-0.0038087464980393303
-0.0014556771668691026
-0.0038046759755886667
-4.924366671781407E-4
0.0019698506815720926
-0.0023501229740663654
-1.2604234957064173E-4
0.0035936791301354057
-0.004506903520325293
0.0015381312878164554
-0.0037362095846791054
-0.0015888675817837268
5.632939951334733E-4
0.0025910638405041487
-0.003447882564278879
-0.0048367848412705135
0.0018036472907208534
0.002094298104924418
0.0013813939394103655
0.0030743313942568923
8.653527600897214E-4
0.001041108886263423
-9.423242758813295E-4
-4.4232084251436845E-4
-0.0025021806068283893
0.0038040769267024665
0.0051077666092549205
-0.0016738841415234861
1.3295025842446993E-4
-0.0010694835236036862
-6.526664133515655E-4
0.0018637587708523551
-7.969730947647004E-4
-5.106338470007715E-4
-0.0012380397136294691
-0.0036937493155850968
0.0023491298763232823
1.0287104756536851E-4
2.6357304090413773E-4
-1.4928275348747598E-4
0.007287715800000868
-0.0031667256638275385
0.006039830340062129
-8.116273700266165E-4
-0.0023319430823903076
9.658331372794495E-4
-0.0021320236273770447
-2.0971326646490167E-4
-7.038656124618943E-4
-0.002589490222587091
-0.0017864005857238523
-0.0015682131564438856
5.858279600915806E-5
0.0021123543413368246
0.0015008291972360165
-8.023066198937286E-5
-1.4252761410691792E-4
1.650838009221809E-4
0.001149823830126755
-0.0019204104627859704
-4.968092138533944E-4
0.001233714393009367
-0.001649516457549956
0.0017439386929931815
0.002360356146545092
-9.052979954779534E-4
-6.992761180537462E-4
0.0011190705534957894
0.0015625797273977036
-0.004151592401514035
5.150360901094997E-4
-5.019468266495961E-4
5.082942127594284E-4
-9.343737154699668E-4
-0.0012933821505433868
-3.556267652880742E-5
-0.002088347421570819
-0.0010856817595334626
-0.0019130368481254656
-0.0016304672831617328
1.2983271432065728E-4
0.0021725174908512005
0.0023812648798381135
2.021139869287144E-4
9.623655176638842E-5
0.0024505672606688136
0.0026223074042264903
3.1637004349602173E-4
-0.005977470407779724
0.002582714741684145
-0.0019121909455493435
7.939817180621621E-4
0.0028803239113482856
-9.991159702676937E-4
0.003806103108032655
0.0023026664806783835
-0.0019169576320603034
-4.842127239922502E-4
-0.002082879591632336
-0.0030145134536816156
0.0011485483700102116
9.527187834672431E-4
-0.0033729348150418584
1.6096160414605376E-6
0.0023522373817424806
0.003194570367949302
0.0017301287388086146
4.433689628909176E-4
0.0026828998620981423
-8.723164897015212E-4
9.546950130494786E-4
0.0024904599085007672
-0.004059018978900597
-0.0013597547339288824
-6.32854921330987E-4
-0.0023467789967130262
4.9624460777850186E-5
8.93233650799929E-4
0.0032323804842760004
-0.0014586421305128824
-1.0717402991581161E-4
-0.001551814523359646
-0.0029589783800538175
7.347394014146123E-4
-0.0018313816772874492
0.0021671468309068416
-8.49903729083805E-4
0.002358494727551685
0.00531169069944202
-0.0046138570738649696
-0.003742429965343937
0.001217333641903066
0.0012207992194330575
0.0011736627203513658
-0.0010678816270918378
0.0038793688450557014
-0.003220975034256704
-0.0013969956349132546
-6.732107241406695E-4
-0.0022129706504259747
-6.042434853627964E-4
0.0013031334443576177
-0.0017975550294256678
-0.0022346349017884582
0.0016882497948601193
-9.176019333469903E-4
0.002415972302091331
-0.002884503806506958
0.004317065168830303
-9.825862192312136E-4
0.0015763198598940686
-0.0034433325183714863
0.0025870833207870046
6.43977321649261E-4
0.001502213281317404
0.0030946328053185292
-0.0015110462753136502
-0.0018205619347921344
0.002972522971826784
-3.284544124852523E-4
-0.006287557932814122
0.0033792915443711033
8.91551024677786E-4
-3.505025248107486E-4
-0.0036185909491446137
-1.8192397810715675E-4
0.0029209769163050575
-0.004278417927001066
0.0018864226120301193
0.00447901359375155
-0.002790629300042244
1.6481315328018993E-4
0.0014296491112121591
7.963199514814293E-4
7.158999726941602E-4
-0.0019646375092627236
-3.526951809234951E-4
0.003661203236690144
3.402104681414939E-4
-0.0020530808714131752
-9.065090170087423E-4
0.0013556078444146706
0.002429507208298319
0.0017444273773676794
-0.003396532734895195
0.0
0.0023742482776337743
7.949177667157365E-4
-0.0020781370490327803
1.887302310500606E-4
5.097309535789631E-4
-6.211341104537279E-4
-3.905411468754466E-4
0.002787809625528953
7.22080203575011E-4
0.0011917064849384252
-0.003300903171587128
-0.001959519934338887
0.002054305734820025
-0.002211478717903058
-0.0026124234401856427
-7.423257735010636E-4
0.004502508239195025
-0.002490057442550136
-0.0027664255283071726
-3.1378682824352404E-4
-9.74751610470841E-4
9.04222330919502E-4
-2.512502523171051E-4
-0.004042672154259224
-0.0014399443284673235
0.0033774191993001606
3.00863849497678E-4
-2.694408204339192E-4
-1.9972422014213355E-4
-0.004480588453186767
0.003127793802243126
0.0024549050448987005
0.004101158282964103
-2.4191952973454974E-4
0.002802556880153735
0.0
1.1233116148377429E-4
-0.003420984096925975
0.001432406483870941
-0.003424777279258474
-0.002292528155816774
4.1529535778797296E-4
0.003780423336063727
-7.578336693903182E-4
-0.0042303863208592064
0.0036554445291034697
0.001451818280282611
0.001297304268601036
0.008572414851594698
-0.003319123033574156
-0.004013793961626013
0.006947787643356126
0.0015967785107732354
0.001099400467328621
-0.004403662713806429
-6.476231658418758E-5
0.0026372170881099623
-0.004500341931063069
0.002710136435657256
-0.0014593681786782076
0.0
-0.003770003359930004
2.099569277086759E-4
0.004231309786509293
-0.0011316124355934443
0.0027083345003750684
0.002420662494556503
-0.0036341740820520704
-0.005417351085958829
0.0028582276084514503
0.004367234332980341
-0.006910644241195885
-8.942130760260112E-4
0.0030267490319336467
-0.003855944207604237
0.002161328155451496
-0.002226737821932395
0.0014870257183649087
0.0018282644058273626
-0.002106988873558478
0.004967460483139781
-0.002957576194190001
-0.0068258242860747605
0.0021457581845573882
0.0030071294437567665
-0.003574044959970318
0.003133308992313767
3.6494669451316714E-4
0.0025386524915643003
-6.384740271116992E-4
-2.039136737152487E-4
-0.001822389793771818
-0.0024524050784604677
-8.589449426354522E-4
-0.0025256273206184883
0.004205790761965954
0.001959042844276797
1.6032121317009957E-4
-0.0020656616553298922
0.0
-5.199288797265573E-4
-3.583812840940371E-4
-3.302375516925565E-4
-8.364754910552587E-5
-0.004287798951047454
0.0011689677435729798
0.003163366928971292
-0.0014738798140519179
0.0011999323115537799
-0.0019606526219820364
-1.8671419546632015E-4
0.00395731804589325
0.0207050389877898
-0.003596656561994649
-0.006131997040012457
0.003390920357635138
2.3343940588386168E-4
2.779656448605992E-4
7.558079573819509E-4
-0.0046752565223454
-0.004835295630546975
8.933462389351084E-4
-0.004549322016828693
-0.0019933460000336064
0.0
-0.0017936361074100023
-0.00136186977726574
0.008614877630537185
-0.002282314774779458
0.0016060973769385341
0.0016686373738321032
-0.002325791987146562
-0.002651942237714555
5.6845476345157575E-5
0.0013212340847654678
0.0012990645083196433
-0.002184901072631848
0.0034547482734039003
0.0030678808116475506
-0.0015710849526244805
-3.703014260929561E-4
-0.0010385615674715783
-0.0030820718999436374
-0.0022031725188642595
0.009857118738665552
-0.00409277132471574
-0.005882115824260983
1.1162596291196562E-4
-0.002466081526879794
-0.0026564003418179994
0.0033369210591991157
8.424616268305353E-4
-0.004733174292035515
0.0031866954068422064
0.006690817726614515
-0.0033306933581121437
-0.002955133273068236
-0.005040688167048313
0.0011328284040058646
0.004268683405060238
-0.002104761698519042
-0.002069094676553634
6.946457862335932E-4
0.0
-3.061199934051511E-4
-0.0021002299143249668
-9.637299232469252E-4
-0.0017324953752055395
-4.092163549178889E-4
-2.6730273260170464E-4
0.0011556154778791063
-0.0011532165729082828
-0.0012592360365254174
0.006090687993069423
-0.0032664877713214965
0.008722465535587509
0.019749932414827205
-5.941575164439229E-4
8.333184684845242E-4
0.006185987886289049
-0.001737357273758598
-0.0052412268992875505
4.858258560596939E-4
-0.0016596668693390352
-0.0012395556598563708
-0.0020942740903747686
-0.005582750768036934
-7.342491859396694E-4
8.086152143230564E-4
0.0017669693239726204
-0.0014295964192168663
3.0766214321730715E-5
-0.0034386742730889808
0.0012622407253372696
-0.0022512228885128226
-7.630479158511053E-4
-0.0039042505538550466
-0.001641378597504587
0.0020363300593449307
-9.125200429225063E-4
-1.4316934924306032E-4
0.00483191114063926
8.474789556289193E-4
-0.0010859875689255105
-6.49194339662336E-4
-1.2734831799851153E-4
-7.032690054620798E-5
-0.0034193562041937055
-0.0018783027441943005
-0.0022607613024456527
-0.002794514353430381
-0.005229008950061893
0.002495740941656375
0.003741960027474342
-0.0014123131835808303
0.002442099401029624
1.9098669383815292E-4
2.304930026871205E-4
0.0021093467674079412
0.0038341655353792688
-0.0031733442983054735
-0.003707672019258995
-3.02398190972103E-4
-8.64926375141942E-4
0.0
-0.0026750657170133674
-6.503689821478246E-4
-0.0012592360365254174
-5.167280876389919E-4
-2.7508634363993824E-4
-0.0012088010563808286
2.1841763879928869E-4
6.746523437028539E-5
-0.00582375362192688
-0.0015948500858691743
7.735374289007601E-4
-0.0020675055361635904
0.00586805442293175
-0.0011379868471617653
0.016740292012714274
0.0034341428412623842
-0.0020571657036916784
0.0033787466760707542
0.009677231583902463
-1.663973191479438E-4
-0.0010114067292036784
-0.001809065708371885
-0.0012808740538421664
-0.002673202963365523
-0.0024842927554192787
0.002597475047458996
-0.002302767084280698
2.580569991082146E-4
-0.0031338817424550486
3.1861015799091277E-4
0.0014919095692065534
0.0023661492071878672
-2.3508896941821047E-5
-0.001310700317814712
-0.004694534966027596
-0.0023006393406725893
-0.0010574327987888064
0.0023216766196084075
-0.0023793362931047446
0.001656233818543788
0.0
-0.0023773000583907026
6.221079152898799E-4
0.0011949897862757555
-0.001199681730734844
-7.368848063444959E-4
8.299068783709541E-4
0.0015003763959087473
-7.027735522573816E-4
0.002901222208096828
-0.0048230981326391874
-8.135825619653351E-5
-2.8827258972399295E-4
-9.422107932322547E-4
-0.001543781929822487
-6.283079330907065E-5
0.0010695547270918445
-0.0038552411767886403
-0.0013722578878633811
-6.612149851662688E-4
-0.004517901952706016
0.005796646516298297
0.0021699366309888366
0.0
0.0
-0.0042844921739671705
-7.96936785841173E-4
0.0
-0.001133615992731704
0.0036925144918651493
0.0012411049105134188
0.0
0.0
4.859718662322391E-4
-0.0034262802241291817
0.0016506574732364266
3.473903392603447E-4
0.001096403517936666
0.009392324317266925
0.0
9.642018958834037E-4
0.006336466548475595
0.0
0.0
-6.738717573715237E-4
-0.002109576395519357
0.0
0.0
-1.2250036416234592E-4
8.072767565480447E-4
0.0
0.0
-0.0034533944600795277
0.0028160561594740324
0.0
0.0
0.0044251645083416185
-0.006973559424358686
0.0
0.0
-3.6762912816665693E-4
-0.0018701228976807402
-0.0012529760846007852
-9.422107932322547E-4
0.007102369368138569
-0.002897243965036895
0.0
0.0
6.579424388881619E-4
-0.004620829805144141
0.0
0.0
-0.001552091160852774
4.722912227219679E-4
0.0
0.0
-0.0014147380283274342
0.0
0.0
0.0
0.0
-0.0031490943214881064
0.0
0.0
-0.002614710322569271
-0.003864486958414109
0.0
0.002252115196671672
-0.0023599324034337702
0.002550306480216226
0.0
0.0
-0.0043928101043340904
-0.0041112649823014736
0.0
0.0
3.742344477280918E-4
0.006100540938153286
0.0
0.0
-2.207832119289302E-4
0.014104860607762202
0.0
0.0
0.0
0.002252115196671672
0.0
0.0
0.0
0.0014773428399384786
0.0
0.0
0.0
0.0023855048270551033
0.0
0.0
0.0
0.0
0.0
0.0
0.0
0.0
0.0
0.0
0.0
-0.006849049018199701
0.0
0.0
0.0
-0.008090964275501572
0.0
0.0
0.0
-0.0012529760846007852
0.0
0.0
0.0
-9.422107932322547E-4
0.0
0.0
0.0
0.007354103451704318
0.0
0.0
0.0
8.61479408176326E-4
0.0
0.0
0.0
0.0
0.0
0.0
0.0
0.0
0.0
0.0
0.0
-0.005630945555689567
0.0
0.0
0.0
0.008435600003677986
0.0
0.0
0.0
0.0
0.0
0.0
0.0
0.0
0.0
0.0
0.0
0.0
0.0
0.0
0.0013099044034394168
0.0
0.0
0.0
0.0
0.0
0.0
0.0
0.0
0.0
0.0
0.0
0.0
0.0
0.0
0.0
-0.003648548282246476
0.0
0.0
0.0
0.0
0.0
0.0
0.0
0.0
0.0
0.0
0.0
0.0
0.0
0.0
0.0
0.003591619963407842
0.0
0.0
0.0
0.0
0.0
0.0
0.0
0.0
0.0
0.0
0.0
0.0
0.0
0.0
0.0
-0.0012529760846007852
0.0
0.0
0.0
0.0
0.0
0.0
0.0
0.0
0.0
0.0
0.0
0.0
0.0
0.0
0.0
0.0
0.0
0.0
0.0
0.0
0.0
0.0
0.0
0.0
0.0
0.0
0.0
0.0
0.0
0.0
0.0
0.0
0.0
0.0
0.0
0.0
0.0
0.0
0.0
0.0
0.0
0.0
0.0
0.0
0.0
0.0
-0.015630767697457134
0.0017327417127137772
0.004655344812138646
0.009242681172604714
0.0
0.0
0.0
0.0
0.0
0.0
0.0
0.0
0.0
0.0
0.0
0.0
0.0
0.0
0.0
0.0
0.0
0.0
0.0
0.0
0.0
0.0
0.0
0.0
0.0
0.0
0.0
0.0
0.0
0.0
0.0
0.0
0.0
0.0
0.0
0.0
0.0
0.0
0.0
0.0
0.0
0.0
0.0
0.0
0.0
0.0
0.0
0.0
0.0
0.0
0.0
0.0
-0.005580357142857144
-0.00248104853713487
-0.006964805468169385
-6.045565492957396E-4
0.007539955600634194
-0.007438596946777174
0.008046462150243142
-0.0064150790913863835
-0.005200732047173413
0.006853250104410514
-0.0023712303122966918
0.005374057067198233
0.0025482748262138006
0.0051726147922935084
-0.010958915887620949
0.012480707441718352
0.0
0.0
0.0
0.0
0.0
0.0
0.0
0.0
0.0
0.0
0.0
0.0
0.0
0.0
0.0
0.0
0.0
0.0
-0.005580357142857144
0.0
0.0
-0.00248104853713487
0.0
0.0
0.0
-0.005580357142857144
0.0029716336207089846
-0.004356081946021225
0.0
0.0
0.0
-6.045565492957396E-4
0.0047294153580114025
1.7431398849842477E-4
0.0026362262541243667
0.0
-6.030586670405246E-4
-0.0022437840356053984
-0.0036742332968186485
-9.175209473126033E-4
-0.0011552696406071001
0.007948123539884609
0.0012536082509656326
0.0
0.0022260605586131785
-5.646458263059783E-4
-0.0030242477916866896
-0.005052246032006894
-0.002293048981322281
-0.004705030229337573
7.91738435656753E-4
0.00100560872782969
-2.862039356462818E-4
-0.004873252556460181
6.822645159301676E-4
0.011330442080586811
-0.006256524866074641
0.0028377242761815297
-5.504583800987101E-4
0.001598028657695129
0.0017458798652248229
-0.001765573052790566
0.0031118497395821072
0.0022819005151818676
0.005522246035845715
0.0
-0.002973971209631913
0.0
0.0030823671074761048
0.0012549339798960924
-0.0021352451386776766
0.002970558843598989
-0.0019748990018658395
-0.003403659742897966
0.0
-0.005580357142857144
0.010511431823295928
0.0020946981260764872
0.0
-1.2542250765406397E-4
0.011175481391078676
-0.006132920423951685
-0.0012924808477869799
0.004208532293194825
-0.0025156908447782683
-0.0025720081074785584
-6.479869875794311E-4
0.0012049696989971095
4.416849787959458E-4
-0.0025782274661452793
-0.001404899979648934
-0.0015849211957096711
-0.0024050124419305284
-0.0015118306017807824
0.0025836984711630193
0.002338753300377981
0.009376753027034598
-0.002815951943345611
-0.0029217293438741207
-0.001445967235025567
-0.0018824190408027774
0.001846243307129073
-0.003266634875677142
-0.00504034053995351
-8.031840797268605E-4
0.0010766621954360481
9.433029373588976E-4
-0.0063439949726342435
0.005220234383166239
0.003570747659540086
-0.005029363017221158
0.00962186095138803
-0.004722605890757473
-0.004196514879891631
-8.142404730246321E-4
3.4666773512615834E-4
-0.004520125277518718
-1.8691748799022287E-5
0.009296847650326852
-0.0029561996936980804
-0.0021249861373947277
0.0013469044217912455
0.0010328921744977746
0.003419973032681614
-0.009718828822078153
-5.277691328929026E-4
1.1403484334046441E-4
0.001794152680447351
0.008795827930450967
0.0058535560904160785
-1.6601177373311553E-4
0.0
-0.002820530874589105
0.0012478029748590124
-3.24854547996605E-4
0.001662061694706641
0.0031237886990172106
-0.004127163438679169
-6.31824374363507E-4
0.0017228010619208822
0.0
0.004637301472334632
-0.003077742392834144
-0.005059883653275319
0.02368290668173233
-0.002009398298173146
-0.002825293596585904
0.005777241670833488
-0.003633647273689151
-0.0016486093413964414
-4.1720516482535814E-4
-0.0015923693768618986
-0.002227576358112037
0.004154954260971145
-0.0020941877836169933
-0.005027652557660961
0.0
-0.0031908573618067058
4.075591170926957E-4
0.0058925310380094275
-0.00509741284935193
-0.0019119511606581871
-3.1699606093547194E-4
-0.00441240596674328
-0.0016243970259059378
0.0037827542708796544
0.004710028717038417
-0.0063650395363016275
0.0011355251592211693
4.887212130636631E-4
0.004081111854368271
-6.479869875794311E-4
-0.00316979322183184
-7.157552266170636E-4
-0.002167796620337346
9.2383622883841E-4
0.007743860015744808
-0.0035735864436269196
-0.005634896337953178
0.0021019262265268546
-0.00499446188205062
0.00215524830175784
0.0010353633004947889
-0.0024779740077991615
-0.004524782806954169
-6.372779137723615E-4
0.005167604802047673
-6.607332347691132E-5
-0.0016588101511541718
-2.725544629702352E-4
-0.0029378985310664508
0.0020831210714494413
-0.007427312950930532
-0.001117918651526626
-0.0010694835236036862
0.0027111082452184023
0.003523236312463404
0.001221315699102882
3.986686233726402E-4
0.001025228762262107
-0.0032709524039740193
-0.002947569753579376
-0.001484837174800673
0.0022939872368022505
0.004113567581101052
-0.0018909040610466266
-0.0029179911293082204
0.009390210888191839
0.0034140604687489073
0.006350105474709869
2.6434108723462292E-5
0.009111440845012437
-0.0036358253610586314
0.0017651285430463062
-0.0027348650776356266
-0.004007292658336928
-0.005533313767285581
9.0868077419895E-4
-0.0027060635708227223
-0.002515972955168884
0.0028361871567744628
-0.004706804789789361
-0.0019128661625070638
0.009961353971357428
0.0014136807792671673
-0.0066513959746417614
0.002767615170218577
-0.004259169844026287
6.096999124850177E-4
0.0033817698204714154
0.00559629532739246
-0.004077056130004957
0.0020961380089035775
0.0053620055201959215
-3.6195557535686953E-4
-0.0013693324776621414
-0.001266579567507973
-0.0030850672310041285
7.2476903259679E-4
-0.005783276392785268
-0.003893975600382056
-0.0034891448212251343
0.001308492821720554
-0.0028131588099324202
0.0060364191357278885
-0.006364866702875813
0.002859184201725578
-0.001471908827894583
0.0026454280435921087
0.0011097937778095021
0.003022911325071269
-0.0011084414484746027
-0.0037434331866786144
-0.0015809216406837139
0.002610895393939263
-7.342661984919873E-4
0.0016090451771463845
-1.9484749434384806E-4
-0.004633755878642164
0.0025045224039546674
-3.3278863761892086E-4
-7.990590866455813E-4
-0.005610948804170018
6.7272541599389E-4
-0.0023176090394966386
-0.003500860082846756
-0.00216397070537347
3.663126640975417E-4
0.0011055405445251167
0.005508089684954113
-0.0019173202564247511
0.01359338925343464
0.001081477386808527
0.0033452815491771763
-0.0030748122929088405
0.0011908641817035405
0.0023369181409452445
-6.921027149106756E-4
2.066588664314826E-4
-0.005836757107966928
-0.0016065395094654999
0.00437972452812924
-1.8777498869076905E-4
-0.0031166238079525406
1.953527138086772E-4
-0.0015272901181480002
0.004016607047506839
0.0018589649518408787
-0.0015288219998480803
0.003869863389154439
-0.0015040636573486052
0.0018405273175775983
-0.0016430014707921063
7.80709593380697E-4
0.002919870916960259
-0.004074606465552522
-0.0024933557472552265
0.004101522553004567
4.271761340219791E-6
-0.0015027729197771684
0.0015990478277041946
-0.004028583761016597
-0.005393122097479755
-0.0010608741694504206
4.350026389784607E-4
-0.00508957181478046
-9.028571470185997E-4
0.0024480695685340664
0.0012133125839130985
-0.003133408599043103
9.045313874195835E-5
0.005709262865745664
1.8145141827824083E-4
-0.006295386155835957
0.00456192947162256
-6.57073260546637E-4
-0.001103806128106479
-0.004762094816149708
-0.0020264585913587333
0.003264925318406833
-0.0010283776894187975
0.0010685862364110852
-2.2278482981651272E-4
-8.857087700627836E-4
-0.0021992585338782462
5.554137445625431E-4
-7.871152811699546E-4
-0.001433743906037434
0.0027097323921404137
-0.0012796367266591187
-0.00167352995867529
-2.51087699201767E-4
0.005580357142857144
0.003840155635286574
0.0017493784985309225
0.005867309356840171
-1.7136834073255445E-4
-6.883135209532397E-4
0.0017645557184190197
-0.0019455935202131159
4.04984466697129E-4
-1.9273135601807073E-4
0.003140391791609023
-1.5848554232584058E-4
1.6113330166730682E-4
0.0015867082430990516
-0.006623360427927735
-8.289990439311807E-4
0.002492338429864785
5.142933284818381E-4
0.0
0.0015871205394057985
0.002365757723648574
-0.0022786581851796644
-0.0015104987738556288
0.001131369955574709
-6.936269607403253E-4
0.0014710036271766394
0.002261077999657132
-0.005527842642103984
-0.0014018795792987222
0.0025877532682366203
0.0021298107011218773
-8.858167490960297E-4
-9.262178318166306E-4
-0.005091437758848095
3.9656588579564797E-4
-1.4754908942140373E-5
-7.772143156009693E-4
0.004056577755561492
-0.001987298701100687
-0.002500776185161908
0.003461548303511413
-0.003766262493952177
-0.002102899749782317
0.0033138381388618113
0.0023178268970599856
-0.0025707899664584957
0.003507942637106614
-5.50083282111384E-4
-7.916960942179938E-4
-9.442973686295383E-4
-0.001756360216291266
-0.002035204008339315
0.0
0.0
-6.603067591289811E-4
0.006931258315392518
-0.004226987539785783
0.0013745518090306288
-3.44863403631318E-4
-0.0032805139256412586
-0.002021368961393407
-0.0016219283047786263
-0.0028312321285102896
0.004820934251881594
0.001875284594739029
0.002765239009839408
-5.708084859981379E-4
0.005860610339057163
2.291566734816644E-4
7.709497875604361E-4
-4.806122065121477E-4
8.976808127850969E-4
-7.416779779105445E-4
-4.888296959128649E-4
0.0034260847348924184
-0.001105971011640421
4.941723206064305E-4
-0.0016827463149277477
-4.782694850476387E-4
-7.267050362973209E-4
-0.0019455935202131159
0.004255767802821734
0.0031638976444365863
-0.001857813361453002
0.0021495170815799994
-0.002609613821591633
0.0011929424736248965
-0.001786927463930827
-7.257471484693899E-4
-3.192875612064352E-4
-0.0022488425643254896
0.002180438860238335
0.0021305853426371053
-0.0013811969627082876
7.953203977803431E-4
0.0014089978601433588
0.001959310320573211
-0.0020984615471938087
-0.0031279064318542166
-0.002385946312734458
-0.0016951195202037851
-0.004959057293706858
-0.00235305846767337
0.008062946939619177
0.0027716825999677536
5.054873142291263E-4
-6.802701624339671E-4
-0.002615156511664363
-0.0025488604100579212
-0.0025664164878483405
0.0015691668364697041
-2.707291567729782E-4
0.0019150485061423656
1.4805880257486487E-4
0.0027824592087022865
-0.002289531340676516
9.79786210561882E-4
-6.607196536301152E-4
9.125826561144561E-4
0.001418059885522966
-0.002214386282861006
0.002968669515452802
-2.796214877107035E-4
-0.00323086453403748
-0.0011332126798875607
0.002436907084232125
-0.0029946843068699045
-2.3961291396841348E-4
0.00227874299962084
0.002642976102829472
-0.0011602166306647517
0.0016362694893959468
0.0037356484464810807
-0.0016928775694739786
6.29166203056034E-4
-0.0010085966346433757
-0.001597245141040029
-0.0010345437924058414
-0.0011621312313027483
-0.0036645208166195516
-4.1252584427199624E-4
0.0019471285625052841
-0.00282909463370715
5.66346371027696E-4
0.004207747090537446
0.005473957634529511
-0.003455551028002901
0.002365606476932358
-0.002758975756015845
-0.001600067795454732
0.0034489147421973903
0.0
5.313780876112606E-4
-6.777547549380299E-4
8.346815575748728E-4
0.0019777346823145244
-1.5481320330089376E-4
-4.8339781724049055E-4
0.0025644386483857735
-0.0017088771074221319
0.0012789317381531118
-0.005063566025983412
-0.0010936330696327446
1.0671416035911417E-4
6.637807235173652E-4
-0.003523325566995704
-5.871884238429514E-4
0.0023894178406193454
-3.8841528806823265E-4
-9.402503643206932E-4
2.578337284874551E-6
-0.0018673653661481992
0.006168797543306735
-0.0028256443733051433
-0.004879506858613869
4.2788713094478123E-4
-6.743453795021179E-4
-5.658400783767172E-4
0.002132593933450273
-7.20457722466793E-4
-0.0018482935052598936
0.005861411157920813
1.94390653462381E-4
0.0
-0.001249580069549398
0.0011658527087130318
0.002402838783198735
0.0026292297386698955
-0.0028775014667868884
6.034658672569525E-4
0.003545447720002369
3.868216701474706E-4
-0.001731749166097009
2.4188838050954366E-4
-0.0012318238131482516
-0.0021753369267323124
0.003315105490119762
-0.0016697288353955681
-0.0016740410592751514
-1.7917568672633395E-4
-5.478225628182022E-4
-6.363631697216229E-4
0.0015485735815715467
-0.0013192476230353232
0.0024264886851783746
2.0211161764393864E-4
-7.977212560115932E-4
0.0018544041280621336
0.0
8.873196088051718E-4
5.937077583610252E-4
-1.0020616119022678E-4
-0.0024105657974021564
4.53703226297981E-4
0.0010367009378031875
-0.0017837007777454128
-0.0030042118773687784
0.0034783105644448937
-0.0015893399211869919
-3.714549688406561E-4
0.0021988003869730438
0.002048455983895081
-0.0032248444141029183
0.0010555554899905285
-1.0822962768234669E-5
-0.002633156655755786
9.702684792130191E-4
7.487893775276709E-4
-0.0016310271159240652
-8.19703626006675E-4
1.6664662875795445E-4
0.005008041142119743
-0.0013237179903167222
-0.0010954189394327917
2.75671290725123E-4
0.0013850178782409944
3.093384242406781E-5
-0.003228523830870241
0.00519138913589411
-0.003592514271380812
0.0
-0.001947975699563977
0.0036155364891415184
-0.0019953827248797252
0.004777825995798043
-2.4001961165293008E-4
-0.0026172564239757942
0.0011600343229221121
0.0017468177078456748
0.0023542050252815844
-0.002054352628777993
-0.0019602301936703396
-0.002529787919034917
-0.0014131054834112897
-0.0014031192006552702
0.0016975986257678527
0.0021744756032370804
-2.893134197945362E-4
-0.0012401358848352145
-0.001068500310514963
0.003777454939571673
-4.513428907802634E-4
3.8228468249916123E-4
3.4294184130101196E-4
-0.002864655158695986
0.0028105403700156685
-0.0016055136984946285
-6.16120359582245E-4
-0.003095800763041828
7.466435562417678E-4
-2.5145779422857274E-5
-7.136469304668864E-4
1.4308096572523033E-4
-3.191391216158417E-4
0.0032524562926797974
0.0011288008637809221
-0.0016544342464407638
-0.0014619358607861296
-2.2738929274622802E-4
2.1482467731509373E-4
0.00184117633578906
-1.1948035933842809E-4
0.0020287645528947315
3.5027295122670103E-4
-1.373136053836625E-4
-0.002072335303406329
9.682383427507318E-4
-5.780371116290542E-4
-8.23481859150109E-4
-0.00118200048329742
-0.0018764986919297417
0.001616066127071946
0.0022121340701404613
-0.0024492900808573003
0.0017327615941619976
6.308294120954106E-4
0.0013309546309058923
8.067881802636277E-4
-0.0016829186857171786
-0.0028458858381948523
-0.002303855002822581
0.002581713361677028
-0.002018313760842579
0.0015061596671124586
0.0013390615031360536
4.910155684417032E-4
-0.003667322671430825
0.0028522895722927714
0.0
-3.6106462610988304E-5
4.19774762793779E-4
0.0017799843402860546
-0.0010361208672421335
-5.969601648493359E-4
-4.7212904995507085E-4
-0.001877916084262588
0.0024358935024375314
-0.0022214312502312995
0.003271358589118412
4.535560005557017E-4
0.002372529786863107
-0.0014203899209811468
-0.0010465341309278148
-0.0023209055540113896
0.0016844259848422618
-5.827978773500315E-4
1.8662319404122256E-4
0.0030469034617379175
-0.002535221648134297
-5.84236158179427E-4
0.001253411508458728
-0.0025326289971796855
-5.460678214825032E-4
0.0017855260752492317
-8.757276116193449E-4
0.0019437011045613276
0.0020023893458583943
0.001418059885522966
-0.001995441476048351
0.0015435725156645618
0.0015030635465461634
-0.003098379334249183
2.604447472642975E-4
6.062259811955538E-4
-0.0022441362983275782
0.0046031685137919625
-2.1952528035911042E-4
7.613810909862563E-4
0.003027884751162401
3.1527622699709546E-4
-0.00288933073055703
-0.002185627128874615
6.864137558138007E-4
-0.006329511244178255
2.39619557440395E-4
4.1382860011107366E-4
8.286194547553955E-4
4.8518271505677553E-4
-0.001811960864137254
-0.0026029171744854553
0.0017808461520499319
-0.003967475126165904
-2.820976975650612E-4
0.0015033170359621977
-0.00299120011120248
-0.001676025628383677
0.003994551468923673
0.0028688116622661926
4.1839128094218764E-4
5.750899592792662E-4
0.0017596569177362484
-0.0020851065323854827
-4.0688591482865863E-4
0.0018311165655603106
2.0730968466490824E-4
0.0013996500611777223
-8.288645006251185E-4
0.0012024425079201913
0.0013174987359026646
-0.0041215907006504435
4.3633686949377305E-4
-0.002151664241816456
-0.001660017038448718
3.74452091628172E-5
-0.0013760210693602234
0.0030670201712073536
0.0013117831594477696
2.734687478393493E-4
0.0020408496540280717
0.00603619059801515
-0.0031616072931441083
-0.0013062098875839508
8.785607514444744E-4
-0.002092387647646068
0.0019532578465230486
-0.0021043088813035822
5.496349309483692E-4
-0.002541774547461247
0.00134207484847734
-5.075184701312887E-4
0.0012549662201268136
-0.00190786366791451
0.0056207144615165044
-0.0025179546841030704
-5.743312889722667E-4
-0.006023178656724937
3.8824442015109105E-4
0.002381889230509052
-0.0014389881358079686
0.0025859644065147924
-4.358631486389745E-4
5.427866152989754E-4
9.977941151850934E-4
0.001877012919838681
5.834971190160809E-4
-0.0013890168876026336
-0.0032849643663896482
0.002992805093434428
-0.0035136147223560274
-5.837475755704275E-4
-6.824791546381884E-4
-0.0035084092130005127
0.0026908297771980937
0.0014270122784117993
7.69957710187611E-4
0.0013310192277699285
-0.005470101834698444
0.0016422373287870975
-0.0015885065650408786
0.0018531823246041544
-2.4802217055966386E-4
-0.0014471775007050306
2.886522387437274E-4
5.722704373857753E-4
0.0037893321721833738
-0.001985924001197155
0.0025116039970211807
-0.0034818179704512436
6.823204609476305E-4
0.002019066825736591
0.0035570657942741945
-0.0019151767781886617
0.002252636990496693
-0.005163867234750894
4.2366276541752406E-4
0.0016406673653724217
-0.003743358718895584
0.002994646746681702
-8.042756276981766E-4
-0.003223429854487388
-7.627763649979987E-4
0.004936245178413066
0.0026988171070883135
0.0011949897862757555
-0.001470896819749463
8.727331338241912E-4
-0.0010642908581762732
-0.0019380854855993988
-0.0019481360688296465
-0.0020267028295562267
-0.0012021459871988133
6.166828104022395E-4
0.0023404425455887403
-0.0011551920036394587
1.3476784334601972E-4
0.0061460561004840104
-0.0029364363598164958
0.001177370863059956
0.006382772675026822
5.707165509613314E-4
2.1141438718866515E-4
-0.003398307493078506
-9.120794846311168E-4
2.6939228934441304E-4
-0.00252806692096897
0.0030801733247056663
-0.0024271626828850745
-2.8200889233343895E-4
-5.50516285875493E-4
0.0015596177147763285
-7.689674608511273E-4
-0.0037082793638621887
-7.869324702632812E-4
1.81027123008192E-4
-0.002167217012177105
-0.0026138353485835528
0.003312404508135439
0.0018512330991353279
0.004352271242739993
-0.004152439409713778
-2.2022147152020666E-4
0.002849477700847999
-0.0034233164503844338
-0.0027122956299265163
0.004826558761058252
-7.567556027091357E-4
-0.0018850008169913177
-0.002589273177826546
0.0037725563617009997
3.526515213596135E-4
0.0
0.0038554865762027574
-0.002567374269018177
-0.003833733842401864
-2.8440924243319115E-4
0.003357386849867538
-0.001688165057915662
-0.0029510305411003792
6.186099073734004E-4
3.4494492752837363E-4
1.591565167222227E-4
0.0040109441947218565
0.0
-0.002978828137921214
0.0021255105978563943
7.019364576072323E-4
