5.321546692231812E-4
-1.3968536164259788E-4
7.425293524276704E-4
-0.0011349986600082507
6.485502732451924E-4
-6.13173765008192E-5
-6.171411061823544E-4
2.9908209437996824E-5
0.0010673388126461107
-0.0019148999988718276
-0.001468357162822641
0.00231591834904837
0.0024926468811474244
-0.001282507031424818
-0.0039899196868305245
0.0027797798371079173
1.276851817300184E-4
-0.0036192804933590766
3.4787900347828075E-5
0.0034568074112812574
5.952064052494599E-4
-0.0019943704935944107
-0.0014449818130287766
0.0028441459013737423
-0.0011990263641143187
-0.0032554091925832227
-0.0013305984162880924
0.005785033972985624
0.002258663022146546
-0.0037178286769484706
-0.0018339137338713482
0.0032930793886732732
0.0055734745217071585
-0.00582849723853669
-0.0018055664905657566
0.0020605892073953004
0.008208491556094977
-0.0074029039886240305
-0.001585189500392733
7.79601932921799E-4
0.010876119109341515
-0.010626763510776472
-0.00843956848344902
0.008190212884883993
0.0031385086434043237
-0.007201070058844371
-0.004397416760627944
0.008459978176068007
0.00613103077887274
-0.007799759297422378
-0.013189119967063343
0.014857848485613008
0.0065107790102198
-0.015319000993290881
0.0070270849000245396
0.0017811370830465364
0.0011656927112716903
-0.003712739829318628
0.0056711597943462
-0.003124112676299265
-0.014563892358465466
0.0012190105711689645
0.0050895075656997735
0.008255374221596742
-1.649272717448399E-4
0.0024440750395266575
-0.013758918488830586
0.011479770721048773
0.015243674275918813
-0.01022970322152857
-0.0063000874979054775
0.001286116443515256
0.005886487320863212
-0.0024983007176054804
-0.007213932801363801
0.0038257461981060677
0.0033597634998026107
-0.008440564762375128
-0.006052664767406582
0.011133466029979111
8.155837710129587E-4
-0.008346858663159243
-0.003105415077226362
0.010636689969372644
0.0035922725341927236
-0.00395919247887003
-0.001590178041354091
0.001957097986031397
0.00144643614050541
-0.0033911411205579363
-0.004332795968277464
0.00627750094833
0.003203974940470703
-0.00357731890863831
-0.0010410294272354106
0.0014143733954030328
0.004054125644059588
-0.005107918198223264
0.0016582265019321647
-6.044339477684631E-4
0.0037188592131777
-0.0030014543264587704
-0.001369339231831574
6.519343451126293E-4
0.0031890425913108896
-0.005364781448662133
-2.3038041121322601E-4
0.002406119268564448
7.277968610138498E-4
-0.004059438625701092
0.001202497809165023
0.0021291439555222347
0.00534463268977562
-0.006220583782023163
0.0019262954903832435
-0.0010503443981357118
0.0015158790997511196
-0.003347482657891977
7.279269262855546E-4
0.0011036766318553116
-9.080824574123747E-4
-0.00714441586168468
0.0035494421378771436
-0.0027620340612841323
-4.778023616446188E-4
0.002158968318433935
0.006766925812920507
0.002414294868336185
1.4099957674927968E-5
0.0033047892220705944
7.844566452575056E-4
-0.0017310152761916618
9.97836208262538E-4
5.314115713762513E-4
-0.005279712542371114
-0.0016870075123978198
3.653804116325774E-4
4.2011043217715714E-4
-4.6585678119030256E-4
0.0043721830883570525
-0.002084664079653333
9.300698671475752E-4
-1.323455614728466E-4
-5.880072578540492E-4
-5.559342338107472E-4
-0.0033314998369447305
-0.0014741340725468986
-0.002891587987267342
0.00395942411621925
0.0023113242738031278
8.187597737372837E-4
-0.0017929075139763752
4.1003630024010666E-4
-0.0010791641322540858
0.0015490492289694383
5.415087971563163E-5
-0.002635881180851676
-3.52661719571327E-4
-0.005689891946277925
-1.7934748796813536E-4
0.0025392449174523467
-0.0021300567227149946
0.0033434543377595977
0.00511213594918617
-0.001901032045912793
0.0013974899029192956
9.732502031330843E-4
-6.682471313970699E-4
-1.5673751225753988E-4
0.0037669875114497015
-6.102021043733008E-4
-7.122968067171999E-4
-4.0055247468819563E-4
0.00238066415179847
-0.0047278727089290415
0.002556786383773662
8.644555292256236E-4
-0.00430554009450689
-1.4064651164236402E-4
-1.9362929183506052E-5
0.0010375477181700239
-7.733768823712317E-4
-7.330330736734103E-4
8.381811439169505E-4
-5.874401695171876E-4
-2.1711224240847176E-4
-0.0012282956798664478
0.001743444833994877
1.6502315443089216E-4
6.14734136272064E-4
-0.005928775848695036
0.0011125365076801738
0.0012648798551751447
0.0028396249138186724
2.8631458681096676E-4
-3.6838687452180627E-4
3.791344067711059E-4
-0.0033212551582621538
0.0020159081116016453
0.001878215739960754
-0.0012140432081155692
-0.0017150570688452093
-0.003294713079095523
6.249132592184791E-4
0.004843477994807466
0.002243780414827022
-0.0012347878804991033
-7.354299113267345E-4
-0.0025376845877325797
0.001446361082526924
-2.6039954450583075E-6
-0.0026892569031085906
-0.001414372777249085
-8.731982840320734E-5
0.0014372344745384304
0.004268184637401524
0.003413764979178675
0.002872805706412582
-0.0013153624082826475
-0.0021093421067664587
6.645579415990078E-4
0.001450227107513742
-1.270425868440863E-4
-0.008450049894364684
-7.341838617245546E-5
-0.0036511705147769385
0.003261502482678878
0.0029762168170983576
-5.955414075339963E-4
0.004684800351665783
-5.957809474188511E-4
-0.003023308240169274
-1.3041232276168012E-5
0.0
-7.312958813669184E-4
0.004838113110382106
0.0012509410613770477
-0.004266681838128117
0.003325818566190674
0.0031567710762878407
-0.0020248743815534783
-0.002442843702990783
8.847247092657541E-4
-6.377422638956518E-4
-0.0010287163620413954
-0.0017334003906467291
-7.427643104031924E-4
1.9490004923700469E-4
0.003654902083864536
-0.002314998916324005
0.0010625457148702487
-8.032085131410288E-4
0.0030592783784092253
0.0024623814300165424
-0.004196810110664378
-3.84213302602488E-4
-0.002377395854872077
9.591301082383557E-4
-0.0018395005333430876
-0.0033119007686347296
-0.0024462825506976
2.4279411958644335E-4
8.696667928797132E-4
0.006430950735060446
6.432300981226999E-4
0.0018308113824379883
0.002136938711968445
0.0023130199596852826
-0.005245317619242669
0.003677810509268982
8.785621577001783E-4
7.310047727582166E-4
4.3010680634612396E-4
-0.0030536650187009736
0.0011077027055632683
-0.002448932243055971
-0.001242023530388625
0.0010965024142093613
-0.001516326373956265
-0.0032543247315878743
-0.002340061415912052
-1.694320674258035E-4
-0.0023902629890520328
0.0015286589721065166
0.0028225156287130866
-0.0032397900244974546
0.0019340968179072436
-0.003324850643545002
-0.0020595911689049425
-6.229230122892803E-4
0.00343125192649362
0.0036812000380111436
0.0010308304615325018
2.5133805694991943E-5
5.114060590106595E-4
-0.0022865395506658443
-0.003375102335454248
-0.0015213297627330595
0.0032656523201753324
-0.0010287163620413954
0.001141294515283648
7.340953298872516E-4
-0.0027806899662297328
4.481250954125266E-4
0.004063835760571425
-0.002402752821676831
3.8635344604236416E-4
6.716094338107305E-5
0.0023674659243589835
-0.0013230479690516175
-0.002825798779017747
0.005099373010140389
-0.003534694045924702
-3.1593403735949335E-4
0.002087834095428175
3.4576241847695654E-4
0.0021921965097903948
-0.002959877264705667
-0.004154991006332609
0.002747722397203002
4.167033891221161E-5
-8.613303372199664E-4
0.002162902594672377
0.002731631161597364
-7.043624922806633E-4
0.004099268160539774
-0.002672282949425907
0.001287131337776172
3.82354349384784E-4
0.006772270601507327
-0.003929484197746001
-0.0014473698499828192
0.0010450491651059447
0.004652348945553021
7.066688677374354E-4
-0.0027695697337210843
-3.6969268988047525E-4
0.002504997483719702
-3.788757707490014E-4
-0.005921270124376913
2.11258107194755E-4
-0.0028934508448520144
-0.0037157446981560547
0.0038680033578365643
0.0019239010439234421
-0.0033297377597214543
-2.2859210759830712E-4
0.0016913843665368501
-0.0010832253070435936
-0.004021096362155703
5.633749535710335E-4
-5.792640288004645E-4
-0.002151801677254074
-5.021652580430905E-4
0.003159082437380067
0.0025806920426732615
0.001250196512050949
-0.002102503924832947
-2.3494576721768464E-4
-9.25218850298802E-4
-0.001953183117525802
-0.0012885116602795565
0.001695087858154719
0.001256597224455899
0.0016512537838935903
-0.002426558225336115
8.473138091058879E-4
-3.062699722418058E-5
-4.272558037258637E-4
-5.307560931636984E-4
-7.86192094546976E-4
-0.001216848309647101
0.0021215417286285596
0.0012086660827554678
0.0034338621626940602
-7.746105111309733E-4
4.995584961894727E-4
1.694336502171468E-4
-0.003112968462919699
-7.376454536291994E-4
0.0017974976407419741
0.0011693945449564066
-0.002450435702672886
0.0013216306611213283
-6.029089048530721E-4
-0.002148589520689473
0.0011751861669615964
0.0012011579068195374
0.001501173814945965
0.004526083971636267
-0.0029779494808246654
-0.001202934146270681
0.002694076683981252
0.0017558443657221695
-9.825651454327062E-4
3.3791824747562093E-4
-0.0023400907763868424
0.0011718091115190399
-7.311751860100556E-4
-0.0028557260557666056
-5.585727128242705E-4
-0.0012917576792048251
0.0021118712926656014
-0.0022991742765547584
-0.0017213300035966083
0.0030023087909232353
-0.0030909999706472046
0.0011782828207778499
-0.005381993231449667
2.091690977270111E-4
-6.090126118906344E-4
0.002874756913665087
5.478679683403823E-5
-0.0060574948129419205
0.0020619634582018983
0.0045514903531989285
6.649761458660539E-4
-4.2337268728601975E-4
0.003660197655886879
2.5511605228955626E-4
-0.003232785411146173
4.0138917251668176E-4
-0.0018251159317554484
0.00283071694063155
0.0034483202478626405
-5.608267338556409E-4
-8.85965841339911E-6
0.0
-0.001042733170868821
7.287195511222521E-4
0.0011058759280396005
-4.7988283468275135E-4
-0.0017917676210316845
-0.0015578351903202036
2.7709834480379547E-4
-1.1660678555749221E-4
0.004812765641621421
-0.0043496848246253415
0.004066290887719228
-0.001074066370532342
0.0025506267473374305
-8.538034218136623E-4
-0.003962079068617529
0.003525217939677458
0.002519591707347258
6.152482389810155E-4
9.420197454921565E-4
-0.0025032393120097427
-0.003327244280372456
1.3831329423470446E-5
-0.0017625178337553286
3.625249060478764E-4
0.0027185000147959197
-0.001166423126339204
0.0016283215747099986
-7.053687556552055E-4
5.954502827618243E-4
-0.0016317560155582537
-0.003670781177739295
0.0031765474008560723
-0.0026171157493522397
-5.926756157326291E-4
0.002064550100460777
-0.001842330340720131
0.0013061461306777436
0.0015466507528258146
0.0016944169694590877
-0.004560985355404085
0.00231670690654103
-0.002603275578487697
0.003489622193917428
-6.655413980998595E-4
-0.0010504865731578773
0.0019300628871759464
-0.0010902173432412636
-0.0020776320636197807
-0.005533354280570769
0.0029158021843628795
-0.002134247406455164
-6.697555748374643E-4
9.773958336170485E-4
7.105292013143594E-4
4.121210286396203E-4
0.005124307396746844
0.0023067923097470715
8.515716407946953E-4
-0.006116892263723158
0.0019990212101782348
4.0871590935621753E-4
0.0012840275356063044
0.002353332604090091
-0.002686252007228008
0.003285171664580911
-1.3040732531453044E-4
3.025453668989999E-4
1.2278740428546043E-4
-0.002231248005187275
-0.006605391900518921
0.0021009490832426744
0.0029079163269554323
-0.0019669855959752952
-1.819463668056658E-6
0.001914942692749555
0.0017858616115001727
0.0022061231118425165
-0.0019396175585251075
0.0014707271557227836
7.670736572574035E-4
0.0013518865426537783
0.004535368026180925
-0.00477763184506399
-3.8109173836037833E-4
-0.0026697615720907043
-0.003253470290857844
7.357345059941633E-4
-0.0011822476285536115
0.003050785988435553
-1.8447889313582687E-4
1.0029053642741015E-4
-0.0010287163620413954
-0.0016690859677706768
1.5413270559640636E-4
-0.003523674917174075
0.002692921521353504
0.0034354083383300697
0.0027440890204374346
0.00454374208189036
-0.007915271958361126
-0.0063308705918922875
0.0023409312626664538
4.3691471477098074E-4
0.004727892420851621
-9.761201198936871E-4
0.0022543945453208677
-0.003494086253328918
-0.00267672599538014
-7.107500849176931E-4
-0.004976455562981071
5.496423730631849E-5
0.0023572910893275073
-0.002113923480198361
-0.002537200744197508
-7.625805008278164E-4
0.0010793241082684075
0.002882663257369122
-0.0031280637665290247
0.005345268470140211
-0.0026548987133942514
9.008636209778568E-4
-0.002560064123703934
0.007008090628963576
-0.0015151268518914316
0.0036191333599354405
0.004685787216824493
-8.236827224501909E-4
-0.002106224219201015
-2.5548619910516386E-5
-2.4014749011783907E-4
-0.00811669284064884
0.005462442422976932
0.004133790963434212
-0.0011186159866847286
-0.0014996820974151075
-5.99498681680552E-4
-0.0015111202245974655
-0.002605085598830395
0.0014967323551273782
0.005033446136223825
0.0034172882188623598
-0.002003627401428903
0.001595867431596426
4.358921700597087E-4
9.564918605516956E-4
-0.0015960139300116684
-0.005310793777514316
0.003874162647889009
-0.004790056583446572
-1.3519341558085622E-4
-0.0014691762772901344
0.0035727600297223994
0.0027799438981003554
0.0010580302744315328
-5.173401030515275E-4
3.904279792570392E-4
0.002244657060146652
0.0020848595470748825
-0.0023067837320990847
6.250899057525241E-4
0.0013640813017956027
-0.0010877830229232865
0.003315269619691621
9.105409137390738E-4
-0.0012260344731812713
-1.2716538253003027E-4
-0.0037674470822646284
-0.00399251616667436
0.0010620206200702017
-0.0014517294530945028
8.660267141174775E-4
-0.002230915046569342
0.004726385462294654
-0.007841824482977612
-0.0012752959067712038
0.0024065569842745037
-4.3906761018646235E-4
-9.610289346314417E-4
-3.2630222363790626E-4
-0.0034328200129493318
0.00316260298237127
0.005681581022075048
-0.003919217244372542
9.32688334164735E-5
-0.00245816743637731
-0.005967571785995788
0.0053372778573191485
0.003379708762277156
0.002455942886052842
-7.889523639039786E-4
-2.025812572266062E-4
0.0
-9.012672814001704E-4
-0.002908862020929122
0.0026455953052223246
-0.0019307000732423215
-1.741253703804479E-4
0.003616634507941688
0.0031464864588067356
-0.0014779683291785309
-0.0039722039791784255
0.005025742853860008
6.032247170814812E-4
-0.0018438866648522055
0.009184414594873017
-0.002437506952145042
-0.004328813788292335
0.010426179772920863
-2.8213384853330824E-4
-3.5133353284748587E-4
-0.008279241791276313
3.631644714214941E-4
0.0010162602716683776
-0.005191250901245547
0.003653850156584216
-0.0016676529915075219
-0.0022434480193747088
-0.003398281863835754
0.0020824600392431525
0.007026808904054047
-0.0026827768170996436
0.003190506245613685
0.0046808287871037526
-0.004208319944857126
-0.004552515997734871
0.001248163697698528
0.0065953473426815235
-0.009844682951140698
-7.513802841029519E-4
0.0026767120335263964
-0.0015787075927795227
-2.2855232882198237E-5
-0.0020341465371082573
0.0035344684376212468
0.0015763980407104234
-0.0036555364657869832
0.00378150253095544
-0.005474344021171326
-0.0019228077712018614
5.880358167807262E-4
0.004126218630230495
-4.2838244825879526E-5
0.00462387495519056
3.286013913106744E-4
5.7856386671472845E-6
-0.0025665691836186267
-0.0020674588625090337
-0.0013811117376600584
-0.0037130865466679214
2.740352357729959E-4
-0.004359910458945108
0.005994506137126016
0.006686427458689892
-0.0016879519585813341
-0.0075868823974937355
0.0
3.860346156528737E-4
-2.5028879152335856E-4
-7.168286130676124E-4
-7.544453218606526E-4
6.84126142354005E-5
0.0034690215855020766
5.569333621197001E-4
0.002194821623609401
0.0018805508049905331
-0.003619305296717065
-0.0013686098915168267
0.002802699413356007
0.019868423550414384
-0.002645631221019616
-0.007137459342472726
0.006884234780496663
2.525063561428563E-4
7.519764123057361E-4
6.063712032562717E-5
-0.007474416575058237
-0.0024980587270974353
6.324544497167964E-4
-0.0034400939254345935
-0.003851976967068944
0.0
-0.0015562935533980403
0.0017461871515257613
0.006616002046716741
-0.0014024256788351536
0.0043742704359219665
4.290276106393004E-4
-0.0037232689681109244
-0.004293373382001073
8.435362242921825E-4
0.003854994733764135
1.9854555244655774E-4
-0.002501991322547372
0.0017964173234652724
5.367922101101185E-4
0.002391933682500138
-6.673871338297112E-4
-0.001783580415916454
-0.0037625807855206114
-0.003693814075002406
0.008309336973536228
-0.006121804640439836
-0.003921366261749574
0.0020729121691211543
-0.00347573460482626
-0.0014081920759029915
0.00654961855620572
-0.003277778341312162
-0.005536525454876307
0.008392338905203113
0.003696300582884667
-0.005987496969796112
-0.003279089347096034
-0.006251389139176229
0.0012892904916806443
0.007364389656151242
-0.0023422456149938334
-0.005172489039143759
0.0014046043559772375
0.0
4.879157985540368E-4
-0.0030018157008491688
-0.0027008029136115024
0.002005619328748057
-0.0022420562540200646
-0.001962313086320504
0.0024085974849944467
-2.738904151622361E-4
0.002459213484880058
0.005911445062417153
-0.0054111638299465924
0.00920898327139847
0.021923046314901346
5.179735254452517E-4
-0.0010104029460320445
0.003002472335807075
-0.004457127931306005
-0.003408987202317106
-5.507532288354646E-4
-0.0011487861022226693
-0.0030048483926911644
1.4271887531935304E-4
-0.0063144529659448865
-4.861115428906492E-5
0.0
0.00523921966659566
7.482714031359637E-4
-7.536130882247298E-4
-0.00748240433808341
0.0035619000934226245
-0.0022249451251173135
-8.83236462352341E-4
-1.0548289619823395E-4
-0.006961895146971731
0.003203448537773824
0.0010494343652419004
7.305328851975939E-4
0.003090023352373197
0.003318890319567597
6.250009395455913E-4
-0.001436104800739299
0.0011532916884859266
-0.0016421309301968383
-0.006623085992725575
-0.001524247709484415
-0.0027241458231061547
-0.0029965667452264448
-0.005533671480724166
0.0015608467835005726
0.005796455215031988
0.0013049669056605481
1.966286878715693E-4
6.258639946042011E-4
-0.0043679457714779135
3.0098497222058596E-4
0.0066426931572077675
-2.5681183745747925E-4
-0.00523566891098179
-6.516791909988564E-4
-0.001577270730089028
0.0
-0.003946476480925745
0.0016504689209608308
8.087445639192271E-4
0.001546082977016246
-0.0014988552308283429
-0.004166197398759729
4.3915160649825487E-4
0.0010582144034522473
-0.002641146405711693
-0.003307985956455886
-0.0012473490135454673
-0.0030465286738394605
0.0034837792582241046
-8.510365388152277E-4
0.01990934685369462
0.0055656249047872424
0.0
0.002223163994956464
0.005127605367589813
-8.779722425039258E-4
-0.0011210758766046923
-3.1250924698178256E-4
-2.791913190736228E-4
-0.003788232861597125
-4.8710979813256937E-4
0.00331346188255704
-0.003619565118242316
0.0
-0.0029272494294168743
-0.0015191509928907372
0.0018407093789574076
0.003374061636937349
-6.436239805338142E-4
1.227746177016218E-4
-0.004308893341092577
-9.750711103620214E-4
-0.0018824649299695158
5.564829528001713E-4
-0.0037722292775538247
0.002203712990593187
-3.3335492289215534E-4
-0.0013005396104793982
-7.78353641382455E-4
0.001296814097480026
-0.0015744486783427205
-0.0018952380995242233
0.002709301237775968
-2.3748617773376398E-4
7.904883947871805E-4
0.0022806188222156613
-0.0034238581487062
0.0015898050275033363
-0.003257203162557354
0.0
-0.002108951814443037
-5.297494515968473E-4
-0.0012000819298826875
2.458901733457179E-4
-0.0045186224224787715
-0.0015513715931359487
-4.635160449383837E-4
0.00592864574345087
0.0020579758235422874
0.0
0.0
-0.005847533842322873
0.001108088530286634
-0.0031121922091832304
3.8866149023186313E-4
0.0023299792757588565
0.0050341731455164134
3.266894705264146E-4
-6.657730772586311E-4
-0.0014859903261094242
-5.71501324033318E-4
0.0032261465285051034
-0.0019422490477805261
0.002387029555546584
0.007284450006384134
0.0
3.753765213741285E-4
0.008326823842616697
0.0
0.0
6.937264817931617E-4
-5.468620675397953E-4
0.0
6.970960438406751E-5
-0.0029956882164829885
0.0017050022046497942
0.0
0.0
-0.0037045556779230853
0.0022074980860007556
0.0
0.0
0.005988780348737358
-0.0093642108832832
0.0
0.0
-0.0020517534503719124
-0.002219159110111909
-0.0016011699184158782
0.0
0.005134791333688491
-0.0025608383521112483
0.0
0.0
0.0036138704992673557
-0.0047400697648214245
0.0
0.0
-0.0021724212767102874
3.848414246359165E-4
0.0
-3.3335492289215534E-4
-0.002352964805273888
0.0
0.0
0.0
0.005429937141953045
-0.004657115022639107
0.0
0.0
-0.004060187105396188
-0.0039049126428572856
-0.0015229427578833865
0.0014293380297797816
-0.0028261221247158613
0.004368373127785261
0.0
0.0
-0.003397644732583748
-0.0035098184678947564
0.0
0.0
-5.203838479437239E-4
0.005421670054526224
0.0
0.0
-8.675009187304848E-4
0.014759937365390285
0.0
0.0
0.0
0.0014293380297797816
0.0
0.0
0.0
0.0013656134686853378
0.0
0.0
0.0
0.003715827511754675
0.0
0.0
0.0
0.0
0.0
0.0
0.0
-3.3335492289215534E-4
0.0
0.0
0.0
-0.0071086365064363865
0.0
0.0
0.0
-0.006275839645546462
0.0
0.0
0.0
-0.0016011699184158782
0.0
0.0
0.0
6.970960438406751E-5
0.0
0.0
0.0
0.007048656411214828
0.0
0.0
0.0
-9.128111557434108E-5
0.0
0.0
0.0
0.0
0.0
0.0
0.0
0.0
0.0
0.0
0.0
-0.005018373202782402
0.0
0.0
0.0
0.008322453043712326
0.0
0.0
0.0
-0.0015229427578833865
0.0
0.0
0.0
0.0
0.0
0.0
0.0
0.0
0.0
0.0
0.0011656927112716903
0.0
0.0
0.0
0.0
0.0
0.0
0.0
0.0
0.0
0.0
0.0
0.0
0.0
0.0
0.0
-0.003712739829318628
0.0
0.0
0.0
0.0
0.0
0.0
0.0
0.0
0.0
0.0
0.0
0.0
0.0
0.0
0.0
0.0056711597943462
0.0
0.0
0.0
0.0
0.0
0.0
0.0
0.0
0.0
0.0
0.0
0.0
0.0
0.0
0.0
-0.003124112676299265
0.0
0.0
0.0
0.0
0.0
0.0
0.0
0.0
0.0
0.0
0.0
0.0
0.0
0.0
0.0
0.0
0.0
0.0
0.0
0.0
0.0
0.0
0.0
0.0
0.0
0.0
0.0
0.0
0.0
0.0
0.0
0.0
0.0
0.0
0.0
0.0
0.0
0.0
0.0
0.0
0.0
0.0
0.0
0.0
0.0
0.0
-0.014563892358465466
0.0012190105711689645
0.0050895075656997735
0.008255374221596742
0.0
0.0
0.0
0.0
0.0
0.0
0.0
0.0
0.0
0.0
0.0
0.0
0.0
0.0
0.0
0.0
0.0
0.0
0.0
0.0
0.0
0.0
0.0
0.0
0.0
0.0
0.0
0.0
0.0
0.0
0.0
0.0
0.0
0.0
0.0
0.0
0.0
0.0
0.0
0.0
0.0
0.0
0.0
0.0
0.0
0.0
0.0
0.0
0.0
0.0
0.0
0.0
-0.007210121582434858
6.24984498307523E-4
-0.007944119633207656
-3.463564113047673E-5
0.008401098781616548
-0.013069293044671342
0.008545196614376603
-0.0026579917801528453
-0.0068437981557818725
0.010597788191759142
-0.001137855646601236
0.0024733731763237382
0.0054878936848553415
0.004290595394131346
-0.0132221398233983
0.011699024966008354
0.0
0.0
0.0
0.0
0.0
0.0
0.0
0.0
0.0
0.0
0.0
0.0
0.0
0.0
0.0
0.0
0.0
0.0
0.0
-0.007210121582434858
0.0
0.0
0.0
6.24984498307523E-4
0.001194129366960323
-0.008099300211640657
0.001501173814945965
-0.002540122603473287
0.0
0.0
0.0
-3.463564113047673E-5
0.00942724846348697
5.7462968335588E-4
-0.0013352723671894186
-2.65506998036884E-4
-0.009244414041328322
-0.0014527062944646963
-0.003872212281301208
0.0015000395724228829
-0.0020173569431340866
0.010562553557510686
0.0
0.0
0.0038368590316791005
-5.8047174859334784E-5
-0.004370548678261389
-0.0020662549587112224
-0.004511148531319882
-0.0063441953552122315
0.0015166128125577948
0.002494932918192452
0.0014496406239096547
-0.007013696109651383
0.004397146769499992
0.011764696908000867
-0.007113332757901275
4.551583654212963E-4
-0.0011650606480559948
0.006685379393934736
0.001716186239180103
-0.0033126038653448304
0.002113025651201321
0.0019567651512871513
0.008521179179664
0.0
-0.0030332854948086616
0.0
0.006556224270371777
0.0025795628314942407
-0.0033915203712714744
-0.001453671336463199
-0.0030698404859265463
-0.0020385582338245745
0.0
-0.008113741103647178
0.008498299860276982
0.003917499585687034
0.0013398532947775897
-0.002056627774733254
0.01374016202191015
-0.007439865959339378
7.108916121743619E-4
0.006426091437085953
-0.0032786841022981648
-0.001257039376381515
-0.003205065414232825
0.0019712232210561524
0.0014833205921747777
-2.72622353295047E-4
-1.3064977972396556E-4
-0.003931993508596051
-0.010149863984093786
-0.0018190886830785034
0.00539420662207987
0.0015940503828131296
0.01143743600674832
-0.005089535306232294
-0.002606011414233572
-0.004980438433329338
-5.198453877219893E-4
0.0017188736386143965
-0.002417398712011587
-0.004668469111502659
0.009625094355104892
-0.002215711720989907
-0.0017496861922042728
-0.008526282324983403
0.00750707842100993
0.0033404748172708772
-0.007394463416587361
0.008982959820574628
-0.0044245728765120295
-0.00695176990042422
5.63938953475507E-4
-1.939969965408443E-4
-0.004935456527820924
0.0031016966883091295
0.006768138029980142
-0.004054524713001595
-0.009100983216235568
5.825693325397128E-4
0.0031698148018056704
0.005684712248780154
-0.008254491257717163
0.002020901871854888
-7.145088150398673E-4
0.0029796138877164133
0.005669694260634321
0.009586430015040635
-0.0012047791445387711
0.0
-0.0032908494611890507
0.002635216950663081
0.0029639573549448094
-0.0017614762989359722
0.0025425215037084285
-0.003847579826521738
-0.00241271971460377
0.0028001083051346024
-0.002164073026838945
0.0034087490943644047
-0.004949597572648159
0.0015041682818348924
0.027263163538846964
-0.004224830407191824
-0.0029964335688117297
0.006380819849937361
-0.004010650439967999
-0.0059008315838508275
-9.516476996641035E-4
9.683885725276726E-4
-0.001448358213695406
0.004130690820329983
-0.0017139397795698594
-0.003504352820187189
0.0
-0.005103219578705509
-0.0021298100425806007
0.008484685628501881
-0.0066400168553225085
-0.0011005342820694056
-3.4391703356066033E-4
-0.003940367308077553
0.0026317173777906065
0.006632010088356196
0.008537368147207909
-0.011602347712149621
-1.1589642347889261E-4
-6.325641226379982E-5
0.004288784094423232
0.0
-0.0040138453543975515
-0.0022270560794812448
1.1104892246207695E-4
-0.002383394390967358
0.013661740244098103
-0.00446498883696285
-0.0038699447265112636
-7.768534458714577E-4
-0.00494147428429481
0.0022235707973608703
0.0017585371684316852
-0.004793978249764725
-0.003482545779737329
-0.001665367671342756
0.00476463192047819
-7.399593541244433E-4
-0.005610683722745361
0.001312960672459204
-0.0018962472731760837
0.0022205150437975447
-0.012218806496025195
1.313748193606959E-4
-0.002084842287985967
0.0011109241170105034
0.0040466990922003706
0.0013312044405514607
-0.0010743378291463146
0.0026474713968061476
-0.0047391551069554125
-0.002307533264647644
-0.002291515468539497
0.0016738406579470363
0.0029778759234870317
0.0028552417157223127
-0.0061603993108635905
0.01538807404459331
0.003288902726968076
0.00804027220421729
0.0022098683596329153
0.008527037140779077
-0.005735502421813778
0.004180845917381076
-0.0018787349206775817
-0.0062255872817530995
-0.006552259206047054
-0.002309655791868882
-0.0013379140810473745
9.046914620936887E-4
0.002878474368897467
-0.004816035619260717
-0.0030782586884419874
0.007790343151804092
0.0017096692258936359
-0.0054525832695367475
0.0028368737904218167
-0.0013676680010505362
7.464089301627867E-4
0.0013647345872986301
0.00506267972172811
-0.0028878694967718315
0.0045618136965853845
0.005980995111862338
-9.171769529965003E-4
-0.0013557120686220484
-0.002702003212864027
-0.005171974703382867
-0.0013433036174639076
-0.0035631844588697257
-0.0030871484492465623
-0.004744274700630254
6.898940714215348E-4
-0.0026444264454117605
0.007368681968519622
-0.005981436109225193
0.0019441899214788917
-0.003236902308697537
0.0019990825972779195
0.003301160512918629
0.004533148086078236
-0.004785430429482722
-0.004846080448893788
4.450975720321276E-5
0.005733839472792883
-0.0035027402974669043
0.002209373046983267
-0.0032931321935072435
-0.005939604238001822
3.767102308699171E-4
-0.0026150443182710436
-0.0023314262856196427
-0.0025918871745206737
0.004376284508406124
-0.0016173446230713087
-0.0028267622339154955
-0.005148892779525944
-4.8240806764544993E-4
0.003208559889932361
0.005667904152906613
-0.0038801360481049542
0.01871355233119136
-6.900292218696676E-4
-0.0018994609406934085
0.0029344569075926467
0.0037758298055688448
0.0016872798827164146
-0.006194926159870358
0.0024959203215142818
-0.0034379920038172876
-0.002608703946785274
0.005411306599362769
0.00406103034338246
-0.007066601012485513
-7.354198411640703E-4
-2.0091014453055392E-4
0.00509509315417056
7.328897567107615E-4
-1.2763263345438804E-4
0.003088174198436893
-0.0035858338445280795
3.89836438143162E-4
-0.005001277280307163
0.003363949338013068
0.0023972770064768583
-0.0035272309543478942
-4.8565339351411453E-4
0.007439827587770143
4.59153755062385E-4
-0.004877080401309663
-6.239594218687993E-4
-8.598693691043008E-4
-0.004529202460373388
-0.001961043327469857
0.0035348989174020452
-0.0037185786516260658
-0.0027799286342826404
0.0013549008332516019
1.0317167258376211E-4
0.0015677678838350566
-0.0020646159568239487
0.00453941399940172
-0.0015547976553190225
-0.004149091494157753
0.002893385083074832
-6.033166108963795E-5
3.050878162987997E-4
-0.009491962237023536
-0.0013394219784556825
0.004807437295523886
-0.0021732200656676107
0.0015666701877634145
-3.2571637782737375E-4
-5.287831471964158E-4
-0.0011234994458416115
-4.888648257149371E-4
-0.002925432713416481
2.6220057243927196E-4
0.001098670093974015
-0.004362867214340604
-0.0028249625767329868
0.003521300815881609
0.011987357057009396
0.004969642763010143
-0.00155138007018752
0.004032350976826802
-0.0013174299452733559
-0.0029280117112158274
0.003668433336377305
0.0011210253165222569
-1.7281850106721532E-4
-0.00481267543549194
0.00353272169508816
4.895770353518314E-4
0.001289502599322874
0.004655058861957592
-0.005846186228384741
-0.003855397181941175
0.0013300486965889475
8.134748048848877E-4
-8.35423843025565E-4
0.003683684271318923
-1.7066086697762684E-4
-3.909966487442313E-4
-0.002094056928891036
-0.0016786107262357027
-0.002414060395813666
0.007357956703600103
0.0018545617136043239
-0.00855053178512793
-0.0017548387644981248
9.269634423837046E-4
0.004447633060123591
-0.0037166090802584614
-0.00124554083316308
-0.002786049506367864
0.0028165433229024105
-9.485613696956553E-4
-3.242524919086758E-4
0.0029587936527474754
-0.0059195190644463136
-2.65506998036884E-4
0.006520405589077722
-0.002173340271055888
-0.0022208874008130867
0.0022129975614258077
0.004678647960609672
-8.167115940936492E-4
-0.0018724206722604358
0.0025990909105311016
-0.005316190243883943
-0.0013744213762595361
4.5624162293387096E-4
-0.002248342261793596
0.00449313109832063
-0.0027531893504921705
1.323123045013517E-4
0.009060811557945516
-0.004280610527558161
-5.388263889975508E-4
1.0186441645723031E-4
-8.655264875497637E-4
-3.541804653053469E-4
-0.005371365493750775
-1.5504814474082964E-5
0.003416139418684176
4.8528323203476107E-4
0.0038421991903377336
-0.0025391084879704553
0.005823260767189553
0.004494367627049706
-6.179454516366152E-4
7.03166933408471E-4
-0.001898801314660591
-1.051311291481252E-4
0.0016047448950174343
-6.057706646669884E-4
-0.0040072471589070735
0.0010708784418190008
-0.0026261146368420267
-6.158911437248549E-4
-0.00204170301371081
0.0
0.004994069968288647
0.003243649181906539
0.0
0.003530493893046688
-9.802951856277917E-4
-0.001596127609671727
-0.0013011549331084916
-0.0015774077069989892
6.797195148577543E-4
-6.284098236219021E-4
0.0013592126238178574
-6.8828081751141E-4
-0.0028970458293739298
0.0026593299103799964
0.00419425716084197
0.0033433797846424544
-0.006487748046904837
9.419171413181551E-5
-0.0036633071277694866
-0.0020832088790011475
-0.0036786669120710486
0.001621768196991886
0.007999238924209385
6.231571243409213E-4
-0.0035424559058092457
0.0034817555166461868
-0.0011685115186809898
-3.522187593692607E-4
-0.0029064675758399576
0.0014653163047365584
-0.0014931086245230044
-8.095088171684216E-5
0.0018124007351221494
-0.003650949996241629
3.627242098519642E-4
-0.0033104087479610533
-0.001397790943410273
-0.0020050621573744994
0.001966862700322508
-0.0014578281328857287
0.00666644309827441
-0.0012981831236664734
-0.003415228729126987
-0.001481268671875325
0.0017928996997073248
-0.0029544053464266684
0.00254102693343493
0.0012784017960398091
0.004006933667609687
-9.554073200421249E-4
0.001980113263411852
0.002054905794989576
7.50571258627832E-4
0.0029669611658241423
-0.003141194326307356
0.001125805743858789
-0.004021439893153498
-8.437041831111519E-4
-0.0029353601603398635
1.1697655005199931E-4
0.0034457509285534147
-0.0038836790826846162
-9.553030325666644E-4
0.005567261418314505
0.0023755013859291436
-0.003971884526664084
0.0027952670991832455
-0.001904124055890249
-0.005903835870940794
0.005290750082139122
0.0
3.3248340907490606E-4
0.0012443337114188156
0.002587210386551292
0.0012444240952953394
-0.0012257468258221305
6.196675997858483E-4
0.00162517808208685
-6.970695135974576E-5
0.0018812849577240754
-0.005914932977139861
-0.003924280351748577
7.261535882671707E-4
0.0019047013125136297
-0.002042378423617368
-0.004152885432335567
0.00283967273650231
-0.0022813900358034933
-0.002407422326482906
0.0024954513307723597
-0.004443367310834548
0.00500821224385603
-0.002264131090009231
-0.0011460777742693337
-0.0010436536546124362
-0.002345151488057081
0.002885624243163724
0.0014091561641673806
0.0012508435367690623
-0.0011229878765282972
0.006637285022888064
-4.076285181817245E-4
-5.658379292126218E-4
-0.0024900980891006605
0.0017598650274837176
0.003043993471080526
0.002011895914652062
-7.504225666621542E-4
-0.0031835031221018606
-5.074702788159917E-4
0.0031728795473346064
-0.0018175848484598624
9.111263273717009E-4
0.0010771359671215147
-0.0014911471005390237
3.051535684636653E-5
-0.002367944718335417
3.9636532029746594E-4
0.002873559216276245
-0.001262113768333374
-0.0018150530052938765
-4.4837729033915985E-4
0.0029671860509241452
0.002239914961101659
0.002089696035454962
1.0556248232612806E-4
-7.379761814367781E-4
-2.3556917174008982E-4
0.0012649728287104233
0.001055426147501305
-0.0029521893234893057
-9.501543634238582E-4
7.95063592560774E-4
-4.04654561302141E-4
-0.0027534536398052326
-0.0020884126524924954
0.0035881291658244746
-0.001380401978853145
-0.0035439780152127036
0.004365167684556333
0.0034425653887821483
4.27509098317699E-4
-9.522911663631568E-4
-0.002543695786386168
-0.003146214603380382
0.002334162235456354
-7.666593069168164E-4
0.001629955189675322
-0.0019172017992154322
-0.0010178788756928661
0.0044541448866567196
-0.003919812511161477
-0.002871298778810654
0.0025011092500331657
0.0029077863561671356
-0.002013161593738426
-0.006137766038925676
0.0015485246718237424
0.002690353907157271
0.0010449016881119845
6.180378220807712E-4
-3.651449677306473E-4
-1.9357863366634799E-4
0.003749676569854642
-3.947880911886971E-4
-0.0016653237921971157
0.001596245353052807
0.0014161467581023388
0.001800586251805297
-9.947454721394586E-4
-0.00196466855844347
2.264149973848302E-4
-0.0015092557703533457
-0.00375373707953818
-3.7329489461706975E-4
0.0020290858548201165
0.003559017393825855
2.9226558020528713E-4
-0.0025992517051708036
0.0021193110049739644
-3.8072153596732026E-4
0.0017673380365792594
9.540652473665695E-4
-0.003260815949343669
-1.0045879881252694E-4
-0.0033959323876004716
0.002872336119577896
-0.0023574461878323374
0.0026357321753063072
5.15755389691728E-4
-0.0034855332860603515
0.0022876343187162515
0.0013296163443171243
0.002390574422448229
1.6267073069893404E-4
4.580238713204278E-4
-2.421379049708408E-4
-0.004262165554311265
-0.001807912585923328
0.002449363889025583
-0.001254331726126621
0.0015656474491719094
-0.002058315978545627
0.0018294020222570744
-0.003407553732952176
0.0033003019575006194
-0.0020445657381041177
-0.0011769751539330835
-0.0011972249225511082
-0.0018400658585720634
0.00458059176849136
0.0012808744521378159
8.151522637823065E-4
0.002722309333384274
0.0
0.00225097245360388
-2.3328803337362754E-4
-0.0013315288477303846
-0.0028009159575417795
-0.004311540854694885
0.0010350767813687915
-0.004773394830291768
0.006377718076547249
-0.0019921284790861016
0.0022037639318243755
-0.0025878077874259544
0.0030029639994279427
0.0
-4.352410133282319E-4
-1.6583756462659757E-4
8.958011627606728E-4
-4.222454905840669E-4
0.0025171018890618253
7.343878121210091E-4
-5.334307693620991E-4
0.00473503219851403
-0.003836818636584951
0.0037028098129775183
-0.0012843143794742976
-7.004195037639935E-4
-0.004813448529655436
0.0014272282054707322
-0.0024250391412945762
2.5317695483773875E-4
0.0018058386503883239
-9.666979934914522E-4
0.0027658917166975983
-0.0016143834096416965
-0.002245350592302043
0.0013554937271073575
0.0022612920843522954
0.0014930531596869894
-0.003914674331743733
-0.0023604868643297694
0.004843752287412182
0.0032145026130132167
8.958011627606728E-4
-0.0044983870245218684
4.30037072951893E-4
2.76655361008357E-4
-0.0016676516934215134
0.001358845370154779
0.0010494258649601054
-0.0062527934648459235
0.002270283006162556
0.0023645928244443405
0.0025469409649880727
0.006567833178273149
0.0010020644630826983
-0.007527894019581006
-0.0024694295958127776
2.894759063921308E-4
-0.0055617970048013315
0.004943551155214982
-0.002191556642677389
0.0013352033820024935
0.0031531549374975276
-0.0026293773235217146
-0.001963533817734425
0.0020913646200501606
0.0016141217988476751
-0.0044526498498131785
-0.002826399981946685
-0.003963792070035729
-9.106373553121826E-4
0.007170255573931979
4.4964618129403355E-4
-0.001421161685441406
0.002147353764013075
4.170071276253179E-4
-0.0015798945332885055
-9.763738518607306E-4
-4.568678026152537E-4
-0.0011212205078152738
9.725733442243307E-4
-1.4066288873481464E-4
-0.0023360717233575027
0.002724211027132328
-0.0027247695911050557
0.0016482499906695586
-7.901188398905571E-4
7.421275100710056E-4
-0.0022103296789290614
-0.0020725509343596624
9.351129349905106E-4
0.0036831270765571925
0.00277549828013562
0.004259100175778863
0.002887582534233773
-0.004053183889897137
-0.002204836974127641
0.003934342714901007
6.729513208031577E-4
-9.657742140512116E-4
-8.070457298038685E-4
7.141313168556001E-4
-0.0019075343609602732
8.683391956706579E-4
-0.003033386606239645
-5.130460023740073E-4
-0.002471907189163231
0.005785816052956791
2.349424672805681E-5
0.0010680605484670851
-0.006355049694005627
4.136462709969507E-4
-0.001043132268630679
-0.003410994201186683
0.0026990172158570486
9.206944646641598E-4
-9.057349899838437E-4
0.001947640388327042
0.004258738877960698
-0.001593988520096781
-0.002620743017320112
-0.004106513914539042
0.0015652887409050925
-0.0036608630040871146
0.005459151654009693
1.9472799492892793E-4
-0.0017333349490318848
0.005579665987313326
0.0017042852253835949
-0.0025073928561470432
-0.001973184496707024
-0.002241055029372927
0.0021082663183632196
-0.0017810857014455513
0.0019439262776972067
-0.0011932380950221066
-9.456002811373417E-4
3.1594134462261617E-4
2.705675767498334E-4
0.004655348881339477
-0.00462821860874755
0.0
-0.0018093397027806103
-8.691814470321488E-4
0.0026887870494170375
0.0029599163522685285
-2.9984898357234046E-4
0.0010884789065146968
-0.005332075418247958
0.0017320219033841796
-0.0020718486760855095
-7.275163460296438E-4
0.0056126414536065965
5.377826259341022E-4
-0.001896608273923474
-0.0020808937234837377
0.0028738035485947264
0.0028755422563103102
0.002437451929842643
-0.002232602325783507
0.0024414968588054283
-0.0050136053549104925
-9.046464838958598E-4
0.0015727081324304016
-0.002664598105208399
-0.0020027906506532114
-0.001013111397036065
0.003099866222007223
9.86982747063047E-4
-4.349647891917245E-4
4.5054568087958893E-4
2.4225807147996124E-4
8.872640688744895E-4
0.0033041861205259588
-0.0018145322722918312
-6.669027838648155E-4
1.5312094546649565E-4
0.002893411736124957
-0.001976923091963363
-4.27668184110489E-4
6.101145963297367E-4
0.0023840585786886526
0.0024618554620815074
-0.00261687224639999
-0.0034266976666154515
-8.980008467462455E-4
-0.004528026865554527
-4.973171461230442E-4
9.867550387513669E-4
0.00139606429870534
9.66866791890451E-4
-9.265094991350446E-4
0.0011762863156605237
0.006653947680101746
-0.0027909459149964783
-7.916308617802017E-4
-8.480887847129464E-4
-0.004022693750849992
-0.0023285241358227387
0.007283794817241971
-0.0035789806960471117
-9.952762841209078E-4
-7.585273210189186E-5
0.002000227894554314
-0.0019161873294220185
0.0
0.0034563058875423107
-0.0027972387909547107
-0.0044249030429439305
-0.002194520651393289
0.004829041467847864
-0.004852529724451347
-3.1465023743500664E-4
-0.002821271888473839
0.0017116816766699862
0.0014254763680823048
0.0043835220504469625
3.917926456338475E-4
-0.004228668660983575
9.12866983092531E-4
0.006652239872842122
