0.0013561647791926587
7.188479588685492E-4
4.122976260935778E-4
-0.0024873103641547926
-1.8984999246709854E-4
-0.001205843170001348
-8.988058586061463E-4
0.0022944990210745997
-4.562543520463924E-5
-0.0010874823808050245
4.3233512796167733E-4
7.007726880479972E-4
0.0022278296309737908
-0.0012662716160433231
-0.0026266118306788135
0.001665053815748337
9.618448019209547E-4
-0.0031070563771050446
-0.0012923599103786296
0.0034375714855627197
-3.910793723634607E-5
8.501515126573726E-4
-0.0024406247807815386
0.0016295812053605113
-0.0010362009361441988
-0.003094828619275681
-7.650151784241494E-4
0.004896044733844028
0.0023115171880809886
-0.0035214807854754056
-0.0017305701235463416
0.002940533720940757
0.006140751043196623
-0.005765973904735273
-0.0012627681909019098
8.879910524405506E-4
0.007138156389335253
-0.004484169407569529
-0.0023030027030349685
-3.509842787307553E-4
0.011374856149263743
-0.01112512668674403
-0.008336579017565883
0.008086849555046174
0.004712370619713379
-0.008701400290616211
-0.004781882075100225
0.008770911746003062
0.002911725791865418
-0.007781393159683581
-0.009736189979848554
0.014605857347666703
0.004972121068313664
-0.014579854918707566
0.007198109860891783
0.0024096239895021136
8.204827896611845E-4
-0.0036140127754523558
0.0043097805815171504
-0.0015162505957260078
-0.016565269416221755
0.003435438180029975
0.004445756617271725
0.008684074618920056
-0.002674190042417343
0.0016833289393181972
-0.01166045398846859
0.01265131509156774
0.012707885362255634
-0.009639399803417794
-0.006379708424265925
0.00331122286542808
0.006482347596000641
-0.004455696201657755
-0.004561684082746809
0.0025350326884039215
0.0038127740814327335
-0.00822372994670799
-0.0055975224763467075
0.010008478341621966
-4.933042049935397E-4
-0.005541683885158693
-0.002524130541723127
0.008559118631875353
0.004056803726612108
-0.004710446818529557
-0.0017039582965893757
0.0023576013885068183
0.0016376472533880491
-0.0033546826244015707
-0.004001065404048777
0.005718100775062297
0.005602987237121429
-0.0028915700342751075
-8.361771561384665E-4
-0.001875240046707857
0.004357422718590382
-0.004611899809483275
1.0550281069009182E-4
1.4897428020281566E-4
0.0035416554299890594
-0.00407823270399187
-0.0017071177768213453
0.002243695050824143
0.0038312031223462924
-0.003704239227316996
-0.0020609423733043523
0.0019339784782750665
0.001275269275986199
-0.002507470789878174
3.4270734269370646E-4
8.8949417119828E-4
0.005588128553862298
-0.006258338228153029
0.001375344199084442
-7.051345247937139E-4
0.0027392175366686713
-0.004712759757388891
9.462776556767731E-4
0.0010272645650434469
0.0011860795701418385
-0.0023598532197752126
0.0025395889975301225
-0.0018418000023788055
-0.0028261161840406656
0.0017324899682369117
0.00187387650820972
8.598669132895487E-4
0.0013263261400586666
0.0016700268329553091
0.001161907664155431
-0.001021462149637978
7.77849934437668E-4
0.0010782611804173307
-0.003931881684200224
-8.689956902070007E-4
-0.002385804615787934
6.200231074705641E-4
-0.0017280824823088287
0.0
5.635142956703549E-4
-4.892550741684799E-4
0.0026506540606778687
0.002198574824247241
-0.0023704522840291655
-7.389545985268277E-5
-0.004084321816513395
-0.003412658548670425
0.001723169976369478
0.003919298095405379
0.003460138346262464
1.279455340961169E-4
2.91822227836381E-4
-6.649436261890616E-4
2.7568268368060905E-4
0.0013609415359882875
-0.0025319047334146673
-0.003879426185436352
-0.0015762909510761444
-0.0018764173933389552
0.0042282058642032026
-5.579848947699754E-4
-1.8793424873143276E-4
0.006975486841780657
-9.423826004081382E-4
3.022892095860721E-4
9.096321116673933E-4
-0.0017144782152842995
-0.001264029101829168
0.0021032599252689076
9.914786992398365E-4
6.857863086453669E-4
0.0018594138735086169
0.0019933213137990555
-0.0016141924421045003
-1.4395196406090616E-4
-1.1566755987165269E-4
-0.0060240760017897755
0.0015876937621070641
0.0
4.3434976195054373E-4
-4.570175519630151E-4
-0.0018956140806343131
-6.280653064208558E-4
-0.0012294617272224878
-0.0018607995907675443
-0.0010234734575550472
0.0019418028559061973
1.5458674023891266E-5
-3.2037023939310804E-4
-0.0011905492876512697
0.0011939470397956838
0.002239214799644698
0.0026077397801177868
-0.0029394377165755216
1.7115103495477532E-4
0.0
-0.0018547498508770593
0.002550349503453852
-4.906718103219439E-4
-0.0011891164265826822
-0.002684954038295385
8.156461786322872E-4
1.2333153796941854E-4
0.0025834762575872926
0.0016093224288646424
-0.0052870361009151375
4.513674368943379E-4
1.555242714558322E-4
0.0023541341622557842
-2.4353645422029455E-4
-9.320748037843778E-4
-0.0015913346215636853
0.0015497982794111258
0.0011054692422240828
-2.586051993459375E-5
0.004805660399163642
2.690373549095455E-4
-0.004150921794195223
0.0021446362004830855
-8.828113397168734E-4
-0.0010072456486149607
3.290917511788922E-4
-0.0034249642863041847
2.965129907234777E-4
-0.0031681696361758813
0.003907998933085893
-0.0025589969266158227
5.426818102386775E-4
0.004769169335141833
-6.998998168186905E-4
-0.0020705851850895676
-5.003586932889403E-4
4.3434976195054373E-4
2.9886128692787034E-4
0.0017601347167600775
0.0019679154788510246
-0.0022570833654547372
0.0028198320247206877
0.002312166795328791
-0.0049855322423400785
3.8634661873657286E-4
0.003172237335080859
-3.0777018382031974E-5
0.0
-0.0020927969678524857
-0.0020912434580520416
0.0011004467480884882
0.0032055351544583895
-1.72836461862109E-4
2.609776001010935E-4
-0.0014069527406278415
3.862858511706513E-4
0.0016987503434126813
-0.005442446814086831
-4.8495589269934134E-4
-2.3324291759114726E-4
-0.0019945411912053682
-7.081871748957191E-4
-0.0011239165024978775
-0.0017805844176985793
7.64872266567286E-4
0.0013247284954821638
0.005660888966767908
0.0019696673394085135
-2.3593997981972644E-4
0.001277371100862631
6.72940610293918E-4
-0.003008042509249058
-0.0012704915438806802
0.004314145083574154
-0.0020109878550425785
-1.7432363540367E-4
-7.870316198639003E-4
2.8136114932543433E-4
-0.002648667506724693
0.00193039619601577
0.0011009181028049711
-3.918375409307108E-4
-0.002106959772175402
-0.0011518250549330661
8.157223361280556E-4
-0.002545790152310497
5.876126905994367E-4
0.0019708311686507307
-0.003154070751168072
0.004315135167181652
-9.518446597300464E-4
-0.0013619371911933104
-4.912244631417612E-5
0.002256332895995141
0.0030519888388832813
0.0012662127110852415
-0.0011155161620049815
-0.0014853593698002823
-0.0020160348931074355
-0.0029334775504679745
-8.960857512328951E-4
0.002780910490375862
0.0
0.0020194168121926296
0.0010356084837738904
-0.001964639551769849
0.0012810350516267437
7.825016629243401E-4
3.068128678721114E-4
-2.2463905998924903E-4
0.0
-0.0019255688174485094
8.458951296878728E-4
-0.00534042222949363
0.004933425149996649
-0.0014241181020305332
0.002416242528816048
-4.77966723878713E-4
5.7574218555906E-4
-4.133539416718969E-4
0.0031868420883598794
-0.0012185450889484026
-0.002044082914526257
-9.270084305048015E-5
-0.003523718205372741
0.00483936354438944
5.50524543062871E-4
-0.0019917986508423643
8.374067484377321E-4
-0.002615715741478155
0.0036237082041483005
7.438327151101578E-4
0.003676263481031248
-0.0025648102541164924
-4.8679461925996007E-4
5.786752903315425E-4
-1.912923313451666E-4
-0.003330602418431151
0.0012530159915825959
0.001564839811578712
0.002489400950762814
0.0019799949694187715
-0.004812041846861171
-4.8495589269934134E-4
5.444682663060122E-4
-0.004924811098821915
0.0026985453693700217
8.11157161010224E-4
0.0012057590667715289
-0.001701049669605906
-0.0013028686394396338
-1.9053670070790787E-5
-0.003422829370250253
5.682854108932369E-4
3.49715239916473E-4
-0.00100214780220913
-4.4307274456757386E-4
0.0023031503275109553
7.469380297013587E-4
0.0016988233934881994
-0.0012028390426741492
-9.299113079224222E-4
-2.866682132309171E-4
-9.896670617555799E-4
4.372717211901034E-4
6.465095352197869E-4
-6.036585227003873E-4
0.001235327958858542
-0.0018722255693857256
-0.0013540635079998806
0.003587130455582212
-0.0013780891696515416
-0.004334177209117871
5.939024479325095E-4
-7.745267139055555E-4
0.001124120866367931
0.0010466511336954887
0.0057456447950568
-0.0014450973436384994
0.0017672554945657721
-0.001317840251237003
-0.0013082105309945007
0.0
0.004698754069165563
0.0014207048379899852
4.4543702884347863E-4
0.001170640861809902
-4.948095794133655E-4
-0.005386018866593943
7.471890392637915E-4
0.0010363222943621923
5.7574218555906E-4
-0.0019686997139026397
-3.4643295583030426E-4
-7.818911166703736E-5
0.001975956421651427
0.0013104773700104064
-8.824058854120468E-4
-0.00102243226880239
-6.8618010118863E-4
2.3624477910907439E-4
-0.001212421542999712
-6.371483175419996E-4
-0.002630892789314334
5.95305289223717E-4
-7.824205898021637E-4
-0.002516917514593416
-2.828783705413185E-4
0.0032308703672909046
-0.0018040788000796833
0.0020018655758851215
-0.0029139442934082048
0.001830642994075733
-0.0018621421082857552
0.002037345404285787
-0.003942839820534169
-0.0018810501738114995
-5.52437222443118E-4
5.647600084934157E-4
0.001993616452362781
0.002504218849070292
0.00292911959502962
0.0022894563927889815
-0.0013358124835431114
-0.0014714716600855275
-0.00496251314039177
0.0034806912960179126
0.0011530247254783834
1.2035908973845907E-4
-5.608730993360205E-4
-3.6632099956639743E-4
0.0018833464736283038
0.0010492507351947027
-8.54972126716077E-4
-8.519379763418456E-4
-0.003191013652098225
-9.01564041017953E-4
0.0012436058464103976
1.2417849354008593E-4
3.9447433148586975E-4
-0.002466258224330396
0.008998541314319713
-0.002336269404826281
0.002385010129667772
-9.557706783377283E-4
-0.0020432023147520097
0.002596255211709343
0.00162787471024504
-8.74797367475743E-5
0.0018951114507289478
-0.0014918672216388176
-0.003284274693787812
-0.0012778208337244491
-0.001376612462790982
0.001325076366274921
0.001260799213278982
-4.254278648908902E-4
0.0013294713832549157
-0.0015162505957260078
0.003914600191160033
-7.607029354063295E-4
-0.0012663834332666086
6.556679858397312E-5
-0.001154395562569804
0.0026461647707625453
9.734019927445008E-4
-0.0016400210224549786
-0.0020538810544215506
0.002893883388137912
3.541149237613209E-4
-0.00336851112079311
-6.141330994603727E-4
5.463020209883261E-4
-4.492872022187912E-4
7.634328571103099E-4
-0.0010092991506235435
-9.486597428549736E-4
-0.0018135685149728246
-5.515721600118019E-4
-6.832563455435927E-4
-9.950923454547095E-4
-0.0025412690041925912
0.0010315589258730092
0.003165798434885748
-8.857518669233443E-4
0.0019475014862655139
-9.005416332627286E-5
0.002558763962490958
-9.295771749869587E-4
-0.0026427598894925345
0.0019466127680863787
-9.096897366698364E-4
-6.49887038954544E-4
9.111024385848803E-4
0.0
0.0022136248075558243
-8.653814193393429E-4
-0.001144418146289715
-0.002879384472954425
-0.002041236112436858
-0.001715590899960969
0.003204575056450415
0.002437768373965368
-0.003064788505690001
8.893115722176206E-4
9.316521126392272E-4
0.004311923176242868
0.0016472348225002363
0.0015051081903222382
9.513543058861219E-4
2.7692411482582924E-4
-0.0013151175219386095
0.0015762963867236893
-0.0030717696821561807
-5.044295781824746E-4
4.406411070033787E-4
-0.004428379409628584
-9.558958024270286E-4
7.315822806456714E-4
0.002490184157016256
-0.0010104815889993577
6.305472822646164E-4
0.0
-0.0017905912990443201
0.0017060081792518401
4.179589992018411E-4
0.0016704717302781055
0.0010580085048645417
0.002203175252875785
0.0018792665475513548
-0.004442239036070763
-0.0019936552351117413
9.250765582960652E-4
9.78984860839139E-4
-7.275798910323202E-4
-2.943450467397928E-4
-1.51955378984197E-5
-0.003255205746278353
-0.0014149674602586472
-0.00170747670260323
-0.0030284628545692036
9.609085536360891E-4
-4.385624222241278E-4
-6.67968153625049E-4
-0.0012389920968823532
0.00267439058041302
-0.0017527105423764686
0.0019471511021118707
2.769024145635434E-4
0.0026158285598212733
-7.10303072810419E-4
0.0011515312999044955
-0.001567410390773021
0.0015748916406570384
-8.547330936676081E-4
0.0017936941776459715
7.810509291233413E-4
-0.0013103679391577553
-0.0011237355969919913
0.00157244527873966
-9.939841643106248E-4
-0.0021687606458494473
0.0016709080847485097
9.30954248429809E-4
-7.352018330187774E-4
-0.003082965847814767
0.0020562898365865537
8.780603040431452E-4
-0.0017214839398114307
-1.0193385748886465E-4
0.0064510756989707
-0.003853839423820918
4.623797503170498E-4
0.0015562932708799273
0.001778027401122597
0.002733504469528769
-0.0033518638469363414
-0.003858534625804192
0.0054405984473399815
0.001261576830595512
8.00408588972E-4
-0.0029981219960491176
0.001955990496047904
0.0016704717302781055
-6.367213802053592E-4
-6.486525241849307E-4
0.0
0.0029791924976867033
-3.715959126340646E-4
-2.4003863490131808E-4
-0.0017201898421107776
7.259896819339194E-5
-0.0014761384710170228
0.0016557019773002606
0.001294332903929867
5.254443675881203E-4
0.0019923636286195293
2.2641690948650098E-4
-0.003431098105735406
3.1380057622532596E-4
-0.0014072309030243413
-0.004052452067583158
1.1741132250097579E-4
0.0050413567263983845
-0.0033524528652982355
-5.178026556178984E-4
1.5399001695106713E-4
-0.002157185397772595
3.8030445796643884E-4
-7.324762499077512E-4
-0.001452245080073846
-7.668756112527138E-4
0.003207230792206245
-8.709299047313029E-4
-0.0020134735058036143
2.4488727326782097E-4
-0.001670795701937701
8.003063599199754E-4
0.0019755912221393903
0.002614722912217878
0.0
0.001610707802006226
0.0
-0.0016357977765637114
-0.00295440426868335
0.00244113052275303
-0.0021654999349881975
-0.003214298880647745
-4.375350690525169E-4
0.003055145307935342
-5.550120390806437E-4
0.0013085971274129208
0.004331881793138138
2.70303805463438E-4
-0.0017294075809700527
0.006957315848819328
-0.002027776471442067
-0.003879177824581502
0.005731071159686291
0.001324560384364243
-0.0015765791172616416
-0.002420141098402717
-5.895091963151349E-4
0.001248854236895206
-0.0024991370107229627
0.0051773763542887485
-0.0015179337980940546
0.0
-0.0034469284803941647
1.5399001695106713E-4
0.003504766039405984
-0.0017645347924699966
8.467683808297563E-4
0.0028588483796770465
-0.0029279617046509532
-0.00324977947944413
0.0011964196158383753
0.0020610063930477317
-0.007409748658112253
-5.647091445358233E-4
7.222150372009362E-4
-0.001508811515405985
8.571272470822181E-4
-3.55219010473721E-4
0.0035147192226777863
0.0030558152873563387
-0.0030981291633525978
0.005889729735483998
-0.0035313723028132576
-0.006396249645107436
0.0018437389187198699
6.783543513866109E-4
2.926877884759057E-4
0.004513918273945715
7.750752693702612E-5
1.1709137159690434E-4
-0.002320231469298452
-4.861273319895455E-4
0.0021017777463325183
-0.0017513837002969838
-0.00254222303407149
-0.003718434289939996
0.003968447869736709
0.005783024604623394
6.255389235463905E-4
-0.002870806820985611
0.0
-2.2149865498501733E-4
-0.0010293119954679015
-0.0013009453626869171
0.003168889821110572
-0.0027169496017002684
0.0014897648675326358
-0.0011713920487767663
-0.0012319176434402754
0.0
-8.396806413738862E-4
-0.0024054477849560518
0.0036087233900002516
0.01964360184137028
-0.0021243189753467726
-0.006411975560014568
0.005758228090447789
-3.808602470415437E-4
-0.00242052053870122
0.0013533890322217417
-0.002638849716358156
-0.004739162825338341
0.001429797138361137
-0.004083300674471516
-0.002894719549548783
0.0
-0.0021233525770862115
-2.550136425124712E-4
0.007025214593353889
-7.373570246354066E-4
3.4707849622526434E-4
0.0013865483199451529
-0.002464633190213305
-0.002105178076129569
-1.651195947451941E-4
0.0020744348923444236
-9.209209298849199E-4
-0.002977231469929923
0.0037764328465649585
0.002650119842261141
-5.954830129923636E-4
-9.839835278010046E-4
-0.0023539103094115986
-0.0019390932333300977
5.241265641629117E-4
0.007722304296169351
-0.00468329115813373
-0.0047435316671092685
-2.1119460867033424E-4
-0.001483505532224366
-0.0020886485102043317
0.002714447026522475
-0.0017496815593816186
-0.0038272938289748756
0.005745666490619428
0.0032057646241878484
-0.0031130918277159506
-0.002142381214533724
-0.0015757094838261736
-1.4932445188034407E-4
0.004076468702120648
-8.246741439662154E-4
-0.0017513837002969838
4.694551334924944E-4
0.0
3.9814779869621047E-4
-0.0010540044850000682
-7.606163704210351E-4
-0.0018976398764368615
-0.0023042049951960287
-0.00198490012755147
0.002177154933564094
-8.02126581405238E-4
-5.458504307514617E-4
0.002324784197916749
-0.002470340279900292
0.008675214648525354
0.02032192635501748
-0.0010507785120820066
0.001279046604349282
0.005253680521653251
-0.004721029772596334
-0.0026337821533356214
-8.53753981374936E-4
-3.3494302453298532E-6
-3.417964157306657E-4
-0.0017570887587582198
-0.005656385313053806
-0.0015442332861434981
0.0
0.002955912991358212
-2.6950959483130197E-4
3.959968950372405E-4
-0.002359080933210512
5.94518374386934E-4
-0.0018136183399709235
6.784842095234169E-6
-0.0058253544484773824
-0.0019575622068705024
0.001708544082632142
3.460794440649272E-4
8.879465095173744E-4
0.001067188972604516
0.0028903985301985875
5.361205683471253E-4
-3.1989077793366603E-4
-6.080333834037013E-4
-0.002180831704719392
-0.004098336216004796
-0.004180486313923223
-0.00155108827719349
-0.003577779480775215
-0.0045385390475472425
0.004775471469330799
0.005098522260179985
-0.002360492909946357
0.001453495528429627
9.597778077522468E-4
-0.0026296827855928056
0.0036019504297067806
0.0020176932736753438
-0.002596692418582304
-0.003954326469913657
-0.0011898517016061896
3.354496184398155E-4
0.0
-0.003126364742334729
6.385865228224532E-4
-0.001184436953573915
-0.002739337907284081
-0.0015939657591888376
-1.8956919211507808E-4
7.946846861807619E-4
-9.497273620143049E-4
-0.0031876149025810824
-0.0014907800393453986
8.143506963175816E-4
0.0
0.006552752193041422
-2.7214389181919247E-4
0.014020416206940571
0.004120240076016734
-2.7144450787746916E-4
6.380445647419068E-4
0.009295518975002571
-9.839835278010046E-4
-6.230968003661456E-4
-0.0026329972575569256
-8.936355714992153E-4
-6.947669221712101E-4
-0.0012253046939160281
0.0018438019136635655
-0.00339749499115073
8.936726561844196E-4
-0.0016121071403818676
7.983555876473289E-5
1.76088288060042E-4
1.4455978316833297E-4
-0.0010684224584826653
-4.009414876194518E-4
-0.007185446496093214
-0.0025378899024403284
0.0012843534781957293
0.0018363962115330995
-0.0016696476465034775
2.657890766235928E-4
-2.447753283207043E-4
0.0010263531536736736
-0.002742638902780791
6.641196419784391E-4
-0.0012375608835634008
-0.002004818628490926
0.005169170098505872
0.0011932904200094496
-2.6158235013398875E-4
0.0022569377596558648
-0.0026324452900066755
0.0017030771060771138
-0.005037217998972898
0.0
-0.003173056581431807
-4.3455661682916327E-4
0.0021774068809766057
-0.0017314168753125197
-6.662497813287572E-4
0.0
-0.004624036831510458
0.005295008793076883
0.001152959290630127
0.0
0.0
-0.002669759486704618
-2.4682370981135267E-4
-0.0017269142221579934
4.65219973212032E-4
0.002322921427509105
0.003885078152519133
0.0
-0.002358660041579963
5.046119648101648E-4
-0.0020582888162062785
0.0023654834996552814
5.737378401365976E-5
8.341322491472267E-4
0.007396536971596662
0.0
0.003146424041350434
0.0023116662378440834
0.0
0.0
-0.001194946138008761
-4.065031784853622E-4
0.0
0.0
-0.001708416343914594
0.0015326976939882956
0.0
0.0
-0.003860721520411472
0.0030915249995028013
0.0
0.0
0.0020980955130992856
-0.0056438060594214984
0.0
0.0
-0.0021901294266643747
-2.0436132554090014E-4
-0.0015162505957260078
0.0
0.005062132280214738
-0.0035358118987294596
0.0
0.0
0.0013570450965227072
-0.0032083067434380756
0.0
0.0
-0.001914198785907375
0.0010506643235305944
0.0
-2.447753283207043E-4
-0.0014065578545193853
0.0
0.0
0.0
0.0030383497477668546
-0.0013949995909319727
0.0
0.0
-0.0023360473933949476
-0.00652862509807161
0.0
0.0010652581179818885
-4.364372265013394E-4
0.0032944549063375914
0.0
0.0
-0.003468027241076629
-0.003948303830365438
0.0
0.0
1.542076233072363E-4
0.004049950349190686
0.0
0.0
4.521485268527348E-5
0.013849539796107434
0.0
0.0
0.0
0.0010652581179818885
0.0
0.0
0.0
0.0028938835420410044
0.0
0.0
0.0
0.0010129794082907703
0.0
0.0
0.0
0.0
0.0
0.0
0.0
-2.447753283207043E-4
0.0
0.0
0.0
-0.00825966066026915
0.0
0.0
0.0
-0.0045591683343917016
0.0
0.0
0.0
-0.0015162505957260078
0.0
0.0
0.0
0.0
0.0
0.0
0.0
0.006546273307374243
0.0
0.0
0.0
6.518365535175438E-4
0.0
0.0
0.0
0.0
0.0
0.0
0.0
0.0
0.0
0.0
0.0
-0.004794508964598439
0.0
0.0
0.0
0.007204132954100557
0.0
0.0
0.0
0.0
0.0
0.0
0.0
0.0
0.0
0.0
0.0
0.0
0.0
0.0
8.204827896611845E-4
0.0
0.0
0.0
0.0
0.0
0.0
0.0
0.0
0.0
0.0
0.0
0.0
0.0
0.0
0.0
-0.0036140127754523558
0.0
0.0
0.0
0.0
0.0
0.0
0.0
0.0
0.0
0.0
0.0
0.0
0.0
0.0
0.0
0.0043097805815171504
0.0
0.0
0.0
0.0
0.0
0.0
0.0
0.0
0.0
0.0
0.0
0.0
0.0
0.0
0.0
-0.0015162505957260078
0.0
0.0
0.0
0.0
0.0
0.0
0.0
0.0
0.0
0.0
0.0
0.0
0.0
0.0
0.0
0.0
0.0
0.0
0.0
0.0
0.0
0.0
0.0
0.0
0.0
0.0
0.0
0.0
0.0
0.0
0.0
0.0
0.0
0.0
0.0
0.0
0.0
0.0
0.0
0.0
0.0
0.0
0.0
0.0
0.0
0.0
-0.016565269416221755
0.003435438180029975
0.004445756617271725
0.008684074618920056
0.0
0.0
0.0
0.0
0.0
0.0
0.0
0.0
0.0
0.0
0.0
0.0
0.0
0.0
0.0
0.0
0.0
0.0
0.0
0.0
0.0
0.0
0.0
0.0
0.0
0.0
0.0
0.0
0.0
0.0
0.0
0.0
0.0
0.0
0.0
0.0
0.0
0.0
0.0
0.0
0.0
0.0
0.0
0.0
0.0
0.0
0.0
0.0
0.0
0.0
0.0
0.0
-0.007776773575536872
-0.0013405437924916392
-0.0035013994159567552
-0.003946552632236491
0.0068108359721672385
-0.00615191716735458
0.003908633282889851
-0.0011321139076725369
-0.002702000408756182
0.006128093904533707
-0.0038749308242782624
0.004894593945772466
9.93747969708473E-4
0.0030476959946307016
-0.008192757031123418
0.012835387685704299
0.0
0.0
0.0
0.0
0.0
0.0
0.0
0.0
0.0
0.0
0.0
0.0
0.0
0.0
0.0
0.0
0.0
0.0
-0.004464285714285715
-0.003312487861251157
0.0
-0.002182705439308987
0.0
8.421616468173476E-4
-0.0011130013888086632
0.0
8.708351268954593E-4
-0.0032592331540435516
-0.003946552632236491
0.0
0.0
0.0
0.00830704038625977
6.042033050340016E-4
-0.002100407719126534
0.0
-0.003513242253258314
-6.053258949744024E-4
-0.001831694740155289
-2.016542789665744E-4
-0.0016692793409984516
0.0055939285087672685
-1.6015884878965215E-5
0.0
0.003672303599292674
-8.832678484964455E-4
-0.0033497117020830237
-5.714379563857418E-4
2.0354892085237115E-4
-0.006114069057574012
0.0023649808726693908
8.435388552960655E-4
-0.001602050037583793
-0.0056075913574581485
0.0015054092350873375
0.011832326064488316
-0.0052772175605781835
-3.4137284855152706E-4
0.0012654676874256096
4.781918974258363E-4
0.0024017726199659774
-0.0024800847731216657
0.003657302731040014
0.0013156033678881386
0.002736044431103174
0.0
-0.001742296461394701
0.0
0.004252879202540509
0.001837841732355889
-0.0020261135167627593
-0.0010169114235029373
-3.813609559523702E-4
-0.0028339320221885834
-5.131783386967503E-4
-0.004464285714285715
0.008637000371657426
0.003372975892098818
0.0
8.25411421948054E-4
0.012178034489056843
-0.0037484532679729083
0.0010763682881956814
0.0017406842289357021
-2.1982190553906017E-4
-0.003436951655504604
-0.0023566738158287744
5.035816243324275E-4
-5.961170642834548E-4
-0.0021872800042550336
-0.0010514802486153618
-0.0021071317049837063
-0.004520755865914059
-0.001444424628006377
0.0034962314879653446
0.0
3.9211369141992775E-4
1.306420434935725E-4
-5.584683190876282E-5
-0.0013293219913063353
-7.948940989265002E-4
0.0010828483397496303
-0.002568693264324828
-0.004277041935883951
0.0014399109032299164
0.0017930531582696194
0.0017275529616673547
-0.007312916044997601
0.006683384860483631
0.002188753342085679
-0.004919149057820501
0.007502932864087345
-4.27895185671418E-4
-0.005439835031265861
-0.003813790071322082
0.001240661041921692
-0.003426750083387399
6.728602618116378E-4
0.008286434066034395
-0.003113920606431476
-0.002549873882916754
-5.478081311547877E-4
0.0014949098327165932
0.003209880772100302
-0.0076980749448111365
-0.0019369652434797428
0.0
0.0023897132173874487
0.005696082850776537
0.00396106315373019
4.0864179702923694E-4
6.987361571436207E-4
-0.001546442253227611
0.0026595615658188926
-0.0024242309505345884
0.001320734908424014
0.003880023026442405
-0.003024604170052999
-0.002445597760304993
0.0018977699328725786
-0.0020065769407312246
0.004821844065075332
-0.0014163605156955197
1.7067022480186255E-4
0.013059003632196454
-0.0013173515700425427
-0.0014151536309565532
0.007511837414384532
-0.002230371147176482
-0.0022450704464714484
2.135148740893965E-4
-8.346563824564727E-4
5.563539660857431E-4
0.0015670339424098813
6.106881048988677E-4
-0.00511870283140042
0.0
-0.003847398243009798
-0.001175016810905854
0.007373174490610332
0.0011555131380411037
-0.004600025611487146
-0.0020908282047818584
-4.525676628526698E-4
4.131943693619906E-4
0.005078508304951005
0.0040582423732653935
-0.008571626535702832
3.513033033310366E-4
-0.00219838274350621
0.0031348610110006037
-3.5094553547922576E-4
-0.0020796721096921086
-8.867932164076313E-4
-0.0018525453892960888
-7.476352941631578E-4
0.006002884797328351
-0.0014746733052293484
-0.003189366097267011
8.350975876401198E-4
-0.0035274917556108905
0.0010454643334647548
0.0012730262389303985
-0.0027576379639774654
-0.0022557422637006917
-4.59282526232298E-4
0.004273587075533795
-0.0018331775001372134
-0.003551359870835509
8.76184267450642E-4
-0.0015527084532047043
-8.451298841885563E-5
-0.004656077005253702
-8.16503081578374E-4
-0.0023599762346781386
2.905334305374251E-4
0.002338343050527368
-2.729951760205322E-4
1.1199220226025346E-4
0.001451867458907802
-0.004152821240557381
-3.9827361545757335E-4
-0.0021246611834498945
0.0038364779539141716
0.0023897132173874487
0.0017258287404586287
-0.003513178351785315
0.009460952700215894
0.002493987159404348
0.0031237441238279222
5.736705035396119E-4
0.009369922775540324
-0.002997215793206506
-3.264627660514532E-4
-0.0026596283642291085
-0.0022252466448503426
-0.004360656899329583
-0.001422331217568468
-0.0019954463855791165
-0.0012768896652063932
0.0023035055175355144
-0.0021626641854139714
-0.001640565342284335
0.009684624779872197
0.002377463697406007
-0.003827919969082793
0.0025811861499506553
-0.004137055361171883
7.551755668152461E-4
0.001395672606238174
0.0054697056577330825
-0.004014646814862724
-5.315843710768113E-4
0.0017951263620159326
0.0019455052753253048
0.0024477284222810154
-0.0030648656866290327
-0.004229389787155471
2.0174768594937126E-5
-0.0034379727180394028
-0.0032680758484543927
-0.0010850063219977934
6.0846459467042355E-5
-0.00120867052385615
0.0037257376106822377
-0.004238691068213894
0.0027051693315192833
-0.003681120816773828
0.004148864946805552
0.0028624280394742756
0.0019748856114301426
-0.0030917035897265977
-0.004640677913135635
5.378389132393166E-4
0.002464048214997549
-0.001827557128203918
0.0023897132173874487
-0.001958402065866162
-0.0036726299146614557
0.0
-7.034570996312044E-5
-6.165938955869932E-4
-0.0036284810722254776
0.002183242226267433
-0.0017493655238180578
-0.0019898974100462322
-0.0034274497023603486
-9.267363689673206E-4
0.001995035824583248
0.006600864757028914
-0.003295121732940888
0.01070120005957294
7.322175033201368E-4
5.397108083111226E-4
-4.4074532352779763E-4
0.0031619052376399485
-0.0010237225248032648
2.7308568205506104E-4
7.74283491486764E-4
-0.0037712308818573874
-0.0017273776179387143
0.005629265163969563
-0.002440711386476576
-0.0019181029612584189
0.0
-0.003554261223319373
0.00432490950058712
0.003253548613244543
-0.001295380295396793
0.0042315153867342695
-0.0025269635293770805
0.0010041801123674616
-0.002576258143918112
2.2554875908198502E-4
0.0015036123522030572
-0.002938978090981096
-0.0018166563050347547
0.0046507085991873654
-9.053080850062833E-6
-9.382336605047699E-4
0.0023865694493784857
-0.0030274233500865557
-0.005061182729817112
-0.002035735419694279
0.0022161763222286676
-0.0057705669431317805
5.597280035075532E-4
5.019207699766591E-4
5.258703615262868E-4
-0.0012023749440976483
-5.121518945931929E-4
0.0024339822510400615
0.0015514749002853432
-0.0034961483898617177
0.003113956242135559
-0.0026717879537431996
-7.68217882397387E-5
-0.002164327838029589
-8.290383644377454E-4
2.225867890877759E-4
-0.0013618034598664858
0.0013492853870457724
-0.0011542926421623744
-0.0022401915426628173
-0.0010843907453052975
-1.4112879850768155E-4
-1.739390620759079E-4
0.002146108303587675
0.0010782775248555814
-0.003391580549110767
-1.6413853548556678E-4
2.5977468108016378E-5
0.006528628545520766
0.0011382454312304172
0.0013317686622939878
0.006121652354156646
-0.0020718553011804556
-0.001417681460717972
0.004698369149612438
-9.176223174284857E-4
3.663669338263957E-4
-4.0826073262364027E-4
0.0031347120148752594
-0.0027428735771186314
7.323508799021515E-4
0.00247229435419724
-0.006468236341627916
-2.9868238403117403E-4
0.001085057365466164
-5.53983012830652E-4
0.0
0.0018967402246857397
1.8770820232641807E-4
-0.002097533345205172
-0.0023639853070156792
1.1530939739404645E-4
-0.0011546774035562154
0.004156851718742778
0.0012014263386722554
-0.005048469955327099
-3.893150556016727E-4
0.0031723219395501006
9.53241814726712E-4
-0.0021444438116544197
-0.001035507488781374
-0.0013370934105961525
8.690313024846799E-4
-6.265488213179002E-4
-6.723689200344061E-4
0.0031767071790019673
-0.002381939751487455
-0.0010366800053126515
0.004664357528634522
-0.002267183399412769
-0.0023185500323178285
0.00331362072728052
0.0019884569892543395
-0.003238689350173929
0.001102060578420082
6.482250218228589E-4
-7.35808410905599E-4
-0.002145013934313666
-0.0011813448729924062
-0.0014399798891867016
0.0018924434085520782
-0.0013402962348943173
0.002249506132567274
0.0060367229004344766
-0.004730085247100841
-0.0015696781467839744
-0.0013731203717089542
6.511678538866805E-5
3.8727269056584683E-4
-0.0028028727527963054
1.5346516983794512E-4
0.002028591961018764
0.0011232510820206934
0.0028454279644548933
-0.002275701228095187
0.005869074518414287
0.0018838806754059127
-6.976229050304307E-4
-0.0015691308674485338
-2.81199513263314E-4
-0.002246654509619095
-9.8412094436863E-4
0.0028063695295375965
-0.0012543979373653656
0.0019527363376273808
-7.343806080299783E-4
8.951918022603626E-4
8.840269181881188E-5
-9.176223174284857E-4
0.0038606271915853276
0.002291405106243196
-0.0010366800053126515
0.0015098075695715626
-0.0017497402998649624
1.0880710254207102E-4
-7.229125604448115E-4
3.7038736533278314E-4
0.001716495944280402
-0.0023581958671390754
1.8304199744828418E-4
0.002249388236181384
-0.0019062024634963356
9.481015176688204E-4
-6.468193408331368E-4
0.0038246190827740893
-0.0012710398119841699
-0.003908883889557135
-0.003057301401009329
-0.0022879954652346977
-0.0025281979910110617
1.0141252157915438E-4
0.0074335464387872705
5.311603231757797E-4
-0.0025470567394432963
0.0033527860247492586
-0.001733835417704637
-0.003642410164525134
-0.0033096181407021048
0.0026164155722266337
7.614395435743019E-5
0.002637417003327139
-9.630718244707671E-4
1.5813121537056637E-4
-0.0015987856070709078
0.0011739946403904107
-5.939814516408885E-4
-1.4302064094963955E-4
0.0
-0.0011440685349060767
0.0026749765546921172
-0.0031614217788173546
4.398513657457371E-4
-0.002263061583531692
0.001399371660198692
-0.001803013709139855
7.868883386994166E-5
0.001971408578580168
0.004741991795010971
-0.0011711307952645353
1.5701645426882118E-4
0.0044361773429085795
-0.0028444190649581967
7.576813980487347E-4
-6.975225586592927E-5
-3.020752344205826E-4
-0.001769150822908308
-0.0013648602306745843
-0.002133456359543867
-0.0025816627738427037
0.002049168868843095
-0.0011302246851693809
1.607867058920424E-4
0.0031443006555365353
0.003645821272434681
-0.0014042228756587088
0.0010435353127666372
-4.7520602925328354E-4
-0.003651976364491125
0.0016380070377278008
0.0
7.296468777691757E-4
-7.363630791310884E-4
0.0018400363563447508
-9.730253398222444E-4
-0.001471162101029434
-2.6950959483130197E-4
0.0018698654040253794
5.103442001657821E-4
0.0019882498240432664
-0.002469464938847484
-0.0021889325128476816
3.048076357759187E-4
-0.0018739637162810527
-0.0011749031221953837
-0.0025318587237167004
0.003877378387945076
-2.5067071377078573E-4
-0.0034506470222148084
0.0010340888039711022
-0.0018836006200152362
0.007035829430103684
-0.0019668484830660388
-0.0024489110956119058
3.662533159022293E-5
-0.0030280513737255856
0.001679876114992471
8.686729545837472E-4
7.591844336241461E-5
0.0
0.00353849939240174
0.00407036920393195
-9.304624908077959E-5
-0.0013489046208399083
0.0036060126320592366
0.0017186044285637735
0.0023927949103582607
-7.671222404219337E-4
3.6104832083956487E-4
-6.846338103284051E-4
-0.0015397706332971328
-8.779626081855905E-4
-0.0011590439184103337
-0.0019381788424997907
-0.0015605651900283523
0.0021406513796110712
7.263903236732257E-5
-0.0020161292348741576
0.0018898464202700077
-8.08300612311663E-4
-0.0015624244882649738
8.4922299248688E-4
-0.0026112970511532095
0.0028805819062466074
0.0029663761935372185
-9.926778599233766E-4
-9.200813238686651E-4
8.074331213637083E-4
6.211368478145024E-4
0.0028151560473735236
-5.291461335533667E-4
-0.0013075126706931749
-4.857022244264008E-4
0.001294204422177283
-6.729932183198082E-4
-0.0023903418028446543
1.8746125824134775E-4
2.44817264604688E-4
-3.920850121963489E-4
0.001495601284584091
3.166587763784455E-4
-3.0778725026117063E-4
0.0017233965475036772
-0.0020930888217081675
-8.69475386063452E-4
-3.9022184479402223E-4
7.554986435425548E-4
-6.602903797035594E-4
-9.38487776300126E-4
-0.0021075987479353686
0.005922259218748667
-0.002382410196388894
5.535746140771934E-5
-0.001112731629171725
0.0036136434759382182
-9.86822252920991E-5
-0.0017129608827012098
0.0016882566186134217
-0.0022705176977044273
5.268367344606486E-4
-0.0013865321569206846
0.0015778305951902574
-0.001550149568379307
0.0032525415560483366
-1.5127563401163153E-4
-0.0021028172872968993
2.2808786292882025E-4
0.0031620235031617934
0.0011607329654435956
5.232644643500746E-4
-0.00314883240278613
-1.1407536159171614E-4
-0.0035310749361596155
-0.0018276846770898102
8.101736984187091E-4
-8.69311984953268E-4
0.0011793382456660722
1.5777834972906376E-4
-6.041084085652499E-4
0.003336815296405272
-3.337821731562575E-4
0.0013803331445069369
-9.579763824932783E-4
-0.00239826376767401
0.0024664179122925794
-0.001354799544884128
-2.1618120210527704E-4
-0.002480119851881598
-0.0015746218465801276
-2.574728049476895E-4
-6.201263445197258E-4
0.002164477033466775
0.0011325847552566396
0.0021638180041900685
0.0019063204907142034
-0.0026038300929964123
-8.848511743928144E-4
0.0022291036014993547
-0.0011594514424935448
3.993585025910168E-5
-0.0021362662235085497
0.002208223128548372
-2.707655584712346E-4
2.0659025992019256E-4
-0.0034179245785278343
0.003110567831541693
6.053395793358659E-4
-7.614358245742684E-4
-3.174643093403261E-4
-0.0019407668860818993
4.8109602979902466E-4
0.0021562062237096068
-5.572764392892595E-4
2.9584043042459713E-4
0.0022686553891019382
0.0029495135930722232
-0.001186730750923482
-0.0026203780278291383
-0.0011034056632647647
-0.004142019900153504
0.004405926596448662
-0.0037193271416396936
0.0020155272766836014
-0.0016986815088257381
0.001172377395962207
-0.003662447256491015
0.0035317225937038397
0.0
0.0013147347675685089
-0.002942865718405587
0.0
5.784092292904451E-4
0.002600846434927033
-9.716347264845725E-4
-0.0026631533872364683
0.004876390698171034
-0.003413058844637105
0.0037964607412961826
-0.0010992494473312908
0.0016072158841571717
-0.0029751507494168708
2.244028514521556E-4
-7.843734531478244E-4
6.088773873550884E-4
0.0015230620322926377
-1.0182888205839714E-4
8.590808895291373E-4
3.5046565193260187E-4
-0.0016292217937326423
-1.347943356782655E-4
9.523754582084833E-4
-7.401125353000042E-4
-2.671836212968439E-4
-6.727601166129958E-4
0.0026424677312351453
0.003292868545972783
-0.0010736159180809522
-0.0020474169224025188
-2.060814137419681E-5
0.0015344625077828929
0.0016973770179349685
3.584159841794176E-4
-0.002420660604949518
-0.002067227688168057
0.002935130705088058
-3.0362323917261297E-4
0.0011799875950401907
0.0020483978582933908
4.8437638601046525E-5
-0.002589087889253691
-0.0022463367782902133
-9.998103988748854E-5
-0.006003954938812903
0.0018403510641370928
1.0079103485554838E-5
4.842250125407856E-4
2.0315516761489744E-5
-0.002187153984044193
1.4345466079804204E-4
-0.0021291581695125155
-0.002980920287915824
0.0013474352366664747
-2.3703545253454068E-4
-0.00209806301143078
-4.698178208520285E-4
0.005304896334698312
1.932131238349884E-4
0.0012193612308293738
0.0014438238653845725
-8.760528373972368E-4
-8.856411946482599E-4
0.0014943252248664407
8.676128885187311E-4
0.0014452654890355385
-0.00249562801819677
-7.56321766817062E-4
5.806088266948623E-4
5.485882719133747E-4
-0.0013605282393295247
3.8757639383775076E-4
-0.0016251119394270598
-0.0024380404980602153
4.605827567188336E-4
-0.002254426326309003
0.002425987038963701
8.485136667436177E-4
0.004114691281670928
0.002848533456349403
0.00575274391816457
-0.003370357301876677
-0.0011090299400920885
0.0017069064816354982
0.001549029432376542
0.0014214855614032027
-5.690540199074157E-4
0.001423486541796681
-0.0031267067552085983
0.0015222818080599793
-3.043629875356976E-4
-0.00150046134792406
-0.002658321294515322
0.001341426048336473
-0.0010963964787161998
-4.026747859308965E-4
-0.007201029499809931
0.0033441980595411203
-3.427357463653266E-4
-8.782362816617671E-4
0.0010151331951385647
1.2392510191580342E-4
-0.0013552245652581484
0.0029733826643434267
0.0038303812572155556
-0.0036521602526497954
-0.0016939977351802128
-0.002525984319772327
0.00217562809924465
-0.0032854429181013644
0.00417059850001365
9.824198285212304E-4
-0.0039386609936819215
0.0011873255164579948
0.001366714354103053
3.4643299440224005E-4
-0.0013297706709962127
-0.0036606790888596696
0.0023303410224787585
-0.0025645600947546434
0.003074224137263714
1.7495444949751598E-4
-0.0010796106612351766
5.666464047615485E-4
-7.666624703488968E-4
0.004366804022420266
-0.0031168611233341635
4.6170917363341183E-4
-0.002452765708208359
0.0011742309517405564
0.0029746479934400563
0.0023234128246445783
-0.002380461512178583
0.0011741575613438999
-0.004324868826355477
-2.351917562865458E-4
0.0014716710583201995
-0.0017552869111412048
2.8420258018850667E-4
6.230677010452077E-5
-0.0012727704209290033
0.0012684815909963447
0.003160503108962164
0.0020061191059317766
0.001224593820941128
-0.0010345288610911203
0.0016938036067913646
-0.0025653235646119817
-8.121667383836229E-4
-0.0010377781175658768
-0.0034244438629741606
-0.0014428799546347204
-2.6644945505287763E-4
0.0036298147497770463
4.1491188577354627E-4
9.730375120439597E-5
8.139794707213398E-4
-3.422631753131583E-4
0.00232057661447312
0.0044037273407442346
4.945963140722421E-5
0.0018934573735550073
-0.0028481283266859167
6.723674188224927E-4
-9.280925004612113E-4
-0.0013635890922870796
4.732446182661087E-4
-1.318018410771118E-4
-7.807697611034194E-4
-0.0013375960427114643
0.001309056780695232
7.401345897906309E-4
-0.0033613843107782124
-0.0018920323463752216
5.94475678320521E-4
-0.0021017515898847233
-0.0019428590416004463
0.0039166442518062845
0.0017250837347778027
0.00533876240184528
-0.001957646931017568
5.646458492942378E-4
0.001303808377468923
-0.0034929590660898084
-0.0018535907245978435
0.0032637830308545716
-0.0016274441464004233
-0.0023273261060144396
7.25936937193943E-4
4.071001831528094E-4
-0.0015994798180948935
0.0
0.0033915959677463274
-0.004542959792213704
-0.0022461286683629405
-0.001501395618546806
0.003997709425377026
-0.003252174401894974
-0.0017662654914838189
5.997932073602977E-4
1.1403960581099493E-4
7.541354325565598E-4
0.0022233004979238667
0.0024444474618291563
-0.003127115153591679
0.0013196186141328538
0.0024808930845551186
