0.0018794888435804485
6.764191465394311E-4
6.737279810307106E-4
-0.003229635971150593
0.0014085059551487097
-3.974642764246675E-4
-8.890392768922421E-4
-1.2200240183180564E-4
-5.932865674347547E-4
-0.0016853506975295907
1.1702421488467112E-4
0.0021616130500796684
0.0024541766349464676
-0.0017918990830038633
-0.0036606502509220636
0.0029983726989794325
4.117722521198887E-4
-0.003627429686791601
-1.6773995357648668E-4
0.0033833973882481903
5.561234913449978E-4
-5.029217342305704E-4
-0.0011670175311579497
0.0011138157740435185
0.0019514689395295323
-0.003697246067406401
-0.002329668053533895
0.0040754451814107445
0.002343093090595611
-0.004398816545624511
-0.0014855649868929753
0.0035412884419218724
0.004010326125264696
-0.004006279151964776
-1.9691318176709113E-4
1.9286620846716224E-4
0.008403445331155904
-0.0061335388166406215
-0.0017814999285438297
-4.88406585971458E-4
0.011130615912912098
-0.011308007420814998
-0.006329921148957222
0.006507312656860107
0.004561746495814702
-0.0075226507600908285
-0.005160825475083855
0.008121729739359977
0.004227939972014593
-0.00832733790514356
-0.01109828113077254
0.015197679063901494
0.0066602831693291665
-0.0174381720887304
0.0068422129548000865
0.003935675964601131
0.0015014962085612305
-0.0035538744279807297
0.004610621783664816
-0.00255824356424534
-0.01761901879413618
0.002023824476876104
0.006898697226176878
0.008696497091083165
-9.690952296199152E-4
-1.8311493395078038E-4
-0.013634534657384241
0.014786744820954937
0.015184000768715109
-0.008817407107500237
-0.008609905613954492
0.0022433119527395964
0.005586620469773322
-0.006327499680669427
-0.004293762319634403
0.005034641530530511
0.0033287941942263173
-0.009496896796430999
-0.004676323244022858
0.010844425846227527
-3.3646751764004104E-4
-0.006428188725591986
-0.002860896891196279
0.009625553134428314
0.00255687458079321
-0.0020680540345562838
-0.0018968581683807158
0.0014080376221437688
0.002703185143103435
-0.003908372230327053
-0.003799126796227359
0.005004313883450955
0.0034621481941908504
-0.0030560276524209686
-0.002022460863659226
0.0016163403218893344
0.003832664469303503
-0.004805270705454416
0.0016182995524403616
-6.456933162894487E-4
0.004779143132120656
-0.004599526626328673
-0.002519938851859454
0.002340322346067475
0.003097749445100789
-0.005275119314564201
-5.861763954726842E-4
0.0027635462649360752
0.001025079284228579
-0.004724291786020695
0.0013978004241070915
0.002301412077685013
0.00575309315814198
-0.0043594927480550315
-1.858870338359232E-4
-0.0012077133762510522
0.0014287563274733915
-0.0038080208903080023
0.0014994343863534367
8.79830176481157E-4
0.001379991245611494
-0.002001554506576692
0.002160629776015903
-0.0017210618145559985
-0.0022890715722725915
0.0023121076694933677
0.002332205419955838
-0.001001399050299289
0.0016297847310985391
1.4984330785399987E-4
-1.391125451524907E-4
-9.581477820247489E-4
5.677764661442817E-4
0.0014124085107316306
-0.001446144999985742
-5.087660124570527E-4
1.6591916193313603E-5
5.39935222846668E-4
-0.003119234598095392
0.0018324988616298078
-0.0014563569875555085
8.813805033403132E-4
-0.0018622466492243005
0.001876336447892181
-0.004037199789937425
-8.122156058836796E-4
0.0023074189191462507
-0.001730304611089981
0.001833435006433428
9.518660524009516E-4
0.0018347351201181627
0.0016197793383246398
-0.0014825226015644404
-0.0013117527019772526
0.0017037985945006677
0.0010866567086735691
-0.0012978673180926215
-6.13954988598919E-4
-0.0019784664905852056
-0.0021078674196661
0.003865386734662972
5.9182970442926176E-5
-2.6452768604859117E-5
0.0044893717044873094
3.59406710128451E-4
-6.432792707122582E-4
0.0011663539494094891
-0.0025942658314730208
-2.443455721677982E-4
0.0014624806961027201
5.582819766953063E-4
5.481127518168332E-4
0.002331886468359543
0.0032089800762428056
-0.0010544821974005627
3.2135181198638123E-4
-0.0016782490675792878
-0.0029904089964171363
-2.109627829272292E-4
-8.069736949674049E-4
-9.193293689710447E-5
-0.004290369636819036
-0.002109296508981161
0.0018162916418025421
5.081696228428816E-4
-0.0034693277947152254
3.8218769555556186E-4
0.0022486854643893506
3.209235956897075E-4
-0.0012775400188996195
-9.127031054874934E-4
5.584282390928487E-4
0.002416508589471552
6.064899221275134E-4
-0.0038278082819518363
0.0021082855194692563
0.0
-0.0020474232433725973
0.0018234960870125978
0.0019701336639242114
-9.664142761023452E-4
-0.0022782784229062616
-3.4083911660434663E-4
8.741224060517755E-4
0.0036493679790141646
0.0036706189798363185
-0.0029372062681927123
0.0014057325698197984
-6.903272120845044E-4
0.0018731360192123282
-9.86183059187609E-4
-0.0027596156651944464
-5.179004682474019E-4
0.0023217673854543336
-0.0023725203042802927
-3.4292482301346607E-4
0.0012027948382864802
9.448779120647629E-4
-0.002661081349101305
2.931312069948584E-4
-0.0021876164678642806
4.5646350234009253E-4
0.0012372721274872826
-0.0030997174859669846
-0.0020396370905480035
-0.0011388009021303096
0.006429864411598452
-0.0013205355964584667
1.596087640369382E-4
0.003660739525265755
2.1278629063629126E-4
-0.003039188963533809
0.0
5.518699709297929E-4
-0.001674015929347275
0.003790831204226538
0.002710256025735658
-0.005815085776428858
0.0010648413920450435
-5.29385985750556E-4
-0.0026254981606656375
-2.4036078301384496E-4
0.002446989566283391
-1.3548306204316026E-4
5.139408953812596E-4
3.889546412319568E-4
-0.0015457304073878066
9.758740069716922E-4
0.001882795291128793
1.0719336989127337E-4
7.641013842342101E-4
-0.0020095398602272604
-0.0010161186886082003
1.0798492040709509E-4
-0.004112076802016066
7.693522355902392E-4
-0.0021313681739146243
-9.830716298744886E-4
-5.25332146488011E-4
-6.5397674922024E-4
-0.0015237827792088994
2.3266923997236144E-4
0.002388024806005217
0.006109859014893844
6.661673570868296E-4
6.626566919216233E-4
7.78628593461114E-4
0.0023854784901056816
8.826229852290342E-5
-6.021345301106087E-4
7.196303383696706E-5
-0.0025236341154013285
-2.0785605298738853E-4
0.001224771438590891
2.367472510607129E-4
-0.0028014584908120956
0.002820570012640238
4.356509221268976E-5
-0.0014817796574266122
-0.00304729811023121
-0.0015536668000332497
-0.0013457331456443989
-6.747699166919456E-4
6.352159885430006E-4
6.971242247153482E-4
-0.0017005353578160311
0.0020590007824303224
4.487460686604687E-5
-0.0014390027798876167
8.30571398388016E-4
0.0038983055076510006
7.729885105909977E-4
0.0014936290079288303
5.997081930627421E-4
-0.0032248104509146665
-9.75875554303722E-4
-0.002018976147233903
-9.049350421716131E-4
0.0025656194851950524
5.139408953812596E-4
0.0011592925868547
0.00160004186232479
8.338887277224644E-5
0.001481314986627711
0.0011343655155058316
-0.002467324395575507
-5.490094539495347E-4
0.0
3.603373796102954E-4
-0.0010328577923704398
-0.002445741242736493
0.002682155539845268
-0.0011384650282056444
-0.0017217651615074863
0.0015226968053126222
3.13853085348978E-4
-4.032637599711297E-4
7.573822034430357E-4
-4.484765612446485E-4
-0.001386460008230373
7.802422230828782E-4
-4.304701017042167E-4
0.0030838074248197684
0.0
-0.001524725367472917
0.0032565850104791867
-0.0020862473291091807
0.0018794831999055929
5.130158271894888E-4
0.002536036587963858
-0.0014205593341508973
-6.999326595176973E-4
2.7483254741931347E-4
0.0017098539886281864
-0.002477664030990515
-1.0166561025174087E-4
7.96140908396495E-4
0.0032834603399326096
-0.0024651919669134025
-0.003512133394392232
7.693522355902392E-4
7.655943249869521E-4
-0.0038154085857470235
0.002052369738852502
3.7436032703015465E-4
3.017813413755924E-4
-3.8496956644516094E-4
-0.0029350335932443843
1.2120254554837985E-4
-0.003635083597888937
0.001769132903284671
3.496949605847981E-4
-0.0011255689597796526
-6.218833424925232E-4
0.0035411315417511356
0.0012670319187952069
2.2592874951904603E-4
-9.735083345618217E-5
-0.0014428836791586263
-0.001368140966345576
1.0123355854893014E-4
0.0016308872948708902
0.0010094895802020794
4.091431873485645E-4
0.001580214628298968
-0.004699627412247341
-9.805821423795676E-4
0.003943079659205298
-0.0026345388921377734
-0.0037122366925970004
9.877827277266589E-5
0.0014836907668895546
0.001846161948288222
1.7391431598280053E-4
0.003329929136838128
-5.811645109049706E-4
0.0016608259307583934
-8.466364291926416E-4
-4.2844713898461325E-4
-5.355976780182095E-4
0.003187559619038296
-7.123554692900034E-4
-1.2181659854492962E-4
3.935525114994916E-4
-5.943126860728546E-4
-0.0013229837744797948
8.027792541048535E-4
0.001841174691366439
6.385064903361411E-4
-8.284407179599416E-4
-8.805555827196709E-4
-0.0018414801697210677
8.101320893139151E-4
0.0024370606291279294
-0.0010611448747350565
-6.130618824112567E-4
-0.0017316599983792326
-5.776256846148166E-4
-4.728478968601406E-4
-0.0030853412382108657
-6.38362846860697E-4
-0.0011812459330746215
4.7144619144966443E-4
-7.894272428444054E-4
6.829537880748968E-4
0.004359061666570787
-0.001493203069948153
-7.441633833895539E-4
-0.0035629155432863767
0.0017761534448124908
-0.0013111406436063068
9.141780216421397E-4
-0.00482497889287089
-0.0023657312976368165
7.540486868082216E-4
0.004955531706838356
0.0015214656275487862
0.0036327792809030196
0.001642444887014406
-0.0025381645230360423
-8.137539255234624E-4
-0.0036037352957577285
-0.0017868346728047828
0.005442913185378502
0.003058151455384378
-8.663288767664154E-4
-1.4362346689909128E-4
-7.314815457942814E-4
0.0019585575914487915
0.0018527915580606247
1.6616557054621056E-4
1.2122809793712984E-4
-0.0020948153904964705
-0.005023788172422649
0.0018658583658591466
0.0012381347398832702
0.0026941156311159173
-4.2622099568583147E-4
-3.3279706421364104E-4
4.744989029110275E-5
0.0015264876890439066
4.3286896982117713E-4
-0.003543308722466032
0.003550145995771258
3.0989193242744826E-4
7.41285225466763E-4
0.0028491686102142958
-0.0014000970001271434
-0.0031363567466349243
-7.507018441120424E-4
-8.302522650658296E-4
0.0017729547315877287
0.0016143363039001813
-0.0014468524635773028
-5.221389390769438E-4
-6.113079858275426E-4
0.0035545284435689983
-0.0016916347534980901
-0.004220884988565149
9.474696177312059E-4
-0.0017838570402969162
-0.003547266435819595
0.003202272235449356
3.25930347186143E-4
7.33806842349076E-4
9.706924468921817E-4
0.0027554259839777046
-0.0041343755112696
5.833002493803852E-4
9.523519039266526E-4
6.628866886405956E-5
7.830302558930113E-4
-0.0020834164309869166
6.065354629144969E-4
-4.0516294362560423E-4
7.601861581678814E-5
-0.003841101918670999
0.0017896227539281843
-0.0010977290542336833
-7.460303800975471E-4
0.001434479214312726
0.0022196055880659635
0.001883501937689089
-7.550580416397082E-4
8.72556248844435E-4
-0.0011801353775403904
-9.381478781684395E-4
9.974446722336556E-4
0.001496780230487859
7.989198014308923E-4
9.061219520847416E-4
0.0
0.002050390258111303
-4.34158464440973E-4
-5.055468824226711E-4
-0.0016100202540803733
-8.284447389226965E-4
-0.004930802529867931
-0.0010745610626932843
0.0023404179417976655
-1.6028744631827463E-4
0.0010708531707855039
-1.061163885457449E-5
0.0020047654369463284
0.0030106037994966327
-4.7671802946111193E-4
0.0025210390797550538
-5.605449176767261E-4
3.9325514289019026E-4
0.0013974617863298025
-0.0019425927589250599
2.9856531037354326E-4
-0.0043462186969978455
-0.0015523575946447148
-0.0012121059563926675
-1.5255245453681576E-4
0.0027647357327124657
-6.2072715753787E-5
0.0018709712123605735
0.0
-0.0034760961108248854
0.001000316417633123
-0.002282349745107475
0.001493452669870078
5.424690544849336E-4
0.0019940641028944285
0.002596335560316007
-0.006583385638560989
-0.001300679650956271
0.0017424096792495161
0.0023742103102229566
0.0016322245704910952
-5.938897507854721E-4
0.001049995226788005
-0.003798759364069363
-8.756339905209055E-5
4.433501715841088E-4
-0.004545445543967984
8.097345302244414E-4
0.0014958454132636152
-0.0017047431529901985
-0.0032069803926050564
0.0031618472505111645
-7.413300439377392E-4
0.0026704533720741373
4.93719805300886E-4
0.002551284638134377
-0.0029813432216017205
-4.5565023182113536E-4
-0.001147292812994507
7.627432531419939E-4
6.413891214973513E-5
0.0024426312913526163
9.11635555854809E-4
5.861267760292193E-4
-0.0010304882674299174
0.0015009687156956584
5.488119303524573E-4
-0.0031875756093382264
5.340121968845748E-4
9.697344817305026E-4
-3.6989795983459126E-6
-0.005002042044875415
0.0026313967555073622
0.0011494019576192632
-0.0021501275873422997
-5.780313754667581E-6
0.004180438322723159
-2.251859667217848E-5
-8.66015585043674E-4
6.043394921830638E-4
0.0027046838411412624
3.2359225944973E-4
-0.0031797525612052187
-0.0022207255110511296
0.0019666742128654543
-0.0015409009400319347
-0.001694874205716621
0.0023583868921662676
0.0025119388944835263
0.001493452669870078
0.0014119114853503203
-4.998849456055137E-4
-0.001007214311587835
0.002872019096726198
-1.4410290495247283E-4
-9.790636311215524E-4
-0.0010169028005715887
0.0021390645155467507
-0.002456891985854467
0.0012618615256154903
-2.106766283361422E-4
0.0021233377839777524
0.0011423211709815665
-0.001729027710010566
-9.086168023848681E-4
5.908993518762063E-4
-0.004016977692080545
-0.0024707072618740844
-5.953525731621889E-4
-3.257992364219444E-6
-0.00288053676820876
8.770842664235025E-4
0.0
-7.729635904411927E-4
0.003476384121563988
-0.0020709099855811108
4.756236476565639E-5
-0.0010538221744917499
0.0034104651415899087
-0.003983893754730035
3.3859773472112644E-4
-5.461657626217569E-4
-0.0022003653005638535
0.0022813448542765235
0.001594911858769008
0.003849995888894178
-0.0010763923124518574
9.09941312828009E-5
0.0
0.0023556309783658897
-0.003019194246575675
0.0014073305816713004
-0.0030532652027641036
-0.0034255924183101997
0.0016999844133414018
0.0018271101549008602
-0.001272327362253525
2.067426138235417E-5
0.004260498413185338
0.0014642609729103536
-0.0015884198116572427
0.008230078112622746
-0.002641929959105717
-0.0033827563172762892
0.004490846560343237
0.0024683590664932196
-0.003540745463584363
-0.004000889416838146
1.062282432725253E-4
7.722316997068538E-4
-0.003981372178695057
0.0037246779611828794
7.781677657313688E-5
0.0
-5.721537749350841E-4
0.0
0.002259934815504758
-1.37281265903053E-4
0.0030771927231738744
0.002033362667467516
-9.279499618171588E-4
-0.00404564980000674
0.0016403725967134995
0.004133903512041873
-0.0069080809808200055
9.436079592578515E-4
7.384183384288794E-4
-5.156197453593033E-4
-0.002788849941672877
-8.267445307764769E-4
0.0011263962022531476
5.341822240783013E-4
-0.002083539149024107
0.005400732669834085
-0.0034197584319961135
-0.008492151383331491
0.002614199396637388
7.975985084753411E-4
-8.752983377415638E-4
0.003467464545855169
0.001168131803607309
-0.002572444632437494
-5.926240139671148E-4
-1.272477601932441E-4
0.0017648919889243784
-0.0021038392836000004
2.87964986179261E-4
-0.0015210121336034343
0.004006478895590433
0.0038435230733205724
-8.07088155863004E-4
-0.0014775743969506878
0.0
4.2060391261322704E-4
-0.001063863141169188
-0.0012669295533979854
0.0013652556878452078
-0.0010617363359514778
3.610919345830542E-4
0.00134756248420191
1.2809553687379233E-4
-9.984232407365574E-4
-0.001044610745089509
-7.86893836834292E-4
0.0012338529850220998
0.018395929313936226
-0.00243135173449268
-0.005532490889665223
0.006904965900096026
-3.4126451559170646E-4
-0.0011029961349966187
0.0011736790296526596
-0.0035210022028552956
-0.0033773796420612867
5.97317416610735E-4
-0.0067146864961825925
-0.00182437070845781
0.0
-0.0010634563375903822
0.0015134730724269713
0.0057270792603268785
-0.0028416989941930835
2.2949441672483943E-4
0.00233956651917809
-8.645025413479856E-5
-0.0034301010397749772
0.0021458099877733486
-4.383031248728624E-4
-0.0021169401689071247
-9.788023912113582E-4
0.0032476766869515426
5.233235623046152E-4
-4.586487703838883E-4
0.0
-0.0027612217873344558
-0.00147713219700023
-3.01112617602775E-5
0.007440425610986471
-0.004497769729260385
-0.0028151374989660366
-0.0020458596921843156
-1.0778343214000376E-4
-0.0038574437950216122
0.0023685753475466195
-0.0018778340400352404
-0.004158514605077726
0.003981768543947777
0.006229867199080367
-0.001623748198118175
-9.012842058679529E-4
-0.004447414468268401
2.4410559330100955E-4
0.004286547441533776
-0.0023751528444009404
-3.7716115694385856E-4
-0.0012451789195454847
6.848586577724909E-5
4.126300238870719E-4
2.0193777786969543E-4
-3.2454469549790554E-4
-4.924264378510465E-4
-0.0018791401901283242
3.4939890053604017E-4
0.0015740766095457184
-0.0018180590663128588
-0.0012961165925477124
0.002262760653403587
-0.002580018586389571
0.00703010207262688
0.01974548717190073
-3.4052688897607815E-4
-1.3172312106693072E-4
0.0013462659244709554
-0.003137964098322434
-0.002905434010016355
-4.2885711338157826E-4
-6.04532982251717E-4
-0.0012553167669366403
-0.0010532767255512188
-0.004163379971290994
-7.812673252197999E-4
0.0018511023150334833
0.002949735213633291
0.0010116326880060145
-9.713283971186277E-4
-2.8882874106608196E-4
0.0011048872759608214
-0.0026918931683881063
-0.0015906843301262486
-0.0026504923912684117
-0.005698675318945343
0.0034169437891887916
0.0023195317566497738
0.0019470146703940295
0.001628526925567546
-0.0012504143594472162
4.542793203141518E-4
-0.0012363995501768312
-0.0018057004261413235
-0.002210146588709408
-0.002755956284621145
-0.005578671498896511
-0.002522810245848507
9.912697905094779E-4
-0.003283624874243155
-2.2321399028770296E-4
0.00647367053755768
3.959074477926031E-5
0.0018861142559968595
-9.702480261005392E-4
-0.0024773231811795744
0.0012587551835691133
0.0038013968984591104
-0.0015536488446865838
-0.0020907560666536236
-0.002702337597145394
6.219157652128703E-4
0.0
0.0
-3.119013008895924E-4
-0.0018854994975260728
-0.0014083459028841304
-0.0031172175407827517
-0.0024503853380571697
9.666168419344E-4
7.313370964694518E-4
-0.0019947214274458934
-0.0010980165895455676
6.182880286018924E-5
-0.0017438714711572353
0.0035222839736777757
-3.774181789032408E-4
0.015612623189109949
0.0033926146280519784
-0.003974863909228463
0.004442985503192111
0.010017250709922506
0.0
-4.5506468577786633E-4
-4.063939556260259E-4
-8.969912174598716E-4
-0.001862920796464765
-0.0021313038999437412
0.0025759585855966334
-7.259816890232789E-4
0.0
-0.0036302482278944065
-0.0011050931743414613
-6.782013751886519E-4
0.0013406458015840018
-0.0022702880469456397
-0.0012063205501256417
-0.005284053587275398
-0.0023249677240977777
-0.0010747797367395577
7.547034287633268E-4
-0.0026026123001127617
0.002293272113334359
0.0
2.3979168170021282E-4
-0.001955771712505268
2.524355562197074E-4
-4.1215101381239874E-4
0.002619524153521368
0.0021079211764006393
4.928297872499703E-4
0.0010019496033964515
3.3569012106450026E-4
-0.0013776825378846187
0.001285068943691412
-0.003365673309583368
-2.952347206660889E-4
-0.0015209553220510961
-0.0021006705740876435
0.0016035448082419692
-0.0019938964678883264
-0.002762033502980664
0.0
-0.0027156227755954143
0.0034717070390419226
0.002780153432967142
0.0
0.0
-0.003618777511670207
9.359599606830406E-4
-8.918583060566643E-4
3.228741039244412E-4
7.319226481469596E-4
0.002412624248501383
3.940273212961491E-4
-0.0016352411709752662
-7.694600981059306E-4
-0.0022675957289669804
0.004389806418608446
0.0012986961722028637
0.0010651062721967362
0.005753645409575006
0.0
0.00180088294471325
0.0034252072721727
0.0
0.0
-0.0015952947310648462
-0.0036479076217128046
0.0
0.0
-0.0017773082737671784
0.0017308858362279395
0.0
0.0
-0.0017665634150073578
0.00605803796045289
0.0
0.0
0.0032257704397875846
-0.0051575275262506146
0.0
0.0
-0.0028470027019566998
-1.8695455052532343E-4
-0.0015386863756943283
-2.952347206660889E-4
0.004350966026756377
-0.003270733905472117
0.0
0.0
3.6745012130936816E-4
-0.0029753847124317145
0.0
0.0
-0.0020886045468433744
8.123126109214739E-4
0.0
0.0
-0.002163000262677039
0.0
0.0
0.0
0.0027601303280820827
-0.0027077366267794943
0.0
0.0
-3.1518290647046684E-4
-0.006376642538454713
-0.0010195571885510118
0.0017967309292273182
-9.564162751455102E-5
0.0029411526731153853
0.0
0.0
-0.0017409471889449405
-0.0037183786561544156
0.0
0.0
1.9247288826797703E-4
0.0058587714021505885
0.0
0.0
-0.0018620015226509146
0.011825520166405052
0.0
0.0
0.0
0.0017967309292273182
0.0
0.0
0.0
0.0028424072101429095
0.0
0.0
0.0
0.0020211450299589453
0.0
0.0
0.0
0.0
0.0
0.0
0.0
0.0
0.0
0.0
0.0
-0.008346244884643526
0.0
0.0
0.0
-0.007553240828392543
0.0
0.0
0.0
-0.0015386863756943283
0.0
0.0
0.0
-2.952347206660889E-4
0.0
0.0
0.0
0.005526260969339259
0.0
0.0
0.0
0.0016111867061269197
0.0
0.0
0.0
0.0
0.0
0.0
0.0
0.0
0.0
0.0
0.0
-0.003576297722819371
0.0
0.0
0.0
0.00853153087597151
0.0
0.0
0.0
-0.0010195571885510118
0.0
0.0
0.0
0.0
0.0
0.0
0.0
0.0
0.0
0.0
0.0015014962085612305
0.0
0.0
0.0
0.0
0.0
0.0
0.0
0.0
0.0
0.0
0.0
0.0
0.0
0.0
0.0
-0.0035538744279807297
0.0
0.0
0.0
0.0
0.0
0.0
0.0
0.0
0.0
0.0
0.0
0.0
0.0
0.0
0.0
0.004610621783664816
0.0
0.0
0.0
0.0
0.0
0.0
0.0
0.0
0.0
0.0
0.0
0.0
0.0
0.0
0.0
-0.00255824356424534
0.0
0.0
0.0
0.0
0.0
0.0
0.0
0.0
0.0
0.0
0.0
0.0
0.0
0.0
0.0
0.0
0.0
0.0
0.0
0.0
0.0
0.0
0.0
0.0
0.0
0.0
0.0
0.0
0.0
0.0
0.0
0.0
0.0
0.0
0.0
0.0
0.0
0.0
0.0
0.0
0.0
0.0
0.0
0.0
0.0
0.0
-0.01761901879413618
0.002023824476876104
0.006898697226176878
0.008696497091083165
0.0
0.0
0.0
0.0
0.0
0.0
0.0
0.0
0.0
0.0
0.0
0.0
0.0
0.0
0.0
0.0
0.0
0.0
0.0
0.0
0.0
0.0
0.0
0.0
0.0
0.0
0.0
0.0
0.0
0.0
0.0
0.0
0.0
0.0
0.0
0.0
0.0
0.0
0.0
0.0
0.0
0.0
0.0
0.0
0.0
0.0
0.0
0.0
0.0
0.0
0.0
0.0
-0.012726549516347899
-0.001643700963603066
-0.003248768314185213
0.0
0.01070156620026956
-0.013579902805490315
0.005702500411270581
-8.003393291737253E-4
-0.005613847129606478
0.01211238260692533
-0.003808338439978333
0.004208500188836382
0.006669735216064898
0.0029281062282172634
-0.012279928314491283
0.011378583961292285
0.0
0.0
0.0
0.0
0.0
0.0
0.0
0.0
0.0
0.0
0.0
0.0
0.0
0.0
0.0
0.0
0.0
0.0
-0.011061212545909261
-0.0016653369704386371
0.0
-0.0031992816210137426
0.0
0.0015555806574106767
1.4116537947755393E-4
-0.0054430947202770575
0.002489608805369624
-4.364477787553329E-4
0.0
0.0
0.0
0.0
0.006123994311394436
0.0012349391314230146
0.0033426327574521113
0.0
-0.012831515653228494
5.976371435468662E-4
-0.0036497457915873463
0.0023037214957786593
-2.32515821746819E-4
0.006879932987925184
-9.449167549077851E-4
0.0
0.0036122187115250454
-0.0015794020024583583
-0.002312707887011652
-5.204481512287608E-4
-0.00243619573507314
-0.008456584208466608
0.0049975183714789685
2.8141444245430346E-4
0.011452972808543979
-0.006553145779149668
-0.002336713359860805
0.009549268937391817
-0.006945383347200011
0.0019367213254666922
0.0019430891390255604
-7.4276555727057E-4
6.82410702412379E-4
0.0010357658340469944
0.001977723110039479
5.126005423375277E-4
0.008737432693025902
0.0
-0.0020676974769610027
0.0
0.0042619021503199975
0.0014795936592368016
-0.0013150163677601086
-0.0014983732135794281
-0.003680910564359661
6.470746752492022E-4
0.0
-0.009246092425380825
0.006298425133623959
0.0026024364669704385
3.2753238667772305E-4
0.0021501899740201625
0.011722879371909866
-0.003660396674001817
0.0012443141132307267
0.0031184344582084224
-0.00231270668466923
-0.004863607776069107
-0.0016421064730288825
0.0015967758567236238
5.972100843474546E-4
-0.002764227344428491
-3.386091359932141E-4
-0.0022831324978649344
-0.003823232342166554
-0.0015211623654120643
0.0027940179625477687
0.0011664542170465157
0.0162583800863919
-0.003732066247336264
-0.004626695166308847
-0.005016259367111297
-0.002746504084566257
0.002771290026523256
-0.0033544261248796337
-0.004345556414457108
-0.0034643291086803403
-6.2072715753787E-5
8.112783235235629E-4
-0.004586352018297696
0.003809878573381942
0.003914809647486684
-0.0037816657437217266
0.007967175399854828
-0.006307723947626007
-0.0033598195628790845
-0.001952338251442877
9.022374081190317E-4
-0.0036492431963651506
0.002390371228662189
0.0056940028090894995
-4.144965730225171E-4
-0.0020567825796384276
0.0011017365065011378
0.0018612590283198826
0.0025815682343048054
-0.009396905603838138
-0.001802555052868502
1.7482918828047548E-4
5.993257070194377E-4
0.006290691515265906
0.0042408818702471245
-4.8663158976848097E-4
5.481127518168332E-4
-9.833417695862246E-4
0.002754391305014214
2.1727448732699163E-4
7.047627580409406E-5
0.002423135652291253
-0.003837949794913956
-4.257387903755488E-4
0.0018331005427038032
-7.747854966786745E-4
0.0021028772685590356
-4.825269564341006E-4
0.0012967775496826694
0.031065127046511515
-0.003839875983647537
-0.0029137908723514748
0.00365276683542916
-0.0031275246754128763
-0.00320485417549327
-9.32489874713887E-4
7.534681116499954E-4
-0.001089204370154854
0.0019567287322744785
-0.0017133820377020592
-0.004975493218707044
0.0
-0.004080800012733474
-5.86640822578544E-4
0.004219966086345007
-0.007755801404946286
-0.0035972510066111215
0.003086871029373748
-0.0014256143530032002
0.0020294755936243677
0.0024268471139075906
0.003375610654355591
-0.004779488577756996
-7.493156111074704E-4
-1.729841591979133E-4
0.0018726654941604842
-3.5621025347124807E-5
-0.0018140731016710336
0.0017802199519066496
-0.0023359847366417213
-7.229629685458041E-4
0.0026112681108023464
-0.0012771789608934314
-0.003941252972332845
1.0639787074386876E-4
-0.003057494295703723
-4.8080643891160234E-4
0.0017009510254636332
-0.0037251636394434046
-0.003429402325662786
8.752456512667767E-4
0.0046955961261948365
-2.3325002632414637E-4
-0.002357922795407067
-6.147035951717734E-4
-2.7516820974277404E-4
7.92978861167593E-4
-0.009557116077782323
-0.0015996356920575671
-7.95397338403776E-4
0.0017671042389422417
4.818784107219938E-4
0.0019877604758140634
5.845585914526991E-5
1.6587475208382652E-4
-0.0016439258794882121
-3.8758581053012606E-4
-0.0012829934334544326
0.002019159574145188
0.0017228255699027334
7.319771136472595E-4
-0.004689373134794907
0.013264303324848365
0.0013924039178449183
0.008079220509218908
-0.0016337477007899307
0.008525600948311353
-0.0033045578524549066
-8.891652591164535E-4
-0.002185776554747796
-0.003934441976890501
-0.0016822083864558325
-8.763626656891229E-4
-0.0012327156924321595
-7.722834091372307E-4
0.0021417034091194102
-0.0027304917669123217
-0.00213555706315711
0.006825000013062091
1.0343676742474177E-4
-0.002313053318244953
0.0019300277947702056
-0.0033940762107202314
-0.003660427984615514
0.0031760903881402278
0.00594537491540406
-0.004732090343611993
0.0021902684746791276
0.003557482200698515
-9.348603200946826E-4
-6.103626910323519E-4
-0.0014806929628381664
-0.003696546139391378
-6.532926314583645E-4
-0.0017547776197786712
-0.001867132030234493
-0.004707000846977575
0.0025506813469062042
-0.002888396656107457
0.00640491459682984
-0.00554148904898707
0.004359938242742613
-0.0029519593767721704
-2.5715113342053E-4
0.0017475437641648935
0.0023235688317844957
-2.420753133300299E-4
-0.002893266605227064
-0.0014568231197184646
0.001160506054059525
-3.5621025347124807E-5
5.993257070194377E-4
-0.0023803464557636787
-0.0017916494413144218
0.0011234998628832957
1.6571196220627128E-4
-0.001046144847842696
-0.004173812115201404
0.002870938458486492
-5.8382447262655E-4
-0.00196410764394816
-0.0024614471787348974
-0.0028777876084483387
0.002395029075109271
0.004613005524777327
-0.003928135378932619
0.014474386082861182
-0.0015362297782244116
0.001617968948390182
-0.001596968502703115
0.0017432636945919492
0.0012626310929901294
-0.0013443851370235251
7.647030543556086E-4
-0.0020041291220895094
-0.0039550573553438105
0.004948453142973024
0.0013904348415640258
-0.001328518629621182
-8.94504971755664E-4
0.001482397284588247
0.0022740772231537717
5.046584083806048E-4
-8.018280398692627E-4
0.002656949761816245
-0.003153517115553185
9.040361155718928E-4
-0.003239787613542381
-8.840621815275891E-4
0.0011407442039252352
-0.0013176031766612562
2.636335538053651E-4
0.004311323951029653
0.0017507066480336013
-0.0023799396646711456
0.0017232409290539531
-0.004556379717203277
-0.005914414450638847
0.0
0.0048254321524117075
-0.00423429775059226
-0.002778111549037939
0.0018540616293947062
-6.14068785771756E-4
-0.0011954310256446137
0.00284685041589471
0.0014272050507477855
0.0014053832039084395
-0.003100899404551924
0.0011468391850567772
-0.0017567773438905364
-5.600660517154953E-4
-0.003048515851147825
-0.0014872658291223777
5.933387100377475E-4
-5.798566545944228E-4
0.002290952678219505
-2.792489104984336E-4
-0.0012690741969631977
-0.0022925646886965364
-0.0014737793875500569
5.627984273841428E-4
-6.730985238238667E-5
-0.0013723621431162552
-0.003633092817345652
-9.193579948120161E-4
3.683339357853561E-4
0.008922879731253613
0.0040947434710135846
0.0023548721846173327
0.004136492063912946
-0.0019065991927360438
-5.985225507677715E-4
0.005461512541139675
-0.001048873117912249
-2.3453406107747335E-4
-6.024560623268285E-4
0.003558885798694489
-3.903220374565149E-4
-5.84875836298573E-4
1.3610954585645263E-4
-0.004953367262323999
-0.0024057125250265534
0.0019100412820927603
0.001194482522405562
7.00709759078592E-4
-5.729463209815634E-4
-8.878404058910675E-5
9.277116597587471E-5
-0.002572339612728025
-0.0023154375076792875
-9.37828694087878E-4
-7.019423514617775E-4
0.00278593617356542
-0.00604382285976155
7.929560253607316E-4
0.00562092492014458
-4.614273507560138E-4
-6.373574931896013E-4
0.0016495444716993282
-0.0019334452119754788
-8.23982036452162E-4
-8.539543236570587E-4
-0.0013219121556284049
9.326307345781059E-4
-0.003269121319695962
0.0
0.005361338684993476
-0.0030145101226383957
-0.002177447530536856
0.002356403840286877
0.0012205150422044092
-0.0018811824650116279
0.0033092621468837676
7.200279557658391E-4
-0.003383602680151831
-0.002692128882484976
2.8557471776665864E-4
6.93255142472641E-4
0.0017812437490813484
-0.001866681310730162
0.0017738195708438694
0.007503167627641351
-0.002889403444172515
-8.609314243096932E-4
6.425025529533745E-4
0.0010800775027795637
0.0013350859924132134
-0.002011016064307658
-0.0035790921736855046
0.0014822913735898272
0.0
0.004277525326726745
-0.004480552770974678
0.005437516626579232
1.2710231175313197E-4
0.0013229051023481322
-5.070204463516088E-4
-0.002479038607621862
-0.0018829636511566456
-5.1002123144041605E-5
8.589590191550951E-4
-3.6479520579836094E-4
0.0028702918047107807
-0.0017671751868295798
9.978148445300276E-4
-7.070602828516704E-4
-0.001048873117912249
0.004932638047349543
2.5509207261252033E-4
0.0
0.0031893960600573273
-0.0018350946945391504
-0.0010869275867964698
0.001032198706933902
-0.0033431411642835702
-1.3840604764426027E-5
-0.003023700918490071
0.0012008427268013714
0.0029095877337564358
-0.002050418590247139
0.003448347772385206
5.023600787819249E-4
0.003717455469369908
-0.0035262936769907436
-0.0027103525948443874
-4.7847275168640233E-4
-0.0017149147902551568
-0.003159119911210151
3.611050299562775E-4
0.007276610895188811
0.0024353527976267914
4.5706855439342855E-4
1.3739305387611622E-4
-0.0011649784692145896
-0.0018139131833920233
-0.00479447056418433
-4.3895638805807147E-5
9.676547465004095E-4
8.335431419499301E-4
0.0013174429540645967
8.017722201090446E-4
-0.003793509004984059
-0.001408245715297342
-3.2581249315515796E-4
9.826628922259746E-4
9.273783898667857E-4
0.0021439208873718753
0.001998486063496825
2.0828816569717825E-4
-0.003504261361894025
-0.003552450390108342
0.001652805417783238
-0.00307043075282128
6.518253945647942E-4
0.0
0.0027858540532079926
3.684320039029545E-4
0.001549585067302304
-1.9738135624869753E-4
0.0016146705308133233
-5.128427327018353E-4
-7.111085756048297E-4
1.6098612224158915E-4
-0.0025523519342042418
-8.104690712126782E-4
-7.95287113381004E-4
0.001412953487859198
0.002516319259235556
-0.003711060253647179
-4.683926044134001E-4
0.0021417034091194102
0.003724902229452628
-3.683464407118645E-5
9.273783898667857E-4
-6.309913142520545E-4
-0.0020895555822031723
0.0010663791397287387
0.0010073366262849392
0.0019242786632035775
-0.0020948381863763886
0.003486713490946771
-9.254420777921729E-4
-0.0010343574684823786
-0.0010557788133766061
8.873985149560175E-4
-6.163229128587136E-4
-0.001174787578063024
-0.0015070234143834118
-0.0023069749097671113
0.001155593592107944
7.129527894862811E-5
-0.003817601608865816
0.0020060805039437105
0.0021537417909403295
1.3185855431787824E-4
-0.003845856846655653
-4.124624263574994E-4
-0.002832798204782537
0.0055928262249875385
4.6669977730026506E-4
-0.004650705271400335
-7.698450559932488E-5
-0.0013064682777070252
-0.0010010779932897642
0.002810041818127409
9.122843898648381E-4
-4.1055707359688155E-4
0.003988877418960553
-7.619485195608231E-5
0.0
4.666636511575105E-4
0.004039126426007639
-3.4138366845885403E-4
0.0013452349689250945
-0.0020317909610273214
-0.0027987157547393103
0.005266377497394158
-0.0017209270798473955
-0.0012835668931544487
-3.930662131300125E-4
-0.0010457635830836967
0.0
9.700891914326865E-5
-0.0012973519943289375
-4.517052044806787E-4
4.844138145173416E-4
3.5728613865062793E-4
-0.0014049609879522589
5.044845189789046E-4
2.3958108902761514E-4
0.003396726018927004
-2.751739875431838E-4
-0.0012871249316340207
6.489949592647315E-4
0.0
4.7173894826672976E-4
0.003193334750339448
-0.0012151038569857392
0.0
0.0012989702818383816
6.16690619235532E-4
7.68126089846641E-4
-0.0026722885192868584
9.348991886387002E-4
-0.001979924642936995
-7.36606567643489E-4
6.715276742263306E-4
7.790088094902922E-5
6.816430736010162E-5
0.001104805462382289
-0.0018000203417413217
-0.0015433753473394155
-1.8549395500939064E-4
3.205972170595055E-4
-1.5900993555919402E-4
0.0017671361316162783
-5.524079384524097E-4
0.0028839130257323634
-0.00426975729412739
1.5213780820227864E-4
-6.444433626600721E-4
0.0038905873170050876
-0.0015187992863869041
-0.0017876709047268849
0.0024611947212537077
-0.0013627140428372573
0.0
-0.0012638914767072295
-0.0012494498226844905
-3.692858033271133E-4
0.004797238534534891
-0.0013546161788614115
-0.0036290603470234667
-0.0014366813484550998
0.0019634357910081317
0.0011796707061384327
0.0010195689788476798
-0.0033389408673448035
4.899898807478563E-4
7.541560970532552E-5
-0.0012963453049927099
1.514084957449411E-4
0.003425805551984216
-0.0016303553042245056
8.925787619994013E-4
3.072273620804568E-4
0.005219463379139824
-2.755958867004264E-4
0.0022391509717868594
-0.0024477809461072916
-5.893357437764079E-4
0.002099411427022078
-0.0022540997210865944
0.0011581622781052351
-0.0014580742495385252
7.255113859412545E-5
-1.1011043037247384E-4
-0.0025208493294041493
0.0021015463199050392
-0.0010934024227398018
7.68126089846641E-4
9.235015946293676E-4
-6.212972553148151E-4
-0.001973405449650862
-0.002227580023116361
2.0095884432654986E-4
-4.742571804013125E-4
9.612812085348819E-4
0.003675260283923853
-0.0033005375970302712
-1.4187219627384345E-5
-0.0014081221233781555
2.1041520838789704E-4
1.1157962684715944E-4
-4.945423034708341E-5
0.0010264448242879528
-0.0010237075294643274
1.013379065678676E-4
0.0025660778663932583
-0.001741295100329122
-5.45468806631932E-4
0.0027601303280820827
0.002494904870499283
-0.0016722073370157528
-5.98754329417578E-4
-0.002133471605681665
-0.004457400322311393
0.0013680003523110966
-0.0016591423528426385
0.004694431114830014
-0.0013569608784127106
8.616151308469579E-4
-0.003282014559634036
0.004319855181754493
0.0
-9.695818853590549E-5
0.0013082830470399064
4.1446035173889307E-4
-0.002308860381287392
0.0012794105765406173
-0.0017819436538069715
-0.0011544897214506749
0.002821723012058954
-0.00326579601208519
0.0036045990998153053
-5.095563651441005E-4
-7.761385418785442E-4
-0.0014170514522666865
0.0010908103100997718
1.4581460287256846E-4
0.0014153557016668619
1.6415176029745343E-4
0.002455238526237756
0.0031294980020161968
-6.949408124299507E-4
-0.0033876061283930835
0.0020504530504217655
-0.002055160734815047
-5.4079390275881553E-5
7.282486792265558E-4
-0.0012132468293757552
0.0013134627295035533
0.003041784415651655
-4.5846171121989424E-4
-0.003513600129038844
0.001858046002647317
6.277522448520337E-4
-0.0023296362960381223
-5.444894898183638E-4
0.001368825106038622
-0.00451093232548327
0.0037585664664891104
0.002072742796814849
0.0013475189372611357
0.005198436536252939
-3.681150067763746E-4
-0.0025131509868387266
-0.0032767079630251286
-0.0015439732472633666
-0.005278773246402371
0.0029743310246517726
-0.0015819211770434108
-5.347785872523941E-4
2.8829032167816985E-4
-0.0015806697259218726
-0.0012807807879222524
-3.065717448571822E-4
-6.621207748488175E-5
-0.003400996342093477
5.40413519877418E-4
-0.003952026297959825
-3.841000937477722E-4
0.004572785347948399
0.0018091025687472866
6.957127163597534E-4
8.64695146209493E-4
0.0010131926355683902
-7.97995451008714E-4
1.78186721779361E-5
-8.504528617002785E-4
1.2930944519627595E-4
6.223174135927682E-4
0.0010621351973819238
2.8325133193791903E-4
-8.39149875394019E-4
-0.0011286305737974048
5.63386205407354E-4
-4.695169088138948E-4
-0.002040771356642784
-4.998836291026256E-4
0.0
0.002781378838717275
0.0017758223323917205
9.333081147153005E-4
0.002505396132172439
-8.987674834987427E-5
5.857380457015646E-4
-0.0014751093980796917
-0.0012171344896706917
-4.798675470627992E-4
0.0017219763055095903
-0.0027526213445388773
-2.0448410900144622E-4
-0.0011517149816583695
0.0011608458636542154
6.54741982699396E-4
0.0025332595241633104
-6.826961134410013E-4
0.003898015685269003
-0.0019087193622659782
0.0017996413102849792
-0.005203689807109742
-0.0028044827687618316
0.0017582215801981139
3.6714511471814127E-4
0.00462742496761054
-0.002695522045898212
-0.0017110484438814058
-0.0016568447275563264
0.0039059444577723814
-9.140772299651764E-4
-0.0014519728705017594
-0.0024654074701251478
0.001198066555359931
-0.003007298155712726
0.002978780219004045
7.777949512724218E-4
-0.0021076299225100013
0.0023322198088706367
7.533322157915298E-4
0.0011599027613527668
-0.003239908164645713
-0.0018047954277329132
0.003391317500914373
-6.445954643364562E-4
0.0015621252186685058
-7.872909238888341E-4
-0.0013246226553520815
-0.0018820125894149751
-0.0015425477190322114
0.005223792985039752
-0.0024532589704694793
1.1456133903766878E-4
0.0
-6.811677823717094E-4
0.0027601303280820827
0.003420499434552687
-0.0023127101413357182
0.0015070240991288048
-0.00470597436504127
0.0012733480143496704
8.426517528175683E-4
-0.00198564459698837
0.0021193906933941707
-1.2797657365705992E-4
3.1493544486147754E-4
-0.0019352208956897148
0.00215969951379579
0.0031182340727837032
8.926280566739792E-4
2.0559187376037935E-4
9.809397295494461E-4
-0.0015917752804519235
-0.0014557509747370962
-0.002814881689755696
-0.0015387885330249015
-0.002098053996422901
-9.241783401408401E-4
0.00238364948464928
7.089015535312196E-5
-0.001078048472625622
0.0012128289335837364
0.0020186492133787383
0.00164314505165518
0.003277921123676219
-7.62313438496592E-5
6.026354848621589E-4
-7.391244373581587E-5
5.081276962117518E-4
0.0012651650876444255
-0.001290460345081003
-0.0018878933242088625
-0.0018058488326374604
4.45729035514421E-4
6.866605894135906E-5
2.013666918895078E-5
3.9905997618355695E-4
-0.003726168799200647
3.043268065896079E-4
-0.0027555446361196972
-0.0027855210034891387
-8.761291472662104E-4
7.988065106313523E-4
0.0016302673535794386
0.007707344101133239
-0.0015345145063866987
0.0010295103400948381
-0.0020433334872412942
-0.0012420808576755935
-0.003235219920445952
0.0034128763167865137
-0.0014617424258531317
-0.0013671573445876487
-0.0018369144574286217
0.0011558641359589582
0.002045744816297038
0.0
0.0030142596579638453
-0.00332657480374171
-0.001629821963256008
-0.005192240451616743
0.005143104455782083
-0.002260982527440883
0.0015978766910237385
0.0015660173870952344
0.0016763888890144836
-0.0016805922768853812
0.0026174756196819765
0.0020127782098967187
-0.003793017517029251
8.923498036049323E-4
0.0016643909035919772
