9.514764082599634E-4
5.285176740149949E-4
-6.424994468949832E-4
-8.37494635379975E-4
-0.0010857789330010923
-4.1821569962847516E-4
7.544202664522612E-4
7.495743661773142E-4
1.7899746238636354E-5
-0.001552481129982816
7.239867074259542E-4
8.105946763182267E-4
0.0027942493801134836
-0.0022907067041245946
-0.0024313451308221796
0.0019278024548332955
5.358558961012504E-4
-0.004401615775193711
-6.379363567610667E-4
0.004503696235853528
-9.728691958138623E-4
-6.9726358524563E-4
-0.0017942616518490926
0.003464394432908581
2.0728400142706253E-4
-0.003283360370416388
-7.33005358429008E-4
0.0038090817274183332
0.0018687381362058803
-0.0032967232005469476
-0.0017545817679219175
0.0031825668322629846
0.004893536211348195
-0.0058167050417397255
-0.0019238575064988806
0.0028470263368904113
0.008712329342674576
-0.005810788718162105
-0.002330616873631749
-5.70923750880719E-4
0.010917859014902888
-0.011535591517338557
-0.006794261433597526
0.007411993936033195
0.0043030827519116325
-0.007909105247372192
-0.0050777841787697856
0.008683806674230342
0.003945828091571464
-0.0069844966056591285
-0.010672875964813158
0.013711544478900823
0.004202632287138823
-0.012734445349943885
0.006653751061514564
0.001878062001290505
-0.002048157911540996
-0.001038888922795786
0.005484675671297277
-0.0023976288369605076
-0.015762346561324726
0.00274513476363616
0.004618330649211166
0.008398881148477404
-0.0022573402357733306
0.0014246567746000636
-0.010937437466784905
0.011770120927958174
0.013057725121715522
-0.010172388265396822
-0.006657469120846211
0.003772132264527512
0.008045625963540476
-0.004823732525043932
-0.006826745666240639
0.003604852227744103
0.003702360058696477
-0.008112639726825853
-0.006747990321493308
0.011158269989622683
5.411722229678376E-4
-0.005469166875343782
-0.0030429419112221194
0.00797093656359806
0.0039017631641651545
-0.004085248062867123
-0.0018193027806084382
0.002002787679310404
0.002234357706473346
-0.004078435358435925
-0.002198272066383275
0.004042349718345857
0.0036527729586511674
-0.0034940432360297947
3.1328952704426046E-5
-1.900586753258006E-4
0.0039175951654634444
-0.004969021910455378
0.0012869561579875004
-2.3552941299556976E-4
0.004029424913702363
-0.004443924259113745
-0.002238917343390221
0.0026534166888016082
0.002439492190413855
-0.003918891402615146
-0.002067727932365338
0.00354712714456664
0.0025673389056088598
-0.004029915247076949
9.213462358731626E-4
5.412301055949251E-4
0.004658376680888124
-0.0064222917850343605
5.106653167432735E-4
0.0012532497874029628
7.811115606362682E-4
-0.003964961090484403
0.0013173382213827174
0.0018665113084654138
-0.0013721071589916011
-0.00324945897369301
0.003612194926366351
-0.002371600264616216
-9.928555806636105E-4
0.001015786398468972
9.358219285816333E-4
3.252174260747415E-4
0.0022386927295102773
9.932484144698868E-4
0.0030620464930922442
-8.88639679346519E-4
0.0010668333283983169
0.0033357742191932557
-0.004013940818332246
-0.0027455369802525114
-0.0016277501896458876
6.999008054553787E-4
-0.0021401287913624177
0.001720109007625142
2.681242905402032E-4
0.0015445898725874802
6.127963346199071E-4
0.0033932924145814733
3.732945056843424E-5
7.776742982478616E-4
-0.0023231883454098755
-0.0049427401987819745
3.851810200314362E-4
0.001205798944531181
2.0867956144301255E-5
8.966608042823487E-4
5.506791293190684E-4
-2.1321261470204876E-4
0.002341493044955314
9.233185635034397E-4
-0.002123733970704712
-0.004488867106230694
-6.396304790904233E-4
-0.0035130921103402385
0.00206645040513302
-5.773856272572426E-4
-0.002002854218628543
0.006185552416275106
0.0
4.793300238730259E-4
2.5059253781328376E-4
1.1886055918666683E-4
-6.797476661223302E-4
1.1514665069577844E-5
8.618998128875721E-4
-1.5288322904942326E-4
0.0025528371128432613
0.0014501275910619473
-9.777545441979189E-4
2.1912472223950682E-4
-0.0011013569558521094
-0.005352684890095856
0.0012487462237224937
0.0013335297508050496
-0.0012506761981251244
8.153828490374706E-4
-1.2497535373572272E-4
3.0942147413163027E-4
-0.0019907835931855396
-5.78176300430191E-4
-5.599659918250203E-4
0.0
3.4540654297662626E-4
-7.04919736222496E-4
-7.004946707962024E-4
-0.0016912482538280313
4.3034100246495054E-4
0.0036925632306305974
-0.0016234709910208092
0.0021760257507720798
0.0
-8.907214349078959E-4
3.94299530874432E-4
6.153659814964066E-4
0.0011092496036059006
5.914161451437479E-4
-0.0019478952907534056
-4.8398605981100646E-5
8.617521583990245E-4
0.0010048918365037581
-0.002175736431900756
-1.6927080711432113E-4
7.06157871552478E-4
9.199871284495979E-4
-0.0013720737679816268
-3.228379921072508E-4
-0.0011315664326899378
7.092606010364615E-4
-2.155600785194809E-5
8.684042920609081E-4
0.005945105857383072
-3.762554287299912E-4
-0.004198297474959076
0.0018705626756656166
-0.00149846057702758
-0.003014176012957748
0.001265899079871361
-9.124102945213845E-4
-4.079445197513184E-4
-0.0030513233421974864
0.005808542426849842
-0.0023645244121247157
0.0012237657697720407
0.0028475068652151444
0.0010854149574669794
-0.003468985303502503
-5.956681695074272E-4
0.0
-0.002146229650001412
0.002943235969813468
0.0014326339171345617
-0.00118444860770191
0.0033128263231628325
0.00227527440403945
-0.0031597693503542645
-6.716745266171476E-4
0.0013804072417917443
-0.001416419042930716
-4.759707006591029E-4
-0.001584637121339037
-9.330144137491162E-4
0.00157302809309539
0.005766365843951684
-7.636128693067614E-4
0.0010209432345757111
-0.0015557925109246275
0.0010052546616547487
-7.096683478624388E-4
-0.0037581661608751963
0.003099564263066452
-0.0010043911066981073
-0.00252972551405237
-0.0023078610718747514
-0.0030104107149136854
-0.0014203911087650287
4.176268106685941E-4
0.002171640948980572
0.0035965233886138463
3.040187465987302E-4
-1.1079226607236227E-4
8.48271535144903E-4
9.983402581136003E-5
-0.0034583170014481847
3.742223738294624E-4
0.003435972990751171
-0.004250530883510845
-8.159083142877566E-4
5.259679873301131E-4
-9.561985875057243E-4
0.002948633214800602
0.0018696694083941692
7.173494183971592E-4
0.0012531943724655027
-0.004337868150681117
-0.0021744406926273102
0.0015214573525971376
-0.002644510512712944
8.662788566549625E-4
0.002062310824579502
-0.0016375835732905122
0.0016071727895575656
-0.0011423475505809937
-0.0017993307518987046
-3.136421670302718E-4
0.003900719088068094
0.0024056587405000317
0.0013088403062105662
-5.265945423156299E-4
-0.0022701457446133093
-4.3985571567223015E-4
-0.0033855620754028653
-4.668030471336902E-4
0.0034685937589595556
0.0
5.237815986952965E-4
5.346813636783029E-4
-0.001016809653854458
0.0010397556014855314
4.3852891447530287E-4
-9.492264146890549E-4
1.0809971969470938E-4
9.277418472593902E-4
0.0013154266426692058
-4.8527233994138984E-4
-0.005498853063522468
0.004256511823944854
-0.0021766522197467567
0.00213745957066936
3.056328938520457E-4
2.4394157774558994E-4
-3.20474715184424E-4
0.004802394656374416
-0.0017404586678941732
-0.0025612121032114964
3.1117504061261994E-4
-0.0012196065758794399
9.218970234156319E-4
0.002679832527818414
8.786783926992194E-5
5.069464028650372E-4
-0.003223787730898757
0.002039293860305493
4.347116599966218E-4
0.0015181584464151851
-0.002019891484008605
2.0005146107815984E-4
0.0013272936022509976
-0.0010801180422246913
5.044642290279223E-4
-0.002189987972699415
7.479148098463074E-4
0.0027438811609632376
0.0024603183468650796
-0.005683944352095543
9.585963369779326E-4
-5.252330231775882E-4
-0.004401987728846875
0.002715065845506676
-0.0011126493642740942
0.001729501524222916
-0.0030731433287825016
-7.248100895755855E-4
-0.002388068445930893
-0.0035174520184649617
0.0010278401140833184
0.0016110542418709527
-2.508336678911456E-4
-9.719041041193401E-4
0.002938129158634686
-9.706322382418733E-4
7.104998460560459E-4
-9.230170578840019E-4
0.0013723331968361115
0.0021118071026381816
-0.002560468043262985
0.002292345772277738
0.0020818778716376243
0.0012597896478565352
0.0031693362372505187
-0.0028847269772597985
-0.0018040807784393154
0.001642580865257329
-0.0016214823589681656
-0.0036451914319299487
-1.2443542101642268E-4
0.0010469457252248343
0.0017103642471836325
-0.0016607018880937488
0.0029810306536851403
4.461833343032996E-5
-3.4889574529766316E-5
-0.003007999001943064
-0.0026364511247709242
2.6428173395654024E-4
0.0026847271108796067
0.002111917930538727
0.0012258546916548282
0.0016549655805120364
3.8619693426718846E-4
-0.0013929877347043198
-0.0011201552233065229
-5.785780235577822E-4
4.681357491576067E-4
8.555453729457759E-4
-3.447085249986833E-4
0.0
0.002379277707687334
0.002031700768154347
-0.001258505967417728
-0.0013643858300377539
-0.002106701485710621
0.0016518375884788483
-0.0024065341696344385
1.814956852911752E-4
-0.0014028836876722615
-0.00163416566787599
0.002731792952131804
-0.0017069786998058002
-7.610606953298467E-5
0.0019452355980427774
-0.002485323184529868
-8.813713127625554E-4
-0.002105874916811127
5.119810173083575E-4
-5.318267710130995E-4
0.0013124944941154853
-9.523923355381139E-4
-0.0042258785423957765
-7.382275312781664E-4
0.002823677458246567
3.94205070978717E-4
0.0029317246059953205
3.8567848277860006E-4
0.0024843009481463375
-0.0016730272229271651
-0.00230676957186289
-0.003123804556691481
0.004175803014187368
0.0031488890662708345
1.0671989889307143E-4
2.1171930432362692E-4
0.0
-0.0015328463184657356
0.0024897234070666
7.238586475518229E-4
-0.00428274130244299
-0.0023965588380331013
-0.0032399200132643045
0.002548597993423638
-1.8453075135061266E-4
0.0030271328114066546
-0.002112026025793875
0.006085029623347581
-8.935126707968036E-5
0.003908348551489758
-2.1342160294280277E-4
-0.002689188207572533
0.0023816635416428525
5.001076983598895E-4
-8.236919038272014E-4
0.0010416905711310084
-0.0010757036832509846
-0.004971957979111411
6.576738910521635E-4
-1.2764348927660554E-4
2.268630184577272E-4
0.0017897307012158753
-5.418031168542678E-4
3.231787335406795E-4
-0.0013587159198680154
-7.671691860746322E-4
-0.0024522876570965382
-8.538791225261187E-4
0.0021661229368624252
-0.002341853569654442
0.002917562691880651
0.00300271141569137
-0.0015508201542291785
-0.0011154880290847706
0.0027077153467796444
0.0020134283343127635
-0.00480070401371359
3.3462384860419054E-4
5.684602993465408E-4
-0.001975160011551131
0.0014494732852071866
-7.090633912896008E-4
-4.407982438783669E-4
-0.0016441017211324895
-2.2507716415899834E-4
-0.0010449000853286767
-7.444629589446398E-4
-0.0017737094021969193
2.2772363662094112E-4
0.00259411796925704
-9.862079510553866E-4
0.00120320279828132
0.0017348013885445444
0.0026662954411918807
2.360146486256477E-4
-0.0035345775693969104
6.464809530115244E-4
2.9687085764701316E-4
-2.2320115532292734E-4
0.0016724655657800258
0.0
0.002053268722250566
4.7957852605514105E-5
-0.0024697240784987543
-0.0012495171230255358
0.0011521093964518992
-0.0033815547637242125
0.0015288439913691333
8.317947330307284E-4
-0.002476302809718698
-6.246785771907706E-4
0.0025278804241232436
0.0037781813971313576
0.003569312793708188
-2.1523853831855724E-4
0.001645862713542144
-0.0022709501371592357
-0.0012599249576917392
8.944817322967934E-4
-0.0021710968132227196
-7.931686206229698E-4
6.777692378674648E-4
-0.003340513689994377
-3.3034536296367036E-4
-5.216136703605343E-4
0.002626222601633324
-2.409432352217077E-4
0.0020011643486780336
-6.373440074337078E-5
-0.0027444809479929967
0.0010368124003998509
-9.236090898106506E-4
0.0017979004030311335
0.0024269594586476843
0.0021881093080809706
3.1945648461081876E-5
-0.0032496487334754114
-0.0026774275368476354
8.350722976115632E-4
4.5253864942280524E-4
0.0011907850959399719
0.0
-3.321699299439469E-5
-0.0026320263623428783
-9.830739685474847E-4
-4.552010374694632E-4
-0.0031784154760773225
-4.90970858458599E-4
0.0017833687295181417
-0.0012774325848316653
-5.269276799960716E-4
-1.105024570716897E-4
9.124892449516362E-4
0.0023238611526820233
-0.0010488794050668717
0.003875841383041918
-5.329914959704537E-4
3.3810548763172103E-4
-0.002159870027259956
0.0013466718998726452
-0.0015321522339249995
0.0011348506197572303
0.003370729983689485
-5.661659197938301E-4
-0.0016250675023596365
0.0010572908924310173
-8.655674965200521E-4
-8.817029356919386E-4
3.279727937081234E-4
-8.484171999964482E-4
2.689646848423438E-4
-0.0026111311516278483
5.31905243497835E-4
2.0482318194899684E-6
-0.0028013029072114226
-5.603311985336776E-4
0.007875005589407664
-0.0033129875675232596
0.0016488359167560196
0.002290899985418147
8.777330933520535E-4
0.0023889797607759937
-0.0025633775887217445
-0.003194348112599143
0.00438263431023835
0.0012152324604103911
-0.0026468209519848146
3.1716945338905E-4
7.795358836644379E-4
0.0010440463450500565
-8.423443907496565E-4
-0.0013031559498818501
7.867054886118529E-4
0.0024872707901467984
-0.001052211176492881
-2.081587848850408E-4
-2.800080202135806E-4
0.0012505435831809443
2.5640825952247736E-4
0.0010211878565741057
-8.380438354158861E-4
4.7766124323909975E-6
0.0016035330822244602
-0.0015362767011433943
-0.0032033895510387234
0.0017471614127542846
2.409169905278412E-4
-0.003189686637840109
-0.001600747080880639
0.0035021802518460277
-0.00261236259833159
-0.001672176522704577
2.58144522895541E-4
-0.001381118800897554
2.0782868508558913E-4
-0.0011266025779227097
-9.854634188726664E-4
-8.931735686729481E-4
0.004187627137126304
5.690115783406001E-4
-0.002476561628920754
-5.401451547484201E-4
-0.0017516248066127653
0.0013892213493628242
0.0015706337851051804
0.002541923884585415
-6.455916703638029E-4
0.0010700441068629228
0.0
-6.173035008726808E-4
-0.0032738061586658454
5.861749791605379E-4
-0.001930398482309492
-0.0024260535313276625
-5.356482678523397E-4
0.003117180486854125
0.0
0.0017009963655347936
0.0019678488203706407
-4.6110138261723407E-4
0.0020883011829036084
0.005760408083915736
-0.002083723816440099
-0.005487573742840483
0.007029276834419824
0.003063178479881413
1.3570367646021254E-4
-0.00578608085671109
-7.413082806279033E-5
0.0011549168466587372
-0.0020359139045582966
0.003684187571933958
-0.0013225817293429452
0.0
-8.853198802707758E-4
2.58144522895541E-4
0.0014830449534092487
0.001971192707587177
-4.5557602008881393E-4
0.002787916018352448
-0.002662431663664108
-0.003976611163206859
0.0019634472998707056
0.0021331463635355903
-0.005492929302978962
0.0
4.8041269312905214E-4
-0.0028171372480605
-3.7686329985576187E-4
-7.911959468180175E-4
0.00253889206618556
0.0017168449342355985
-0.0028358124799628356
0.003453758122641779
-0.0030083780504986312
-0.005417532946765697
0.0028729348474647214
0.0024724017806605244
-0.0031908499966865718
0.003646529533608801
-3.193903180691417E-4
0.0011796629153061238
-6.767690831389841E-4
2.566018896071954E-4
0.001707589095666044
-0.002759137314204714
-7.996699478376723E-4
-0.001064011100268935
-2.7759693398371834E-4
0.004972997329493038
-0.0012399236055491256
2.189852446468027E-4
0.0
-0.0038781863814362034
-3.884009772651464E-4
9.882065711460026E-4
0.0028931774010914077
-0.0035211953555272808
-9.599653241089054E-5
8.785645532186501E-4
-8.260952862568472E-4
0.0018156689099514357
-0.0017935254382390891
-0.0027910527421314037
0.00561380264615906
0.0186851285695103
-0.001131867453927262
-0.005744790817271446
0.004349885945326141
-0.0018972926581348685
-0.0026158763630274627
7.723838459694748E-4
-0.0030468163173838136
-0.003986995150249576
0.0015978636200926868
-0.003565866639551097
-0.0019432072568989428
0.0
-0.0027112856948261045
0.0023889316772120746
0.007562134035834471
-4.92012374021948E-4
-0.0012181811060888409
1.7058996638417154E-4
-7.796137703745083E-4
-0.0025937074974937283
5.629906187422733E-4
-5.021310531771537E-4
0.0010527479343078096
-0.0017533118701569517
0.002406412433269899
0.002368820962371057
-0.0020401199139047014
-1.9474466787449155E-5
-1.2896319531614103E-4
-0.004718690590342939
0.0018738552044270432
0.007422840163740632
-0.003291329935431341
-0.004234179013094591
-0.0010839468087771196
-0.0014867515942518503
-0.001060987314627522
0.0019401862338374314
-0.0017207141519371804
-0.005153327090417497
0.0041258877943070585
0.0053648879263336465
-0.0023352318635239053
-0.0031943437754640876
-0.0040327570852081935
-6.682508142487573E-4
0.007077400455131528
-1.2476211747590568E-4
-0.0024424512980173985
8.325490644220084E-4
0.0
-8.542009570533286E-4
-3.7255238702672535E-4
3.949601734023852E-4
-1.0783002948430871E-4
-2.1098848786743775E-4
-5.805307417612038E-4
0.0011583907713385317
-0.0022469459269790905
-3.771794196466907E-5
0.0029845228614740838
-0.0010355758723545891
0.0020722091384669287
0.017829998173766005
-5.523420004547087E-4
0.0023169127894745543
0.005896625278967225
-0.0024645741698458698
-0.00476324576771297
-6.015801737300412E-6
-8.499940541687024E-4
-2.236492326563148E-4
-0.001614014278121964
-0.006308168952871055
-8.299983359105233E-4
0.001010184297785394
0.003527295762998205
0.0
-0.0020511546946090867
-0.0029379707797130192
0.0013306537367427018
-0.002937958647587644
-0.002286677016375813
-0.005461094802917858
-0.001038203960139968
2.904045408977196E-4
0.0027224687762206685
-7.154752856372796E-4
0.0017776653921077064
0.0016966429719485973
-1.5343387838688506E-4
-0.0013863278693446346
-8.663758308535838E-4
0.0013879239547589426
-0.0029578328190582167
-0.0024243572595166146
-0.0013309166285038422
-0.00351894024583058
-0.0038304084648404244
0.00351626990051558
0.004618341131655241
-0.0011811278070466339
5.961498807842578E-4
0.0019237053938157109
-0.001580449650916444
0.0013965879420890625
0.0035863893355038102
-0.0016154110407464702
-0.0032198251530743496
-0.0026585005349147204
-0.0010717682325710998
0.0
-0.002963595211835149
7.55031631238361E-4
-0.001042972603619418
-0.0012016414153992118
-0.001440415613482318
-0.00135383584921243
1.0740976421760515E-4
-0.0019038278185339549
-0.0036966919940743396
-1.0302781804960619E-4
0.0016699620309236904
0.0
0.004827623460006656
-4.4880413797042645E-4
0.014206779511823735
0.0033157727354892522
0.0
0.0033327338492923856
0.005819163549754734
-1.9474466787449155E-5
-0.0013739227878818558
-0.0013209866272957717
-8.018162220859217E-4
-0.0011334261579269166
-0.0014160987222080843
0.001896146451362474
-0.0027315760439327818
0.0
-0.003019956176822
3.4017520839666675E-4
0.0014163481625569028
1.9075098845997408E-4
-1.1946817184667184E-4
-0.002044985026107891
-0.003637338278152772
-0.0036035014938766274
-2.8398829788636195E-4
0.0020282258121448807
-7.642602300619065E-4
0.0013041036751895879
0.0
-0.0031558503869094376
-3.988282053787943E-4
9.442392924061723E-4
-8.296616453131394E-5
-0.0019646492915350376
0.0036794105307140063
0.0015866829578922033
-0.0011005979281189407
0.00218650311938982
-0.003591835092174921
-2.837433243494357E-5
-6.798795177899996E-4
-0.0016510924366623882
-0.00275414424411771
5.35548521867693E-4
0.0
-8.278852014855881E-5
-0.0037707258586021355
-1.4192937321601948E-4
-0.004811288979532722
0.004827739622668428
0.004398397882210403
0.0
0.0
-0.0021062401477493276
1.1468553544361653E-4
-5.349960667690559E-4
9.525433280124435E-4
0.00263452117532772
0.0012166498025058192
-6.990766897487361E-4
-5.089363767505058E-4
8.44796362646508E-4
-0.0013561640142734708
0.0024863126965936895
-2.898855545878721E-4
8.895018966940838E-4
0.005040094726885437
0.0
0.0010010963786174264
0.004092110303224003
0.0
0.0
-3.0824618641871237E-4
-9.118199135469E-4
0.0
0.0
-1.5700219883781985E-4
0.0015250139936628083
0.0
0.0
-0.0031375263414156604
0.0018422020562863183
0.0
0.0
8.949962173187517E-4
-0.005081342577186828
0.0
0.0
5.134491350063324E-4
-5.399804906840906E-4
-0.0013587159198680154
-0.0016510924366623882
0.006067835806376082
-0.0027260754461992534
0.0
0.0
0.0
-0.003103570893759718
0.0
0.0
-7.022623003215625E-4
7.094116497031904E-4
0.0
0.0
-0.00192503509895859
0.0
0.0
0.0
0.002858171719777986
-0.0033558678128270012
0.0
0.0
-0.0013358265558598896
-0.005882554649234803
-0.0010389129170924921
-3.970654748786076E-4
2.0157314549035054E-4
0.0034841149451720977
0.0
0.0
-0.003949264279308254
-0.004254832596165654
0.0
0.0
-8.134181022862964E-4
0.004906185538510439
0.0
0.0
-2.4743026197592466E-4
0.014781681564342675
0.0
0.0
0.0
-3.970654748786076E-4
0.0
0.0
0.0
0.0013954034411049654
0.0
0.0
0.0
0.003204294320912463
0.0
0.0
0.0
0.0
0.0
0.0
0.0
0.0
0.0
0.0
0.0
-0.005669096429679223
0.0
0.0
0.0
-0.005706633000396645
0.0
0.0
0.0
-0.0013587159198680154
0.0
0.0
0.0
-0.0016510924366623882
0.0
0.0
0.0
0.007955587225029955
0.0
0.0
0.0
3.4925627314699254E-4
0.0
0.0
0.0
0.0
0.0
0.0
0.0
0.0
0.0
0.0
0.0
-0.004720783159251475
0.0
0.0
0.0
0.007637758077634472
0.0
0.0
0.0
-0.0010389129170924921
0.0
0.0
0.0
0.0
0.0
0.0
0.0
0.0
0.0
0.0
-0.002048157911540996
0.0
0.0
0.0
0.0
0.0
0.0
0.0
0.0
0.0
0.0
0.0
0.0
0.0
0.0
0.0
-0.001038888922795786
0.0
0.0
0.0
0.0
0.0
0.0
0.0
0.0
0.0
0.0
0.0
0.0
0.0
0.0
0.0
0.005484675671297277
0.0
0.0
0.0
0.0
0.0
0.0
0.0
0.0
0.0
0.0
0.0
0.0
0.0
0.0
0.0
-0.0023976288369605076
0.0
0.0
0.0
0.0
0.0
0.0
0.0
0.0
0.0
0.0
0.0
0.0
0.0
0.0
0.0
0.0
0.0
0.0
0.0
0.0
0.0
0.0
0.0
0.0
0.0
0.0
0.0
0.0
0.0
0.0
0.0
0.0
0.0
0.0
0.0
0.0
0.0
0.0
0.0
0.0
0.0
0.0
0.0
0.0
0.0
0.0
-0.015762346561324726
0.00274513476363616
0.004618330649211166
0.008398881148477404
0.0
0.0
0.0
0.0
0.0
0.0
0.0
0.0
0.0
0.0
0.0
0.0
0.0
0.0
0.0
0.0
0.0
0.0
0.0
0.0
0.0
0.0
0.0
0.0
0.0
0.0
0.0
0.0
0.0
0.0
0.0
0.0
0.0
0.0
0.0
0.0
0.0
0.0
0.0
0.0
0.0
0.0
0.0
0.0
0.0
0.0
0.0
0.0
0.0
0.0
0.0
0.0
-0.006742635427405372
-0.0019973382957347518
-0.002359900274478355
-0.004662472563706248
0.00713396917874922
-0.0077081754867835
0.004426560790448198
-0.00110721971877776
-0.003321044722543316
0.0069065666327719445
-0.003456990788869212
0.004489799527851761
6.723707354261409E-4
0.004223603924346373
-0.009547107193885546
0.013050013682590433
0.0
0.0
0.0
0.0
0.0
0.0
0.0
0.0
0.0
0.0
0.0
0.0
0.0
0.0
0.0
0.0
0.0
0.0
-0.004464285714285715
-0.0022783497131196573
0.0
-0.0019973382957347518
0.0
0.0
0.0
0.0
0.0014686007106149124
-0.0038285009850932672
-0.0044159863525113285
0.0
0.0
-2.4648621119491965E-4
0.006616123254356574
-1.31453111322274E-5
5.383647171199095E-5
4.771547638128799E-4
-0.003340791325583974
-3.522692478605832E-4
-0.0032255483740913603
-7.895665392475818E-4
-0.0011667695376235015
0.0050000282026092125
5.933021254624872E-4
0.0
0.002905441634768306
-0.0021042583359232787
-1.4169607855322552E-4
-0.001766706939069562
-0.0016830302831825782
-0.003694325561001987
0.0017724269904530075
2.8388413118824417E-4
8.303616640959028E-4
-0.004044843350993568
-5.1800866912512546E-5
0.010172849186582116
-0.0052365861995676355
0.0018756934941326364
-9.51949323776087E-4
8.558512403418748E-4
0.002839251540856262
-0.0022053652604687667
0.0011057730675323191
0.0027501401799319473
0.00262603461786006
0.0
-0.0019536638824339194
0.0
0.003352259081406241
2.685113084507193E-4
-6.147745342850823E-4
0.0012176080687744954
-8.052032005765889E-4
-0.0034311876388112062
-2.4768971228302644E-4
-0.005063026642214723
0.010536620227417777
5.261117313369889E-4
0.0
0.0019872817238356637
0.008405288469492286
-0.003989986106312492
-0.0010162276105457754
0.004160052836400036
6.943443192097261E-4
-0.003609838241482273
-0.0014183347079222426
6.263577580605747E-4
0.0015320193599993204
-0.0020413541698343107
-6.103552522733759E-4
-0.0034719960724462723
-0.004236923848810751
-0.0016117492747346634
0.0038542075416140007
4.771547638128799E-4
0.006012900730882243
-1.9499708354081232E-4
-0.0028502480617774353
-0.0021258261656458264
2.2730458656955747E-4
0.0018108841197536042
-0.0032200549074351843
-0.00494407338502616
-5.638413800140927E-4
0.002885604806088322
-2.0379613815205426E-5
-0.006193507587547981
0.0035531131369188596
0.0033923500060917375
-0.004059898996281635
0.007715326569380068
-0.0017525732635039271
-0.005024142787037494
-0.0015303817417096628
0.0010985388544833574
-0.0050266897163074335
0.001532985249834416
0.00849484934299089
-0.0015566108185872305
-0.002964490744682562
-1.933320854235793E-4
4.29501425731945E-5
0.003977136487551233
-0.006181811928768358
-0.002133553107576073
0.0
2.796886493783151E-4
0.006401124013757761
0.005718093729040679
-2.53890692267421E-4
0.0
-0.00180721143411747
-0.001210985618475306
-9.46273145860967E-4
1.8095833339868653E-4
0.004221310988084764
-0.004406753876357085
-5.256463713758196E-4
0.0016751662486272352
-4.682373251694487E-4
0.004253041914921393
-0.0027670615921540002
0.0017064857559051852
0.016701612914568623
-0.002060739773100247
-0.0015632572211463018
0.0059891240303062854
-0.0022810578800788327
-7.220048076499608E-4
5.308800429553969E-5
-5.410575644168643E-4
-0.0020731445357492976
0.0012568831518768532
-3.5763142681161054E-4
-0.004476855295616242
0.0
-0.0032539154739200916
7.835559197426196E-4
0.005603125079415038
0.002424870671063267
-0.00460945873791158
-0.0025283015358566197
-0.001199362641940689
-4.7820672010588693E-4
0.002710209143444649
0.004540155011308602
-0.008249111925016926
0.0013398920657442504
-1.260909151409534E-4
0.002713990820785141
-0.0010176053896159426
-0.0019907482531884967
-1.0569401969693683E-5
-0.0034713993332129304
-2.206511237830084E-4
0.006959712597696847
-0.0015198018441667167
-0.003372262552885488
1.573500227427879E-4
-0.005552845064537016
0.003544779069436625
2.046244959997939E-4
-0.0019523938264260552
-0.004376640451186464
-9.994561728425267E-4
0.004262665529137784
0.0
-0.003888672354648149
7.632045992092724E-4
-0.0014142886221544574
5.265554537775509E-4
-0.005361492410433065
-0.001561544917044096
-9.740189004591709E-4
5.631962621066341E-4
0.0029025963895503992
-0.002385629607777694
1.3281441775187848E-4
0.0032503083391778095
-0.0023840168256426156
-0.0011355458182599042
-0.0027650336629011386
0.0033118432599820243
0.001760499915642911
0.001997041778990211
-0.0029926912650869537
0.009413805308930281
0.004096291248216848
0.00573909651599306
3.8901013741328796E-4
0.010500305871272481
-3.194172361708869E-4
-4.2603960700775457E-4
-0.005366041714903625
-0.0036400467141403732
-0.004588140072233494
-1.410200666658219E-4
-0.003278756172326348
-4.2992389912191475E-4
0.0
-0.00138273409925362
-4.906945421315086E-4
0.007383736314600145
0.0012488676679621794
-0.005187537335307939
0.0033822674276851334
-0.004853111035510711
-9.650207286782311E-4
0.002091820382967786
0.006319384373100416
-0.004298830229936353
6.712736208585436E-4
0.004080013784339983
2.990492044971095E-4
-1.1965468033982123E-4
-0.0017442675052508864
-0.0033284185232704995
-1.443033400032785E-4
-0.0022752656081573702
-0.0023783840500039535
-0.0034960615671672077
2.3431597904035976E-4
-0.0018537801087033239
0.005214161761613945
-0.005026015934550012
0.0024542963797107454
-0.0036466519611412108
0.003547316726150094
0.004393082600900086
-8.151731335704617E-5
-0.004004890753482959
-0.0026432322413699736
-5.579415979803066E-4
0.0022975499514689035
-0.0012789935373687831
0.0
-0.002305950254040028
-0.0035734703537966175
0.001760499915642911
-9.671225593292543E-4
-8.860064506800351E-4
-0.001365340279127602
0.0027142307914465903
-6.616647464775968E-4
-0.005420935628038118
2.643900981575444E-4
-0.0012766130243535515
3.0510337680502786E-5
0.006385480904416646
-0.004383081746649596
0.013289925222892308
5.713155414214164E-4
0.002348254530004677
-0.001485869296395337
0.0015330740911443173
-8.466584798321453E-4
0.0011128776042421626
-6.669131375987094E-4
-0.004849758627333424
-9.846908746581223E-4
0.005691004247211789
3.440926223004612E-4
-0.004618282804511962
5.759413093513603E-4
-6.734632773999266E-4
0.004640358994243917
0.0010110776165060064
-0.002495893814618128
0.0025602166970069037
9.01956194381093E-4
0.0019963221606657043
-0.0025792473852990537
0.0018054232919021505
2.4469003484637025E-4
-0.003717107550719482
-0.002189893097471346
0.004009126564173376
0.002106066319908438
-0.001883001027830533
0.0019021191824588576
-0.005136558094625192
-0.005404411841543677
-2.3244736006133607E-4
0.0031117866234112628
-0.004840825613330517
-0.0024308056504209813
0.0031286301686377824
7.806434821127197E-5
-0.002326703879743019
0.0019168080843690442
0.003242972137698832
-8.115567447055368E-4
-0.0036973182235121344
0.0022344249693272453
-5.223841841383164E-4
-6.210686146623074E-5
-0.007491558897136064
4.362596055503306E-4
0.0012863237957537184
-5.94781589900443E-4
6.64122393615879E-4
-0.0032768442973053497
-0.0011494859153504434
-9.63665946547294E-5
8.261673288720469E-4
-9.096164710488029E-4
0.001296202420743706
0.002381572376095324
-0.002701084239543621
-0.0017531216006005461
-6.47896213266637E-4
0.005942159225821395
0.0037650715053943653
0.0012836226893780636
0.006128548971372475
-0.0010298045053641286
-4.2420674802090606E-4
0.003405320306232618
-0.0013588822925334762
0.002129213715646206
-0.0014276977763107443
0.001503881819733114
-0.001473629751771632
-0.0019633648017318168
9.581037707065989E-4
-0.005487236935440623
2.0093491672526498E-4
0.0019688111608870454
5.242581280976983E-4
7.296246192740257E-4
0.002285846596838591
3.4210731830244866E-4
-0.002239625528982009
-0.002658438467770797
0.0011117485668757005
-0.0012504479322241154
0.00446010746168936
0.0015571832028201853
-0.0033490783870120883
-5.050543343307519E-4
0.001527000381565757
-4.678320613822283E-4
3.085452471512554E-5
-0.0014067689372235614
-0.004353290723311044
0.0038563796163349987
-0.0021240115754107614
4.8376907696209566E-4
0.00360288698803906
-0.002081148112474834
-0.003610076293266003
0.003801958263447727
-0.002765684179180194
-3.4886978362673546E-4
0.00261432404768861
0.0026225232514363503
-0.0027342813646394635
0.0030137480495790164
2.9472374559695765E-5
5.384358516118256E-4
-0.003499891365373573
-0.004405746604250702
-3.043621117349984E-4
4.2476111269584187E-4
0.001535765523450451
7.087905296625256E-4
0.005688795690356564
-0.0054607758413083764
-7.488851550780785E-4
3.524849833129583E-4
-0.0036793327506933196
8.940835771673383E-4
-0.003406563433745162
0.00137007471514854
0.0020982345890579166
6.449107304992173E-4
0.004913568662656322
-0.0032464879435353416
0.005881511573950667
0.003095604372294382
-0.0011504412745318737
-0.0010757655661957476
-6.485645289705022E-4
6.90794933882583E-4
0.0023983423783916604
0.002509526879723598
-0.003123843957511245
0.0018476236902910787
-0.001747463449038762
-0.0019075817883219873
0.0011819458027191834
-0.0013588822925334762
0.0017485920622270692
0.0023050772196720323
-8.6320131793284E-4
0.001385375883689304
-0.001038389650579183
-8.616838816319858E-4
-2.6535414591669255E-4
-8.949049849566874E-4
-3.6026210805700895E-4
-0.0016356029686409692
0.0024086104127750106
-0.0019138213658374578
-0.00124477395162986
0.0031456429488082942
0.0030776325908985452
0.0036322480584220964
-0.0029318244885166967
-0.0039709743180922925
-0.0026171660936015377
-7.496687647922018E-4
-0.0025193455463666365
-0.001151000465417709
0.0054682024691176685
-0.0018651274610935445
-0.0023268761377577165
-9.1116308336022E-4
0.0014474260360992114
-0.0010003543800418113
-0.0021954026955926945
0.0025746243646322794
-9.50113521093066E-4
0.0020150673669146343
2.583611277152606E-6
0.003106362341321451
-0.0027645169144552353
0.001506683526316869
-0.0015901595715477825
0.0022121953668156787
-3.833305158102393E-4
-2.476294025150021E-4
0.0038247139482820392
-0.0015017371223215925
-0.004490702721376042
-0.0024902362213895996
0.0017703340065641972
-0.0022608657239096028
-8.546237344201452E-5
0.0
0.003866329630846297
-5.457252503767943E-4
0.002418380103173995
0.00187390835162025
0.002414778492918269
0.0019807013057180343
-0.0010313931327481998
-0.002022380441482452
-0.0019469551740426316
1.3520149092349212E-4
-0.002464201918423884
-7.37429777620698E-4
0.0024289901991567946
-0.002412198219481547
-1.5561674848431546E-4
6.631868168578099E-4
0.0032267457270992667
-6.311767665166516E-4
9.12197500979809E-4
4.443689242318899E-4
-0.004074809271136461
0.0010103987624802157
3.031746697417049E-4
1.3831454504046502E-4
-3.187801784765671E-4
0.0035436893963329864
1.7269431796208953E-4
-6.732968097564064E-4
-6.455916703638029E-4
0.0019020560758019095
-0.002122143890280884
0.0011058436338459005
-0.002067019142939652
-0.004577306556885312
0.0017799718359659984
0.001905749022659091
-0.0021506570084599014
-0.003422725136289375
1.1084484511239478E-4
-3.7547428922560635E-5
-0.004139227142194065
0.002486060543206804
-0.001726592061787298
0.004917576051913468
-0.0026730860395159815
-0.00228964997408712
0.0015969797628986166
0.0010968370340966173
-6.325715424831199E-4
0.0015705210656025642
0.0011892159418665869
0.0
0.003969160985373574
6.434215130815644E-4
-3.241493656518834E-4
-0.002836313034760794
0.0020577368051014544
-6.97649724607413E-4
0.004161906770100575
-4.8646358361863207E-4
-0.001462547895499257
0.0024236596002774327
4.200918713648552E-4
-0.0014347581386405
0.0010448109450067037
-3.780472175700887E-4
-0.0030585098116117336
0.004529952221985603
0.0012051674846950688
-0.0016768614948261902
1.657680866567491E-4
6.146818002288103E-4
-0.001120395827662513
-0.001101469215959821
0.0017656564420890043
7.903441531352455E-4
4.2999663625894243E-4
-0.0018071848901819367
7.986405457781876E-4
2.7044119950696857E-4
4.0777122630167697E-4
-4.6607873886790293E-4
-0.0011536566704867261
-0.001276953332791658
-0.0015282464009709561
-0.001725598546526005
-2.2712807983672192E-4
-0.0023334521241957437
-6.100566149417784E-4
2.8386231105822796E-4
-0.0016875792615325142
0.001777288851585579
2.908744318085822E-4
0.0010622963619956148
0.0023368420604660926
-9.086761974168587E-4
-0.0010135139606772627
0.0011135610745322865
9.524361914133165E-4
-0.0012967797800874346
-9.64511027059397E-4
6.706776040572833E-4
0.004610999084007279
-0.0012840412078638647
-8.025318787634823E-4
-0.0025497270761839423
0.002284064756589043
4.1093609577331835E-4
-0.0024949960250453735
0.003874730136870672
-0.0021668027250879426
4.826531246106124E-4
-0.0015409455110027967
0.0014555784995358995
-6.579751176454438E-4
9.013419611012109E-4
9.843758343446851E-4
1.6255497023602496E-4
-6.171634195220937E-4
4.5919655802946794E-4
0.003117182491423439
0.0012970233348484936
-0.0033014363976182023
-8.048627463454594E-4
3.861523385202009E-5
-0.0038815941548298325
6.318321919537857E-4
0.0016973543364465675
-8.427103516745971E-4
0.0010493124808509024
-0.0010810809984222124
0.0033612709470419266
-0.0011235137957579713
-8.93759685864407E-5
7.091798875102062E-4
-0.004320642594005126
0.0019832928517145203
2.2161067125205276E-4
0.0018125249620479537
-0.0039876781002810115
0.001493886669435051
9.788892086293802E-4
-0.001054325244842308
8.548682911965813E-4
1.7487812328743067E-4
0.0025371632748188186
3.6556598200238104E-4
-0.0016902948892692621
-0.002228593946731935
0.0025475525028934684
-0.0011722786406936027
-4.0944941419824915E-6
-0.0020444235178978284
0.003348624608123523
-7.159084260280486E-4
-8.196448612062258E-4
-0.0028255831442152235
-8.27496782061482E-4
0.0024024141412458894
5.408555574031703E-4
-7.045949288723976E-4
-7.764023806309615E-4
8.47291627519009E-7
0.002160971537075558
-7.398269095225537E-5
-0.0014866698949920812
0.0015733874030174628
0.0026023146397668407
-1.1429560116996227E-4
-0.001389362444304218
-0.002834166317418488
-0.0015322087295298547
0.004524569529239826
-0.003583518004961237
-1.6059534089421913E-4
-3.690532020378737E-4
0.0028834081626252866
-0.004321043407619912
0.003407200520142627
0.0
0.001385263397107435
-4.19432243311505E-4
5.759413093513603E-4
-1.3683955609446272E-4
0.0011832156847933544
-0.0017761656510663795
-0.002259609074685492
0.004331888216997291
-0.006394421305828562
0.004377087440028852
8.378189648536079E-4
0.0014477794274982893
-0.00203799688939192
-0.0014091888605772258
5.912972732979079E-5
0.0010391991216381433
1.1754857432086179E-4
0.001554995804158924
0.0011202040947302936
6.772618146504985E-5
-0.0032263263045357736
0.0017677726011193786
-6.499995143833817E-4
7.41917615619308E-4
-0.001492443227329623
-0.002060833953830814
0.0033634339615445704
0.0027753100644786676
0.0
-0.002537650429190701
0.0014485703238974594
0.0011148837911790378
0.0022319678220969388
-6.127503204326284E-4
-0.004593363297318078
-0.0032608363503649294
0.0028626624733273875
3.507442415161628E-4
0.001055219052961463
0.0031653365929148894
0.0017814106390009296
-0.0016266973753651227
-0.0029153426725457175
-0.001840068415438271
-0.005721526001005328
0.002316565027980607
0.0012478705323789195
0.0028749589522646724
1.5951202220631779E-4
-0.00516408708803766
1.2197263954686927E-4
0.0010670866869537726
-0.002744283664757417
-0.0011981745119927626
-3.2617676157250326E-4
-0.0024268129010211205
6.0858961961384904E-5
0.004576297603614085
-0.0012653818029188348
5.859496416966772E-4
-0.0013001560546259516
0.0019637964914986134
7.757224417936314E-4
0.0014831899791688465
0.0012601704329991818
5.145561531700619E-4
-7.834664912779231E-4
-0.001966884419825451
0.0017953454875756232
0.0010576570568800712
-5.704236569818459E-4
3.188933403873615E-4
-0.0020828364187537394
-0.0025467490668416573
3.4122077119875583E-4
-0.00317251097550779
0.0022681800104422615
0.002565904001626599
0.002171170484541247
0.0023811359833716436
0.0068642501012926875
-0.0023841232908069273
-3.490309496067027E-4
0.0038555522906313588
0.0020311588624906647
-5.875420918918424E-4
-0.001529970209606881
-0.001828170915192735
-0.0020536911009504622
0.001536225230584303
-0.0013616486655824095
-0.0013312383841841144
-0.0029587110719382897
0.0020221860513100634
-0.0018668896495064981
0.002840806658927385
-0.0074134078707953615
0.0011444643167204138
-6.64771006623998E-4
-0.001531860445506033
0.0010645697407100471
7.14304093519865E-4
-0.0015596153971140577
0.0021337426835826867
0.002932451880314148
-0.0018578526097595863
-0.0012303425666143975
-0.003010332257639962
0.0038905614222291543
-0.0028717682403532428
0.0015001581957877833
0.00109357378770899
-0.004724339712283606
0.002390333922866863
0.003039766649608191
9.33359248840896E-4
-7.452135888545435E-4
-0.0027710029772164274
8.498472721090273E-4
-0.003081065865288603
0.0028844164391337098
-8.869641925278416E-4
-5.743691737407745E-4
3.855760002570204E-4
-0.0017381560918627486
0.0019934383664062605
-0.0011169280175217589
-7.300596774903912E-4
-0.0026212002198175103
-0.0010753698519414818
0.0027753100644786676
0.0012157021754608628
-0.0051094859544371
0.0024599186460457466
-0.0033196369122585278
0.0013316553974091188
0.0010273219382403932
-2.318579007840214E-4
0.0021814956570496286
0.0
2.4718344149445774E-4
9.162758445711296E-4
0.00447987449654567
0.004495225412871101
9.251202473105492E-4
5.1282467355316707E-5
1.1382862498066028E-4
-0.0011384060416384115
-8.232998167863768E-4
-0.0012105343126594358
-0.004722457530519566
-0.002097241285703074
-2.540829515316232E-4
0.0027038522887068077
-2.7722295463324044E-4
-0.001816270959231744
0.0039298797062483366
-1.5367208365130148E-4
0.0028413380944908697
0.004112906113258741
0.0026140948613993806
-6.121678717719774E-4
-0.0016420798334590607
-4.2810513866850194E-4
-8.931934667969973E-6
-4.055451318527479E-4
-0.0019163887349017135
-9.124641112208723E-5
-0.002730517101055343
0.0019435110269323127
6.939301557024592E-4
-0.0010650388349896921
-0.004838428436835067
-0.003244979154265091
0.0035890711792194107
-0.002973375373684227
-7.129248127426261E-4
0.0013681435449599143
8.743179419774074E-4
0.005403021498694131
-0.0027506686856886026
0.0023022386162898354
-1.6409227255757592E-4
-0.0030021942574157533
-0.0019168476513694974
0.0036570708852500995
-1.7847844895199638E-4
0.0
-0.001851627854536306
2.7542587870375596E-4
5.913372269445974E-4
0.0
7.934681034656373E-4
-0.004134688210747611
-6.147745342850823E-4
-0.0023323124432400853
0.004845561500787379
-0.0025063987051893236
-5.659726524353968E-4
7.925345764738727E-5
-2.5501754191191266E-4
7.017684616010907E-4
0.0015341276445976458
0.0016348958238584824
-9.307387225703568E-4
5.820305217210792E-4
0.001710027402295992
