0.0017076152300489686
8.250042127927845E-4
-1.968242366342278E-4
-0.0023357952062075275
9.062393047591308E-5
-0.0016118568134746154
9.775233714548904E-5
0.0014234805458532126
-2.2236914972477775E-4
-8.803609900476211E-4
8.377647911932386E-4
2.649653485791569E-4
0.0033476154445778376
-0.0025253997390331483
-0.002411870316062649
0.0015896546105179544
-8.47295806229351E-4
-0.0028719696207146947
-7.337387631566415E-4
0.004453004190100673
-0.001423449355937231
-3.1867495060288777E-4
-5.553931934151452E-4
0.002297517499955255
0.002444312655078957
-0.0035615023342762606
-0.0021898765363310164
0.0033070662155283096
0.0011633768854336702
-0.003373089795057964
-5.826786906691834E-4
0.0027923916002934746
0.005406376233629323
-0.0037805261162600617
-0.0018031017858544012
1.7725166848513098E-4
0.006352369979475607
-0.003932270907366204
-0.0015759088952821327
-8.441901768272767E-4
0.010945093354765281
-0.010494646317477065
-0.006343629027269291
0.005893181989981065
0.00604041131909523
-0.008022603020411913
-0.00620988354928624
0.008192075250602912
0.004138311954284702
-0.009314660686095466
-0.009553873272756336
0.014730222004567105
0.005453240698770915
-0.014276569798435347
0.0056211743896212325
0.0032021547100431953
5.942853731425706E-4
-0.003395040474612524
0.004014957662314442
-0.001214202560844494
-0.018509123106581482
0.0013946292133932997
0.006039975668468391
0.011074518224719783
1.0952022384756537E-4
0.0017571326740913103
-0.01196376948652926
0.010097116588590384
0.013801275739877189
-0.00944979627185266
-0.00847445966074155
0.004122980192717023
0.006310291792106052
-0.005373858924506999
-0.005642307466114993
0.004705874598515939
0.002932049939084975
-0.0073102623850673
-0.006515463604090042
0.010893676050072356
0.0010250347964773305
-0.007273414096731783
-0.0037308722936469233
0.009979251593901372
0.004140117757737989
-0.004363328701172045
-0.0018804973095207357
0.0021037082529547866
0.00216666468799158
-0.0027100508975672812
-0.003160910152355424
0.0037042963619311293
0.0020986876522883354
-0.001561111379435982
-3.475101038408505E-4
-1.900661690115023E-4
0.004029742471341475
-0.006186754178204962
0.0012755192200387551
8.814924868247248E-4
0.004908293410613227
-0.004439327529126888
-8.950692546047629E-4
4.2610337311842043E-4
0.0042700546912836455
-0.0037501129700173086
-0.001683835093401497
0.0011638933721351426
0.0020585633003688273
-0.004488482132669806
0.0017703694185859623
6.595494137149982E-4
0.0034702585934134385
-0.004360251070399971
0.0019986914300077264
-0.0011086989530212003
0.002320772463480439
-0.004105404628260326
0.0015075635700772581
2.770685947026141E-4
3.461555516493793E-4
-0.0024267593271055502
0.004226947018078593
0.0
-8.920115873851897E-4
0.0053292508791755715
0.0011402929301111843
-0.0012440624483247354
0.0011987869458597302
-9.800111220895384E-5
-9.395997527546923E-4
-0.0015884891918579666
4.5640118361742774E-4
9.967999423861292E-4
-0.003411449490724577
-0.0013866463104673828
-6.712710311248034E-4
2.9982891627200036E-4
-9.585483722045669E-4
0.0
-3.211137010715472E-4
-3.0398183359735937E-4
2.245844884953537E-4
0.0020662974250446244
-6.974380050245074E-4
5.77297350177362E-5
9.167098901770407E-5
-0.0018253170721714358
0.0011565695580749596
-2.670794607159523E-4
5.514080245018634E-4
0.0014216645522787156
-0.002240254602925585
-0.0010788476698438906
-0.0029687260652789546
0.0030463079412396004
-7.691373225321254E-4
-0.003551710912352335
-0.0017297019963845362
-0.0021767935253261448
0.0015480901924718477
5.518928853893202E-4
0.002642304738976053
0.0038269791012414235
2.9970298532343268E-5
7.087521961274655E-4
0.0026366969518371395
-6.726464478058512E-4
0.0018783807438434899
3.5530122019081085E-5
6.018807058571202E-4
0.0
0.0013792841248616767
6.669210931425037E-4
-4.8137444244642874E-4
-9.485999848851277E-4
-0.0019375330313103878
-0.0028246074850723727
-4.539348780345753E-4
5.452182776065601E-4
-6.872484672614859E-4
0.0010239210413189837
-3.3468605785344084E-4
-7.989469679931235E-4
-6.698546176336887E-4
-0.0014329607052632918
6.54136310200973E-4
7.616896741384885E-4
-0.0012951122654233922
4.4070733277191986E-4
-0.002103152152092198
-2.1269087391468904E-4
-5.829600136587796E-4
0.002725503948304872
-0.0016569350381222827
4.1594438992838197E-4
0.0
0.0
0.0026089243512718973
4.37383589967703E-4
-1.8506686663275022E-4
2.5355908148072407E-4
-0.0014562974434746507
7.848267424994911E-4
0.0011985101801404755
0.001950941426818643
-0.003740922772063354
0.0027319503914726164
-4.584890614612973E-5
0.0014268395488874581
2.0658071888124754E-4
-0.002433770381847003
-6.105366879340906E-4
-6.46102087793198E-4
2.674243644016891E-4
-0.0013139441221657836
0.0031579648296827306
6.007049376112897E-4
-0.002009490017308279
-0.001637273647989058
-2.8361875673884717E-5
-0.0012830462829617572
9.703961415848713E-4
-0.0019719739598235
-4.606417333666486E-5
-0.0034363879585737355
0.003600296551008731
0.0012225966781061574
0.0013432196326660234
0.001216824497100489
3.0387315321862607E-4
-0.0019055261681665565
-2.614206394879932E-6
1.8081941552095811E-4
-0.002012779755939794
0.0027902671197769604
8.655585890615029E-4
-0.0015582053492378869
0.0021628126431812384
9.922278361117712E-4
1.328655192124556E-4
-0.0019167509615917368
0.0013725553686809453
-1.4670049854067883E-4
1.159163066489088E-4
-0.0010478465821078965
-0.001579292739492314
0.0010746478409636604
0.0018154724313571469
-5.522470272319782E-4
0.00167101378006471
-6.338100451684662E-4
2.9194140107400597E-4
0.0022158011926473303
-0.002905619864371656
0.0
-7.033395119175588E-4
-0.0020591860913218396
-0.0018197932649491148
-2.421120383332378E-4
-6.249996767907252E-4
4.296386459014304E-4
-7.383594546914868E-4
0.003633230374006663
0.0018476475989187427
-0.0011364722117945447
-9.051594748904967E-5
1.1993518846955395E-4
-0.002253107108842978
-7.68060799486725E-4
0.002331014118016216
2.4055091770440614E-4
-0.0017570406926337256
7.881319397442794E-5
1.239487378465994E-4
-0.0011565873785767432
-6.281332846722436E-4
1.7727260618528732E-4
0.0023505791882664955
-3.6020511593334035E-4
-1.9018696508500178E-4
3.450438810787043E-4
-0.001956116491497221
0.0012592520015743999
8.050125254277792E-4
-0.0017847342574713507
9.841589023326255E-4
-0.001205232593262195
-0.0014933876839546192
-0.002098563768927666
0.004360039222483613
0.0027544098308473143
3.134250233720116E-4
0.002817496844365081
-0.0027014471824679796
-0.0013714044976222556
0.0
-0.001343883069405566
0.002076566014137499
1.159163066489088E-4
1.752246250374141E-4
0.0019144329274173348
-0.0026772716029773006
1.1048987772194576E-4
0.0019168354910761173
-9.532983826345962E-4
6.373920209583777E-4
0.0
-3.6265997859571595E-4
-1.5402330401001973E-4
-0.002379326938818963
0.001188571362023722
-7.644210978889832E-4
5.219563826387753E-4
0.00287051979650306
8.448779839380359E-4
9.064474206665334E-4
-7.526188640340171E-4
-0.0020916727984488627
-7.497141855370385E-4
4.350115684118474E-4
-0.0010740682189736075
-6.251727320126027E-4
0.002965176737790301
-0.0011376167363696113
0.004198389614905332
-0.0027461847876180116
5.467053606066875E-4
5.5038708390319586E-5
0.002057899451058083
-0.0021146100994017215
-9.792566173504602E-4
0.002157891323879998
2.713768515752047E-4
-0.002670016638852684
0.0018181875265040727
-7.19005041260358E-6
-3.194622868703408E-5
0.0021820048432747994
-0.004410587011175278
0.0
4.562232567196362E-4
-0.003929401145791852
0.002618986091236372
-6.339808045841134E-4
2.64720028753719E-4
-0.0012453340154904605
-4.2233760610893204E-4
-0.0037663035065192245
-0.0017438069700511445
9.861012725953303E-4
-5.082258449346351E-4
1.1001402296014222E-6
5.32381271478693E-4
0.0021455036482116
6.226016564195819E-4
6.430558743756215E-4
-0.002189577657276531
0.002085400659731626
8.168315371066166E-4
-8.74275887156685E-4
-4.050671413518888E-4
8.181412626353613E-4
-8.411661508134606E-4
0.001180057882709817
0.001022258091455161
-9.721794336021091E-4
0.0020402482518789094
-0.0013842772908189156
-0.0035062813762052553
0.0015658885010501375
-1.438842217379E-4
0.0017660130991491703
5.9486557391992214E-5
0.0031856184738012407
-0.0019209260078676146
0.001256130955184219
-0.0019099441340921543
-0.0015638259023315268
0.0
0.0016333127685852435
0.0029137457985923864
-0.001751127941859089
-3.5642190421985263E-4
-0.0010520966775496967
-0.001012267434631092
2.8514805019557105E-4
0.0021079330062314574
8.448779839380359E-4
-2.277407088219626E-4
-0.001684262215923901
-3.3075744952698935E-4
6.623825780676545E-4
-8.221004430611096E-5
0.0012326342471977079
-0.0013347136602221282
1.0689781104681982E-4
5.144026752045882E-4
1.2610608776258687E-4
-0.0019501974650687922
-0.00121509610103672
-6.901273510855415E-4
1.6213875397076542E-4
-0.00300468290015683
-7.555476594409789E-5
0.006015357496408203
-0.0028275975962483066
-5.117093863044889E-4
-0.0019105796680682057
5.132226840927804E-4
-7.196135965273332E-4
0.0011616149479126878
-0.002011759980313754
-0.004604957559627852
2.8589450099140404E-4
0.002250908486562996
3.176682485213112E-4
0.0028094041368968373
-7.350610145907192E-4
0.0028762128896965035
3.3542366214205386E-4
-0.0020091167769983303
-0.002352753329173388
0.0030597536053263695
0.0031559940341013065
-0.002120546003918204
5.503920263132973E-4
-3.143878193412191E-4
8.525308652450918E-4
0.0011376486618517425
5.735166291843462E-4
-3.917438454075178E-5
-0.002712700734977448
-0.0018719708291565324
0.0037170029511229457
-5.368981868659607E-4
0.0022568816761371437
-0.002936402944685014
0.0025115318135846268
2.2958643604530473E-4
0.0038217589555170316
-0.001077669007798389
-0.002487518435429549
0.0029073563869958805
-0.0022512822727906692
-2.8789233475117344E-5
-3.079343691070801E-5
-0.001288612555047195
-0.0015562427344839244
-7.251030132654781E-4
-4.1184344980439925E-4
0.002192775972205947
-3.143878193412191E-4
-4.071282152469238E-5
7.981407539487386E-4
-9.305266447334867E-4
0.003751613731541147
-0.001673182419778815
-0.001426700407306042
-7.074943989288923E-5
-1.0104517808827505E-4
3.0264722346740915E-5
5.18762620658972E-4
-4.8714258889657216E-4
-2.9612771902474413E-4
-0.0011731151750063486
0.004008335815817481
-0.0033047036457071405
-1.8617177609118904E-4
0.0010868195166281597
-0.0020669127114745
0.0010713797036711297
-2.1574689731821794E-4
-0.001009957124659128
-0.0022609108905625413
-0.001175610352502666
7.592223446771723E-4
4.819761179353367E-4
-0.0014763213933452638
-5.298385472435747E-4
-7.966103314090509E-4
0.0039729500848363596
9.948009888970412E-4
-7.41912001625786E-4
7.339462480764778E-4
4.919655057709861E-5
-0.001915457128395197
0.002574879138646791
4.641983102952941E-4
7.048830699386435E-4
0.002192547176039198
0.0
3.704939688754286E-4
-1.2895600764084277E-5
0.001374219063072004
-8.897203652804522E-4
-0.0022049064582704866
-0.004138720061890963
0.00175160871561022
2.3893647679026182E-4
-8.153354867311032E-4
1.8096460084271048E-4
-1.4463597148463834E-4
0.0032258800629132267
0.005367924609663439
6.255297657370008E-4
0.0015617072517009702
2.666624729338442E-4
1.0874638283857514E-4
2.2135090496905048E-4
-0.0029116750937343383
-4.7434767637097547E-4
-8.581318910795166E-4
-0.0027383556407098615
-1.6635866255244175E-4
-2.1973636291711357E-4
0.002208233328172038
0.0
-1.6751575866731996E-4
-3.7972097490439257E-4
-0.0021016361667113726
0.0010613730057639698
-1.8234797637893996E-4
0.0
0.001347755332096545
0.0013741784886903787
0.0017053303561772536
-0.003956708170921302
-0.0028019668527257827
6.80096458720842E-4
0.0021072682748992217
4.0046897258072403E-4
-8.762307539489392E-4
0.0014531053838893245
-0.0012670213210759307
-0.0025051673653322492
-7.987728811442858E-4
-0.003442183088282663
-7.351744218071633E-4
1.222431480459058E-4
-0.0013327091438172425
-0.0012319881548838196
6.77257667413183E-4
-1.765485340385507E-4
0.0038944290909263615
7.130497390781493E-4
0.002633290682680748
-8.978674421649148E-4
-3.253977958679669E-4
-0.0016864465835879242
0.0012071978996126347
-8.102567184934622E-4
2.3031487624728747E-4
5.534926321826301E-4
-0.001616390042122514
2.506336996055628E-4
0.0033363523846847406
-2.7550449800016794E-4
-0.003798266045519145
0.002013686005357849
-5.910333216644723E-4
3.4437223059323804E-4
-0.0039788125437183065
8.966085773839436E-4
-0.0014015009640400778
-0.0014325967604202113
0.0031284079472376877
0.005647302037720261
2.659113608100783E-4
1.431588643391957E-4
0.0017440575173172871
5.447026955885066E-4
0.003396813556638764
-0.0029185773998230795
-0.0031579413147224994
0.0014779174733077528
-0.0013441624748971527
-1.922964173671995E-4
-6.297479001638447E-4
0.00119400160382055
6.162963220854504E-4
8.782225052182678E-4
-8.549795067184056E-4
0.0
0.0017734280106620143
0.0015396931207216791
6.212748371246441E-4
-4.7425101270571904E-4
-7.058202474807258E-4
-0.0010530683012563576
0.0024176951911237675
-5.707699016112425E-4
-0.002182513355818836
9.995116968727746E-4
-0.00292517178680205
-2.1917966991493614E-4
2.0098174024082527E-4
-0.0017114950487275606
-0.001972558683248884
8.891536157626406E-4
0.004118364195445465
-0.0038717525602663923
-2.2650280162454187E-4
-3.7681180809794084E-4
-0.0034713298809720635
8.442342479399614E-4
-8.34294470221678E-4
0.0024605528909361473
0.002349728733401249
0.0013751881744543015
-0.0018172113385863295
-0.0013123178179599985
-2.8656515660203767E-4
-0.003196039523455816
0.001977567623286688
0.001684510801653805
4.5717598317141666E-4
-3.253977958679669E-4
-5.266743729883956E-4
0.0
0.001170904872159986
-0.0023985366225120963
0.0019226955312289142
-0.002361001740995614
-3.1387305923896887E-4
0.001471853873782533
0.0039413134182830645
-0.0021982254657195543
3.070293798701526E-4
0.00448303027858155
-0.0012554308385698692
-0.001582471840891675
0.002428713816872007
-0.002115483626385529
-0.0011726575969029458
0.0074743069565054426
9.636908093503098E-4
0.001704264052460591
-0.004419400115477578
-7.628531174068073E-4
8.562883676446176E-4
-0.003956656437641239
0.005997060810535286
-0.001284537560709672
0.0
-0.003690784284940584
0.0
0.003384424159725431
3.6242048544720936E-4
-0.0011713579730305902
0.0018517345782618157
-6.522287903324739E-4
-0.0034531122732202563
0.003378588515771897
0.0016743841371708004
-0.0071258084553740145
0.0
0.0013312388654640652
-7.847268463695639E-4
-1.9835708168599708E-4
-2.762760626579582E-4
0.0012492745510178844
0.0010063629441191225
-9.726627108420055E-4
0.005026725275293364
-0.0017922397222856021
-0.005320957991482844
5.956522819213755E-4
0.002828276864053828
-0.0023898831215480813
0.0037329023996978804
-5.170388144612183E-4
0.0019475868182147501
-8.354383426432323E-4
-0.0025408915015369153
-2.0745813037633385E-6
-0.001931132493826934
0.0
-0.001748481137746267
0.0011438922817992624
0.006140825748735322
-0.0017856900030716653
-0.003935913393159637
4.185199330903699E-4
-0.001178624951641729
1.2222202529149455E-4
-0.001274211217221529
0.0027843323551882044
-0.0027702890494992493
-1.6041182566033964E-4
9.549787296055001E-4
-1.2967925969638219E-4
0.0
-3.822889902761309E-4
-3.638128267624143E-4
0.0017372943935633155
0.016940516832330867
-0.0021358559427527056
-0.003771081798863075
0.002925106235632816
-0.0012741617566149005
-0.001361976445253436
-0.0013223303368329685
-0.002906302786072082
-0.002197839463443537
-8.526025357290707E-4
-0.0038027288620577446
-0.0017246235420532595
4.185199330903699E-4
-8.645765620594452E-4
0.002469229447864115
0.005813077562289672
-0.0022855749216203402
7.115472625529771E-4
-5.051893954459408E-5
7.847770471541094E-4
-3.2208287418072137E-4
0.002862275969118519
0.0014565665619777823
-0.0011815681849396784
-0.0011867047181777434
0.0010007991650770182
0.00157937219361225
-0.0016797914363419506
-6.87256576901684E-4
-0.00193952930580937
-0.002510621447479006
-4.839607018637751E-4
0.008142937567690018
-0.004219209360346736
-0.003886620849164707
-3.5212218184552417E-6
-0.0019463955529877288
-0.003220454868387887
0.0038011887303273976
-0.0022556060494325265
-0.0047475544558146805
0.005389367711998919
0.003196866139661251
-2.1225820361118163E-4
-0.0017544782809335413
-0.003981314207979415
-9.034431049774506E-4
0.005024587110494592
-6.188146758669355E-4
-0.0016944299864094677
1.0583610579151098E-4
0.0
-3.6347419396394915E-4
-5.003023118851924E-4
-0.002120546003918204
1.605237855685147E-4
-0.0016292161332985694
-3.128961324823233E-4
0.002227833213822864
-0.00139165196843153
-4.480094102116918E-4
0.0030965545299357095
-0.0026788845995056572
0.005323287604027643
0.017142732259710913
-7.074943989288923E-5
2.3592086899150184E-4
0.004871161113724082
-0.0046520603073651615
-0.002549318967448905
-5.977116860902144E-4
4.611429339483489E-4
2.4774916286904195E-4
-0.0019696384679244675
-0.005515388040969237
-3.651081357562021E-4
6.66555489405307E-4
9.560529951657463E-4
-6.768726333289093E-4
0.002760626209726326
-0.0021277992238165405
-4.2045170245001994E-4
-7.941819267033962E-4
-5.63681524777343E-4
-0.002291990900595655
-0.002016029792498414
0.0015100820540810552
5.774809826050186E-4
0.0012715273988818426
5.756051723677406E-4
-6.788430277973893E-5
3.5630683084162106E-5
-0.0015702461952441878
2.290767488929901E-4
-5.66098179968054E-4
-0.004275685608556522
-0.0037983896497355493
-0.001994407022379213
2.3018654619703124E-4
-0.004198704644816799
0.0020270934661113533
0.0037568213079443953
-4.2198787142613413E-4
-1.3725869376507026E-4
0.002040513219720896
-0.00301306786951121
0.0023220967180517618
0.0018518006167771725
-0.0015664437437109416
-0.0022456396290677643
-0.0017426489819116083
5.464072042523928E-4
4.185199330903699E-4
-0.0024026866121641555
2.5289315540293625E-4
-7.399508112856978E-4
-0.0012939325891215439
1.8887630673182759E-4
-0.0027253481167770753
1.415388532542694E-4
-0.002375516365915441
-0.0014518078772929714
-9.96930875526253E-4
0.001200535414636666
0.0
0.0031127041634318505
0.0
0.01256428741151628
0.0027275949200641332
-0.0015089502667241267
0.004617125345753896
0.005799293320155291
-6.87256576901684E-4
-4.2045170245001994E-4
-0.0025509842678406625
-0.0012296022296939115
-0.0017118522617114496
-0.001276813190277014
0.002491831748232999
4.216523476435379E-4
0.0
-0.001988450687048183
-3.584266733955689E-4
0.0017157014932879945
0.004119222454282591
-0.001352184974142456
-0.0027717513355068274
-0.006206176475604317
-7.693643090613511E-4
6.560697670727533E-4
9.405260244669353E-4
-0.0014468826277494334
2.7730774439755756E-4
-4.3680547569675186E-4
-5.187238708075654E-4
-0.0015567440181056096
8.89265392679551E-4
-0.0016511341041913173
-1.2901418559577377E-4
0.001933786973150105
2.4826608889836977E-5
-5.5564965000077634E-5
0.0017752726122893482
-5.602608406227677E-4
9.366818665511823E-4
-0.003437559835053207
0.0
-0.0033580310738588835
-1.8885902221133817E-4
0.00142115433587724
-0.00250718966010734
-0.002983212154782029
-0.0014763213933452638
-0.0023195379442265684
0.00430285155929088
0.0022158663570227503
0.0
0.0
-0.0027924238836673078
3.222894341174854E-4
-0.0010641340847995014
-0.0010740205366423594
0.0014020185038286204
0.0027883303960360628
-4.400642338875561E-4
-0.0014015009640400778
0.001347295013591509
-0.002491349610872447
0.002816193593824207
5.691807441068196E-4
3.7276745908808567E-4
0.007837493419919368
0.0
0.002038395537192502
0.004833248446044059
0.0
0.0
-0.0010823521432745664
-0.0018343480625920936
0.0
0.0
-1.720298324716994E-4
0.001000252571340808
0.0
0.0
-0.0029752854716613196
0.002330430909707013
0.0
0.0
0.0033235430065398828
-0.004907616110751237
0.0
0.0
-0.0019761613054260193
-0.0013692743569133268
-9.305266447334867E-4
0.0
0.0015546452317923077
-0.001763084971337414
0.0
0.0
5.852842440126092E-4
-0.0038314697792787757
0.0
0.0
-9.772859203810037E-4
-0.0010861818530317827
0.0
-4.3680547569675186E-4
-0.0012571598184398518
0.0
0.0
0.0
0.003145059523873381
-0.0023318462929637776
0.0
0.0
-7.252455941018073E-4
-0.005600731925903732
-2.8367591611100736E-4
0.0010310908488393219
-0.0015498955955718708
0.0027479423398910456
0.0
0.0
-0.0036395847912395005
-0.0017503572001197488
0.0
0.0
6.60772457688745E-4
0.0035274057016988812
0.0
0.0
-3.477400031443119E-4
0.014050588246524526
0.0
0.0
0.0
0.0010310908488393219
0.0
0.0
0.0
0.0028347570277795107
0.0
0.0
0.0
0.0015873928221520855
0.0
0.0
0.0
0.0
0.0
0.0
0.0
-4.3680547569675186E-4
0.0
0.0
0.0
-0.007955258058379938
0.0
0.0
0.0
-0.004953979619625169
0.0
0.0
0.0
-9.305266447334867E-4
0.0
0.0
0.0
0.0
0.0
0.0
0.0
0.005188447380882732
0.0
0.0
0.0
4.327270087384901E-4
0.0
0.0
0.0
0.0
0.0
0.0
0.0
0.0
0.0
0.0
0.0
-0.00346298682489483
0.0
0.0
0.0
0.006948817451049036
0.0
0.0
0.0
-2.8367591611100736E-4
0.0
0.0
0.0
0.0
0.0
0.0
0.0
0.0
0.0
0.0
5.942853731425706E-4
0.0
0.0
0.0
0.0
0.0
0.0
0.0
0.0
0.0
0.0
0.0
0.0
0.0
0.0
0.0
-0.003395040474612524
0.0
0.0
0.0
0.0
0.0
0.0
0.0
0.0
0.0
0.0
0.0
0.0
0.0
0.0
0.0
0.004014957662314442
0.0
0.0
0.0
0.0
0.0
0.0
0.0
0.0
0.0
0.0
0.0
0.0
0.0
0.0
0.0
-0.001214202560844494
0.0
0.0
0.0
0.0
0.0
0.0
0.0
0.0
0.0
0.0
0.0
0.0
0.0
0.0
0.0
0.0
0.0
0.0
0.0
0.0
0.0
0.0
0.0
0.0
0.0
0.0
0.0
0.0
0.0
0.0
0.0
0.0
0.0
0.0
0.0
0.0
0.0
0.0
0.0
0.0
0.0
0.0
0.0
0.0
0.0
0.0
-0.018509123106581482
0.0013946292133932997
0.006039975668468391
0.011074518224719783
0.0
0.0
0.0
0.0
0.0
0.0
0.0
0.0
0.0
0.0
0.0
0.0
0.0
0.0
0.0
0.0
0.0
0.0
0.0
0.0
0.0
0.0
0.0
0.0
0.0
0.0
0.0
0.0
0.0
0.0
0.0
0.0
0.0
0.0
0.0
0.0
0.0
0.0
0.0
0.0
0.0
0.0
0.0
0.0
0.0
0.0
0.0
0.0
0.0
0.0
0.0
0.0
-0.00986430563031103
-0.001042435283097728
-5.869062479476629E-4
-0.007015475945225061
0.006187823717808681
-0.009635283194307667
0.00443792414431818
4.0416454557410894E-4
-0.003862110582997782
0.009427737567667863
-0.003839184477218455
0.004313533161016774
0.007648112719347696
0.003007113583828842
-0.011975602905681318
0.012394894827224563
0.0
0.0
0.0
0.0
0.0
0.0
0.0
0.0
0.0
0.0
0.0
0.0
0.0
0.0
0.0
0.0
0.0
0.0
-0.008393929578253346
-0.0014703760520576844
0.0
-0.0013065873518901879
0.0
2.6415206879246E-4
0.0
-0.002707664694289052
0.0021207584463413887
0.0
-0.007015475945225061
0.0
0.0
0.0
0.006602098311755064
9.826198164663768E-4
-0.0013968944104127599
0.0
-5.693730759973126E-4
-0.0010628977879928237
-0.008051542839909515
4.85305095919862E-5
-0.0017514665586213119
0.006036541337874499
1.5284936506499417E-4
0.0
0.0029073563869958805
2.0955854357806482E-4
-0.0022113747801393462
-5.013756048604903E-4
-0.0022793308485047526
-0.0057748361156765675
0.00299078781933587
0.0012012685618476666
-0.001165456431222194
-0.004774023703401232
0.006666011217007422
0.008701206485283866
-0.006883952441776673
0.0025499756933646547
-6.834481889753636E-4
0.0011782404601689252
-3.9005405106043526E-4
-0.003543322152137835
0.00453389507293387
0.0037130142912811734
0.010220468369783887
0.0
-0.00257235565043619
0.0
0.002285141419124878
4.970693441289438E-4
-0.0016292161332985694
0.0018541189538735896
-6.245942230150654E-4
-5.562292018775031E-4
0.0
-0.01079477948078875
0.01246591482764028
0.0
0.0
-7.102000041572101E-5
0.014701596131376506
-0.004779922614050224
-3.763583534138661E-5
0.004659198151049301
-0.001009645801896303
-0.004144035783381355
-4.927260367350882E-4
8.54191322802556E-4
-1.7704705774820124E-4
-0.004809748847704729
-0.0016320412476487532
-0.0027535546666647404
-0.0017847638713989035
-0.0022019519136860337
0.0029873465255276115
7.302617693473081E-4
0.002670964841568109
4.2583221399655606E-4
-2.5681545532270947E-4
-0.0022896696883365837
-0.003047823350444113
0.0022488452197647044
-0.0015910825025131302
-0.0042563788659627615
4.7793492609994517E-4
7.348791081107373E-4
0.0
-0.004227561790411348
0.004476798842266608
5.2259040123509525E-5
-0.002879683202982937
0.009218633338134722
-0.0014932420702708832
-0.0036252970761132515
-0.0035120052054283396
-6.294688716005761E-4
-0.0034213171337894896
0.0032904741627929096
0.005227918086231725
2.2554801983745276E-4
-0.0011444281192071702
0.002452903134830458
1.2127717804282119E-4
1.6040742876491024E-4
-0.01039940786776323
3.5748806551706464E-4
0.0
4.253807816263413E-4
0.006089946861234952
0.002998428550090446
-0.0011206341929747303
0.0
-0.002542719676514073
-3.068042334937872E-5
-2.68892153407509E-4
-4.914713552888099E-4
0.003124727157303701
-0.0012715534843759269
-0.0010368840665382286
0.0015062306864049783
-2.112820187113963E-4
0.0029282217229275142
-0.0011504493570243402
0.0015741283388131838
0.023025659167561146
-0.0032285123195222075
-0.0029735984425495947
0.005145717358419336
-0.0033287454734482348
-0.0011103091982129537
0.0012225591115073303
-0.0017644633659226149
-0.0026509322260109833
0.001715183356699971
-0.0011679722991957218
-0.0028233695205604325
0.0
-0.002817215190800766
-8.806691114238883E-4
0.005437943893336796
-0.004991804887977604
-8.128453036338574E-4
-0.001225896052998558
-0.002990959718033961
-0.001032641072792649
0.00391521429016146
0.0033091435392761386
-0.00482711358081807
0.00152190653026544
-3.6265997859571595E-4
0.0022086968786413615
-4.927260367350882E-4
-0.0026712358923581545
7.865601825038329E-4
-0.001557564457130691
-2.258707116265489E-4
0.006175505559160587
-0.0014139177744157236
-0.003991368982873261
0.0015109681045766701
-0.0021270685585674082
-0.0013775411368728173
0.002150636051940948
-0.0015395464456401829
-0.0036599354052672087
-0.00195574259631773
0.004314652385517536
-0.0012466225200767579
-0.0019183582231219562
-7.118364901293726E-4
-0.002571148930945552
-1.1313469770931879E-4
-0.008047489745393271
0.0
-3.143878193412191E-4
4.432226491275662E-4
0.00223953423397411
-5.39820203627429E-4
-1.2502010273412052E-4
-4.38677012730506E-4
-0.0013250419354549963
-3.443559087840085E-4
-0.0023607347157682717
0.0029873465255276115
0.0017226978685161531
9.47535886480019E-4
-0.0025527906560124745
0.011830961128937858
0.0019786953294598274
0.005897909384271476
3.430183812921394E-4
0.007942246998327417
-0.0021335025957654806
1.8828741778522315E-4
-0.0013324506388270826
-0.0021776095807644483
-0.0039189434423240205
-0.0019254652332969559
-0.0015197808374087425
-0.0011410617847329133
0.0017867936100474367
-0.002523836026291564
-0.0028194342136339473
0.007665425023967688
9.127888344815726E-4
-0.0036566500992061247
0.0030063006969414936
-0.004511360303051125
-0.003375045446949126
4.8390538573839497E-4
0.0067089006766768745
-0.0029302168640178822
0.0028207829478174057
9.45249118821867E-4
0.0025819461470377248
2.0934038631329946E-4
-0.0020172380652578445
-0.001278271099009779
3.5344798037163566E-5
-0.0053096360388809145
-6.40727042425528E-4
-0.0032991079751228344
-6.606278822866593E-4
-0.0015135401366327263
0.004698192515641504
-0.0034055997031117472
0.001235606429840759
-0.003475774369368
0.0018549706803058343
0.002841963649048508
-3.485842785592051E-4
-0.0013537078016002324
-0.0028233695205604325
0.0
0.0017407240054508537
-4.927260367350882E-4
4.253807816263413E-4
-0.0020527842739146685
-0.002536809841565442
0.0012973170868898118
6.569413818818296E-4
-1.319813374057387E-4
-0.005043301357706871
0.0027233857012844936
-0.0027497623897690736
-0.002680714972293017
-0.0015488833174808203
-5.828124759696946E-4
0.0035490772182670827
0.0033236816672551767
-0.0035728410614551606
0.013629981788871686
2.3248818314505033E-4
7.157140150148712E-4
-0.0012770564656178678
0.0030049921706001596
4.765148821498852E-5
-0.0016029853111579366
0.0
-0.0015552991410292005
-0.002580574019621248
0.006143265850699527
3.3508713410250175E-4
-0.0037458976107992486
3.137484381691727E-4
-7.47078258701344E-4
0.0028970649842208164
7.509284818447335E-4
-0.002174731580223526
0.0014889188623224232
-0.0014210948806992355
0.0019534934534090657
-0.002120660575801538
0.0014256289359205771
-3.345953312152562E-4
-0.0018357612658976515
0.0
0.0014875928700328438
0.002095822774833544
-0.0020146605348827077
0.0020073647678658752
-0.0029571653628341047
-0.004189255501897011
-7.211590160005976E-4
0.0017003153414847528
-0.0022793874094895797
-0.0014628237150250605
4.8943579060033344E-5
-8.384056201854339E-4
-0.0024726313745477803
4.733606385323056E-4
0.002018708918481309
2.1265708158203236E-4
-0.0029719736435656085
0.001398696214740731
5.25318060831802E-4
-8.411661508134606E-4
-0.0033648886155123944
-4.1894151018545425E-4
0.0017567546005217687
-0.0012554308385698692
0.0026939251692164297
0.0010740069771075261
-0.0020172380652578445
4.506671346978561E-4
1.963741608169517E-4
-8.065208662653531E-4
-3.189458872956208E-4
9.719551837327352E-4
-0.004314341419724273
-0.002307960133627926
0.0010341398980183735
0.008014238924060602
0.0021957028303373604
0.0020637123714750023
0.0032193906113504056
-8.821741418107303E-4
-0.0011482618089087493
0.0027078086367794134
-0.002174731580223526
6.977682839745991E-4
1.7033537762595208E-4
0.002216842107272062
-4.6577513180846863E-4
0.0010401905216509846
0.0016884517135567886
-0.004960065834094791
-8.555444853476193E-4
5.027509004013426E-4
0.0021185571456580534
0.0
3.688830917520184E-4
3.279989328911254E-4
-7.176640558651976E-4
-0.0017236512370518097
-3.474312130482453E-4
-0.0010518388785909908
0.002215989739993062
-2.865729838868981E-4
-0.003331191466483361
-6.877210123406555E-5
-0.0010951481296677236
-7.873865251554924E-4
0.0012835511971089775
-3.131198314663317E-4
-0.002018513054067657
0.0018188600620529804
-0.0011785245522601586
-0.001468715109852669
0.0029872127812733077
-0.0029144594257271192
0.0
0.0036708885235680814
-0.003612141021976889
-9.728461977175448E-4
0.0012586423535688395
0.003203980609412939
-0.0024548345491528724
0.0012806028589637903
-5.081029291750059E-4
-2.9068172712945126E-4
-0.0015293958282052607
-0.0010675430337871677
-0.001313479597709901
5.982068524440918E-4
9.252045735802116E-4
0.001274771870003185
0.0066960026832547015
-0.0024448594330266755
-9.716993318551993E-4
-3.544152619063849E-4
-0.0011024553799222226
-9.524083058612884E-4
-0.0011987522454486117
4.995443163867009E-4
0.0020041965785365535
-4.0255040737939167E-4
0.001930607795893506
1.0760049551364749E-4
0.0033702567936885483
7.543710670613612E-4
-0.001002355720871904
-9.825226463588844E-4
-1.9417616615875473E-4
-0.001156552295492096
6.138536701509616E-4
0.0035054515010863856
-9.162613856656782E-4
0.0016014285055334719
-0.002362440990392355
-2.008971128598739E-4
3.063794417224262E-4
-0.002174731580223526
0.005649661347222838
3.4444886328975285E-4
3.544612596938651E-4
0.004076941191744711
-0.0010481969032449235
-7.250171400063077E-4
-0.0014317686525684651
-0.00288438550631446
-4.943600633580403E-4
-0.0012519788699137024
0.0024332092033731273
0.0015238246023915804
-0.002354514277339481
6.685883728672021E-4
7.651089658419324E-4
6.937008408818928E-4
-8.793123025675666E-4
-0.001431626321705608
-0.0020235418412539296
-0.0016308475874456327
-0.0015506868175344725
3.219473442780847E-4
0.006082577784670591
0.001071097729213211
-7.841011496237439E-4
1.6882383168019728E-4
-0.003516103621982083
-0.0012890531452016346
-0.0031704672637934356
0.0015364186062535113
-0.001044203381158235
0.0022660360620455145
0.0015690138394460265
-8.294280228081606E-4
-0.0010815215175604747
7.293217869234069E-4
-9.086261927486054E-4
-4.0141495307399635E-4
7.711829332536578E-5
-1.0292433271274831E-5
0.004056392372027649
-7.632475679498508E-4
-0.0027815963115278824
-0.0014721715855581922
-3.2862271482748983E-4
-8.485328507230681E-4
0.0035082446748882093
0.0
0.0014336517880185573
5.414768621034675E-4
-7.279929146515182E-4
0.003088687671080694
3.7028290118636863E-4
5.143251051215301E-4
-4.35092191047464E-5
-1.5615482964075782E-4
-0.0018799560591868335
4.932516796088809E-4
-0.002967006425181194
-1.0898877739328068E-4
-3.919419160981373E-5
-0.0017121013366119004
7.327691045389112E-5
0.0026995824445290094
0.002154906203887138
-0.0014317686525684651
0.0011110312634210547
-0.002090522401436117
-0.0027839093066092026
0.0012487067102133578
6.455924919673425E-4
4.5514827970909204E-4
6.286249673007321E-4
0.00240715954176199
-9.914795957498726E-5
-0.0017144005467026775
-4.615583481079868E-4
0.00520826584486276
-0.0013732580551490657
-2.709770166197413E-4
-0.0029443788405466463
-0.0017583410759327465
1.9294481729661842E-4
0.0010283534215742311
-0.0014970916454159502
-0.0015660382238993588
0.002398804824906303
-9.069385866089002E-4
-0.0018803420140062156
-0.0010608588768236257
-0.00436790576891402
0.0052421328321247025
-0.0012651735624704986
-0.0035729144937301717
7.515322396137418E-4
-1.4724765901385258E-4
0.003009041429133702
7.29943533101927E-4
-5.620760192744312E-5
-0.001040148112584963
0.0017606538569955278
6.449957829331621E-5
0.0
-7.337575009111817E-4
0.0022397275165652692
0.0015253232321246054
0.004741721424341162
-4.5651692368145626E-4
-0.0021514403857260376
4.58500067812522E-4
7.743286224744239E-4
-8.585098230833258E-4
-0.0014469466995945136
-2.7243341329586616E-4
-9.007050777983519E-4
-0.0017343486669490601
0.001204677168055585
5.0280071944232025E-5
0.0014657620055830893
0.0
-0.0018955599874922835
-0.0012249200203840538
9.704158140330802E-4
0.002578314966270155
8.186947760335686E-4
-8.169962606474391E-4
-0.0023185203119274384
0.0
6.455924919673425E-4
0.002016692656456834
3.3860294934472276E-4
-0.0014758320378178797
0.002179714643836592
-9.86050785492218E-4
-0.0010595344579782413
1.4329228267994775E-5
-0.0017702214841734019
0.0013242263001869228
-4.6027963360856326E-4
1.2802248397675672E-4
0.002550349690109901
-7.327975957967369E-4
0.00141930099838193
2.750536227620929E-4
-0.0025167732211474206
4.7530255793864167E-4
-9.259216888823528E-4
-3.962991148737057E-4
-5.948531199493582E-5
-0.001635310731003175
0.005053321742219103
-0.0028612326009210525
-0.0011469756409814007
-5.046582323899409E-4
5.954999863780573E-4
-9.746560623720699E-4
-0.003691835362180141
0.005470724952506527
-4.2248344562110835E-4
0.0
-0.0017031497870453763
0.002768999845693807
-8.399703412554392E-4
0.003355525035962583
-8.055864357605146E-4
-4.737071473025673E-4
-6.533835070874113E-4
0.0016379808078487992
0.0028179688244886164
-0.0016155607148060876
-0.002067766824651647
0.0020039401318082675
-8.385883809554891E-4
-0.004812272307468592
9.143209479206612E-4
0.0023574956166503474
-2.2814951188752973E-4
-1.9902184404091378E-4
-0.0015832608597300258
0.0021323234145465865
-0.0019478724238589395
9.575453464645177E-4
-0.0013929511208302277
-9.784876961937787E-4
0.0026920249977226726
-5.564611560122801E-4
0.0013622439186201114
-0.001596321133482054
-1.6009743100309681E-4
4.253972536455445E-4
-0.0017137672810141223
0.002098878849116073
-5.618107740005411E-4
0.0022204182678366227
0.0010486794397843863
-7.841993172017918E-4
2.3627291114297969E-4
-0.0024017449884041427
0.0017407488296586962
0.0012734240303860422
-0.003034161588619574
0.0010206943656789567
-0.0012547450956038946
-0.0019396046435943934
-0.0021900832092752523
0.0013496928880034425
7.590822974730437E-4
-2.8154694119740726E-4
0.0020636536156982787
-0.0019307728468923818
-8.134644854575619E-4
0.0024241085773196295
-1.3461875318994398E-4
-1.5343332301662226E-4
0.0015995650185700457
2.2438954736526604E-4
0.0013433493446156066
-0.0013001289650546321
-0.0014289892039184016
-0.002475652615975211
3.8657066853542334E-5
-6.487349359547115E-5
0.0016105278313109015
-0.0016002240005909127
2.1758158133714E-4
-9.828671451267421E-4
0.0019581277531345587
0.0
0.0014567007752908842
8.213872044276912E-4
3.544612596938651E-4
-2.595444592571373E-4
-5.101034936544132E-4
-0.0014488461074643926
-0.0015839859677370413
0.005933698645723056
-0.0021693779533634716
0.0020427968274765182
-7.451443037877348E-4
9.88124343196757E-5
-0.0010902276357131774
-0.0016826392213681123
-3.3649551776148074E-4
0.00210898266717777
0.0017208917367333885
-0.0011607061276760206
0.001103064398429286
-0.0010473116844586094
-0.0018301812760297509
0.0012292347861932004
0.0012587406836801409
-2.9633705619489144E-4
-9.434580548655998E-4
-0.0015669480090315597
0.002030497359563495
0.002592086352771864
-0.0019849135047477207
-4.0055895028432543E-4
0.002095210089352561
-8.239913361188914E-4
2.9565745606208887E-5
9.373756243934378E-4
1.1683138841963735E-4
-0.0021499179106759386
0.001745901787799157
9.577071379333767E-4
-6.258175499230257E-5
0.0024616717121863103
-1.521974341039086E-4
-0.002356907640520713
-0.002237308500414036
1.0675542755081648E-4
-0.0034352338516959848
0.0018108901912352168
-0.0013878881157292748
0.0015448594438057079
2.3675258343301198E-4
-0.0017566528245333522
-1.0283895003396942E-4
-4.134767479613136E-4
-0.0013815523101181118
-0.0014573772603079503
-0.001228495208400902
-0.0031635500219120223
2.781415717202027E-4
0.004406852430095061
0.00223156949562679
6.527693161929376E-4
1.307969357614068E-4
-5.7406327077068635E-5
-8.154613808951867E-4
2.0301913144049198E-4
1.316215480391599E-5
0.0012644103826479484
-0.0011646713272449275
0.001237463494022158
0.001095578350069773
4.908342085447074E-5
-0.001752928477624701
4.307890539577787E-4
-0.0015255693703781067
-8.946112511067064E-4
-3.864693780235789E-4
-0.0013852485414153374
0.001513832803342322
7.659838357709481E-4
9.622790920019694E-4
0.0011164998167901366
0.00379013240803312
-0.001043700116845651
-8.300622016725269E-4
-2.450317017964561E-4
0.001674668063075774
0.004291289963392867
-0.00372055410409566
-3.9797558156000795E-4
-0.001089518886137285
-5.630596003272279E-4
0.0013349811228565345
-3.9385392568967167E-4
-0.0017060500034571525
0.0029760267976377667
-9.237373589209159E-4
0.0018652228561345584
-0.005128537491908669
-5.178694036639571E-5
9.418587270668018E-4
5.132550671482325E-4
-0.0017418399018124418
-0.0010473368974688968
0.001905668283854173
0.0014373866742897797
0.003732019703985268
-0.0022915339908703915
-0.0020992243027315592
0.0
-8.723274287411444E-4
-0.0021786048081380354
0.001265667479541415
2.7136030122542633E-4
-0.0031489069677775854
1.489671511757863E-4
0.002161153203413548
1.3792534363037226E-4
-0.0026625452137701367
-0.0018786814605445982
0.0020602180430569494
-0.003002287167878816
0.0019526768059975781
8.460933878337927E-4
-2.0809749651647043E-4
1.4388706690764564E-4
-0.001141906037676724
0.004130475799818059
-0.0014941678522963112
2.7662565750520465E-4
-0.0013250132250176487
4.2266376984086075E-4
0.002592086352771864
4.337028947550089E-4
3.0270827063710133E-4
2.2089057931157571E-4
-0.004732819362043663
0.0013135412919520265
0.0029176432563110533
-0.0024661853879414768
3.5390958932316786E-4
0.0
8.654557785892498E-5
4.831731834996916E-4
2.844209233714527E-4
0.0026540257718053353
4.560655129542478E-4
-9.036289923887973E-4
0.00132324633928454
-0.0019269546633444775
-0.0037088387926320666
0.0011288378648199762
-0.001305369685514215
-0.0029205570378972143
-4.3428333399982773E-4
0.001030057082892976
0.0018009271528086662
-8.201694961363148E-4
0.0025404754958586705
0.0012867361740137968
0.0018579939078435335
0.0018860000690401808
0.0013136033527392263
-3.4208713696515496E-5
-0.0023255431043457337
0.001283830204035213
-5.287030656651226E-4
-9.593079471863436E-5
-0.003086205125521159
8.768439409051953E-4
1.3829004719969395E-4
0.0010148464213483642
-4.43818224762305E-4
-3.638901041289966E-4
-0.0038019952235670558
-4.093172725414137E-4
8.77154610092652E-5
-0.001112630065616913
-0.001107444141335635
-1.5114251213322808E-4
0.0017218819358887584
0.007036030618409484
0.0011271177613908963
-9.01920227801673E-5
-5.601354768635966E-4
-0.0023884237274055145
-0.0029405848056367817
1.211644952044406E-4
7.331584465325515E-4
-5.844364669542311E-4
-3.785008406194958E-4
8.019529549530234E-4
-4.57446734447624E-4
0.0
0.0017867936100474367
-4.075443355308935E-4
-0.0016292161332985694
-0.0033202700263508913
0.0030101455548561143
-0.0036352908963978273
3.116774758765084E-4
5.025471016870279E-4
7.93040491852253E-4
0.0018308423756008539
0.0022846410036773475
0.0015188263454325578
-0.0023705862517028743
2.0381741431309557E-5
-3.6438643465352364E-5
