0.0025786206932793924
3.363291886261297E-4
-0.0018088605863473728
-0.0011060892955581567
0.0030760179416158065
-1.4462211456845462E-4
-0.002017868221445874
-9.135276056014723E-4
1.7811876071271288E-4
-0.0020735386423801926
-4.8170476436262106E-4
0.0023771246460301005
0.002091579447512781
-0.002128529133822232
-0.0029702589172014224
0.0030072086035108745
-0.0012646588389072697
-0.0029562427349404917
-1.8320048680835806E-4
0.004404102060656123
-0.0022969658644880855
-9.94560122232834E-4
-6.784441995328525E-4
0.00396997018625376
7.19807095795875E-4
-0.0019888689074643896
-3.996606975414374E-4
0.0016687225092099545
0.002670427708764275
-0.0036730461903079123
-9.148793609445025E-4
0.001917497842488147
0.005055516090287754
-0.0052320738445510145
-0.002036210830536474
0.0022127685847997507
0.006218616599337551
-0.006178860895470791
-0.0017695640158521537
0.001729808311985397
0.012330148670031627
-0.009734340392343319
-0.007184436601768688
0.004588628324080357
0.00326870443242897
-0.0076753194528635564
-0.005178482395108238
0.009585097415542834
0.004554160033606123
-0.008788643187359575
-0.011304778880702153
0.015539262034455601
0.006685197143839056
-0.014867173443207456
0.0060752591932609
0.002106717106107527
-1.5719601894902688E-4
-0.0025550073034228435
0.004475356700536067
-0.0017631533781642104
-0.020489857853804583
0.004289610703625764
0.0062412329815582455
0.00995901416862057
-3.8853706268188485E-4
0.0018977110347248149
-0.011635348438482067
0.010126174466439123
0.013987245998665616
-0.010924463175878158
-0.005833007293823909
0.0027702244710364485
0.006755017962341096
-0.004483044717255762
-0.005269681998211257
0.0029977087531259283
0.003010946960948231
-0.007481699962148362
-0.006402530521194079
0.01087328352239422
0.002359022527804972
-0.005886898261144602
-0.004441662637097369
0.007969538370437
0.002361206173126489
-0.00458721586286487
-8.815744107641135E-4
0.003107584100502501
0.0023620100106775056
-0.0038068612952345576
-0.004048344785024522
0.005493196069581584
0.003187498860947938
-0.0025139659513146667
-5.308233254789608E-4
-1.427095841543026E-4
0.0029269046169107405
-0.003119869547981811
0.0013852286617298472
-0.0011922637306587746
0.004764289901721119
-0.003988714014447921
-0.0017346135498443327
9.590376625711458E-4
0.00198031466625539
-0.004445551926793706
-4.243024086251026E-4
0.002889539669163419
0.0014519525984517466
-0.0034493654864426464
8.443334843655291E-4
0.001153079403625361
0.004724608247429913
-0.005479771083586041
0.0033068045969382462
-0.0025516417607821195
0.0024463369214892472
-0.004547387982027805
0.001752567139053127
3.484839214854268E-4
0.0010639454571048802
-0.0030664853014255073
0.005006809129144984
0.0
-0.003791591238268474
0.0025500018744722833
0.0012289860305655454
0.0011836385135198632
9.635709585006859E-4
0.004662633287820294
1.1162246003876242E-4
-0.0013133743298679645
-8.287669420794868E-5
4.245789430031507E-4
-0.004969022305123454
-0.001393816091997708
-0.0010494414229491322
-3.294669386775895E-4
-7.153276076040572E-4
0.0035185253547457495
-0.001021106273054287
-1.3032312313955552E-4
0.0018760733091396755
0.0021552733866055124
-0.0010056678187405576
0.002443788960373392
-0.0033583758542068817
-0.005406983731390421
5.911782014335629E-4
-3.533514948457824E-4
0.0036871798746341052
-5.65645633697594E-4
-6.673664662826101E-4
-0.00463952648430515
-4.079589832063599E-4
0.0013270620025815122
-0.0017644515924855485
0.001137589723280126
-0.0049184538269497514
0.00181723100061146
0.002794266305602475
-0.001693417739277604
0.002300384222657719
0.005283230860011926
-2.57787829862927E-4
-9.779662948272948E-4
0.0020402249764787782
-0.003181920460374124
0.0026134777331253555
0.0013053481630309932
-8.835766936672606E-4
0.0
0.0022548926224466716
0.0016591766264541182
-0.0016467337616668637
-0.00273482538609923
-0.0023565158222470075
-0.0061229573526149755
0.001025148314619315
-3.452209427250265E-4
0.0018935926405975827
0.0010568385082989093
-8.58684049216879E-4
0.002033950104106141
0.0014153230089168204
-0.0023012685497541653
4.7717282615828164E-5
0.0027988435592200107
2.8167713166954715E-4
-0.0023805396465542985
-0.0014837383224415453
-0.003147529724050957
0.0015031069296658275
0.004169377260591288
-0.0019324341815141362
-7.40104164075673E-4
-1.8238115097465928E-4
0.002340351959220758
5.507107352086687E-4
0.0021369058138724943
-0.0031182347247300235
-8.937309829928834E-4
-5.183280880147142E-4
2.0803731437598304E-4
0.0035061700054517192
0.005097299195427517
-0.004062925957200651
6.759018573883864E-4
-8.112160103944223E-4
-4.973554911405496E-4
4.7779367626208345E-4
-0.0026293504236385053
-0.002154262559215409
-0.0014643889271293525
0.0022109290293816654
0.0038290399716007003
0.0028331696490001756
9.08202769549094E-4
-0.0038341656577960646
4.884468623623898E-4
-9.748334324120595E-4
7.647984780707311E-4
0.0013783123049281255
-0.0018782301942856876
0.001273157540259153
-0.0040443874367988245
0.0027111090930320167
1.3889994661657077E-4
-4.267909825681703E-4
0.0025132620547676367
-5.353466012193976E-4
-0.0033334726149515546
-1.529528728558386E-4
5.18458650259457E-4
-4.938069657341701E-4
0.0022724075062908215
8.918859636428871E-4
-0.00372030827742896
0.00160723717144344
0.0013712848039716154
-0.0014538315995752497
-0.0014368900756390076
0.002594113425057777
1.963067469290307E-4
-3.3840744836751997E-4
-0.0017014101142706739
-0.0016874358612103432
6.198213418852501E-4
0.0028997229072891583
-0.0012212026755091237
0.0010979796772984103
-0.0017991948487473112
0.00154108663737814
9.641799330013378E-5
-0.004783047692561697
0.0013772049489449265
-0.003309185030319763
-0.0012589526635377662
-0.0022511728147927815
0.0020207270797211892
-0.0027119334863858063
0.0012866737590677703
0.0024000935825293857
0.004792901387037855
0.0011852053047368791
-9.89231410859573E-4
0.0037202623083176347
-2.1133653384284527E-4
-0.0020430124100717837
9.674596090341603E-4
0.001082543789438731
-2.457412388861173E-4
-8.86635636347657E-4
-0.0021912138499437907
-0.001461837515562952
0.001978572198583768
0.0036699323342216403
-0.0016550470367462566
-0.0020562640805677755
-0.002937194473884251
-0.0017536087299033591
0.004025457346772772
-7.051191398636941E-4
-0.00105551261705041
0.0016150437219913344
-0.0013885145326105238
5.459554326521259E-4
-0.0025817403650200297
0.0010649557294106463
3.361731046954651E-4
0.0025560178723911886
-1.0656469365955944E-4
-0.0015697334468495019
0.0026416503213752373
-0.0024234456117238116
-0.0016827191569704998
-0.0036051002776442908
-0.0024502206504562764
0.0032918862353423285
-3.3840744836751997E-4
2.9792691760771226E-4
-2.9719536800950404E-4
-3.455277100938805E-4
0.0020326111330840387
9.167638533817865E-4
-0.002181223970968016
0.002341759074240868
-5.384416544940449E-4
0.001423912772597594
0.001322727289454801
-0.003193283893852438
0.003698938344206934
-0.0042811454222260095
0.0010585240111771503
4.8399099177962794E-4
0.0014648496237476191
1.1697855224863033E-4
0.002760095578444355
-0.002761507084601451
-7.507644361437358E-4
0.0027218533698364295
-3.934563570674515E-4
0.002925129962856105
0.0021514821054695954
-0.002651467852176167
0.0017102995749295902
-0.0015086045344742218
-9.546786362872877E-4
0.0018344258179236782
0.003802552238927179
-0.0033370084089409937
-8.889247810044601E-4
0.002920101472930773
0.0018935207359711643
-0.0013860380637125851
-0.004049416443475085
-1.694310374674385E-4
0.0033102222389003217
-0.0021973947311211403
-0.004443472650876463
4.0253958384832303E-4
-0.00190076339585412
-0.0022376542471291318
0.004318212537257747
-2.0816575991480183E-4
-0.0029548836060587012
5.986972618381444E-4
3.502510202603726E-4
-0.0028675930032042406
-0.0048405161409091155
0.0025580661009891735
-1.4517433662992335E-4
-7.914532590961893E-4
-0.0013836421257905247
0.002319091002404396
0.0010407709987586384
0.0016951357978241784
-9.969277227931698E-4
-0.0020419288635014155
0.00469801371862176
-6.049945308137575E-4
2.5574668843464203E-4
5.771488760818407E-4
5.842771398812019E-4
3.0826503240110584E-4
7.662792261726892E-4
-3.153410898893542E-4
0.0028368011644671117
-0.0019143910639188408
-0.005015941820828423
3.5542011303407294E-4
0.0013020127680985507
0.0011923764373162377
9.34330754111588E-4
0.0052894885148540806
-0.003544269605891867
8.04866418820385E-4
-0.0019422498276030443
-0.0022032336625044677
8.073717625623622E-5
0.004176594818519522
7.729350601008342E-5
3.178178793966039E-4
-0.002409766871445939
-0.001228398546397988
-0.002438423887464419
0.0014624083834898652
5.272427711311597E-4
0.0013577503359833095
6.80703437626159E-4
-5.280007707247352E-4
0.0
-1.6391337088289705E-4
6.196303988421125E-4
-6.425604930742641E-4
6.645955194913179E-4
0.0014093150154597
0.004917539446965781
-0.006014578228916188
2.671031661697987E-4
-6.68449017782751E-4
-0.0010607189191155564
3.897403217675412E-4
-5.65392522083451E-4
2.1153724653584169E-4
0.0019683514382179495
-0.0031938147910662617
-0.0010946279454691651
-0.0042192044395985085
0.0017667298111222265
2.33467039332668E-4
0.002065585598497574
-0.002407288222647978
-0.004074127414643172
-4.25309249904011E-4
0.0034239068224090827
6.969298087011036E-4
1.2167289749272995E-4
0.00264521223780511
-6.156859682550624E-5
-3.875279137157484E-4
-0.0020592003998395818
-0.0017526387392156535
0.004250160274221305
0.0026910529467673895
-9.47170297154637E-4
5.989988722213497E-4
-0.00170429755502153
0.001462693187856983
4.7235052348152377E-4
0.0011812306044165985
-0.0033693351053612165
-0.0034248096486534166
-0.0015752167306488964
0.0019118875413210279
0.002589439707730597
4.086584768309273E-4
0.0014839671092463477
0.005619712358113385
-0.0029950599304903085
0.0015251663691556254
-0.001152722810182165
-0.0028835763101427393
0.0016239343062756481
-0.0018179619923540161
0.0013697957562906434
0.0015738871276713968
-0.001628780806401367
-0.003024519036043946
-0.001360138727392469
0.00130926572238422
0.0010620637970274798
0.001769648665950338
-2.6134443865056246E-5
1.8897117613791748E-5
-6.557906004754755E-4
0.003956025214332452
-0.001248381375591557
3.0055078773540394E-5
0.0019036158816737917
-0.0018348978575890966
0.0020104949744538907
0.0017245027346332906
-5.070437896838709E-4
-5.258280890635039E-4
-0.0019717924733964765
0.0026295049194957195
-0.0050727233520427364
3.010007456989586E-4
6.285232632704503E-4
-1.393961018830883E-4
-0.002878219895314594
-6.469031472305202E-4
-6.453117279685692E-4
-0.002070203144283401
-0.001262309384650562
3.1256460386841836E-5
-0.0040384293832569145
-0.0030003424236849318
0.0020548287068188633
0.001863882034528124
0.0021436150394690922
-7.912148751095709E-4
0.0031929662854959014
0.0016595718772783406
0.001784340777015291
-0.004434095618028629
0.003479904323687797
0.0010387047334801816
6.342173599629169E-4
9.668845349431439E-4
-0.0010493884827519123
0.003768340823382521
-0.0013812498379123792
5.533845375490223E-4
-8.666539377682879E-4
-0.0021738056842059376
-0.001256588825415523
0.0010878592365044363
0.0024877933302237597
-0.0032192534089421
8.367162442109142E-4
0.002509708102619301
3.330146037371518E-5
0.0033364742203614763
0.0018597876428183217
9.045791637716321E-4
-2.2784785721368994E-4
0.0016587089052375258
0.0023869805563857265
-0.0039570808478145035
-0.0025008071675881225
-0.0013088881382519173
-0.0020721758453881036
-0.0010290231321293355
4.532472750599012E-4
0.00136703170689719
7.699508882502985E-5
0.0015825615799087717
-0.0018107360550840257
-0.002297211564095591
-1.7288191855873575E-4
3.8212789522226905E-4
0.0022347030212583057
-0.0023065789440611375
3.6293848916947027E-4
0.0059435076208619085
-0.006039255656395001
-0.002688344667898148
4.503968291838098E-4
0.0018170530745798062
0.0012723267403033102
-2.886634852616464E-4
0.002697391611565539
-0.0014720065768846163
-0.0018843713764539402
7.561304860083183E-4
-0.002842178973747153
-0.001614362682404689
-1.5985960464173971E-4
-0.0032208131822476518
-0.0028840351544383424
0.0017341516821401204
0.001925791667810495
0.004308051937099356
-0.001144374698087554
0.0026600827066626874
-0.0015883449423996845
-5.423758452986673E-4
-0.0017361532395761504
0.0016310613965536984
0.0023175677490255226
0.0012769234803476693
0.0016440214180737617
-0.0010986185230678056
-0.0013113584953680876
0.00419375612999953
-0.001217089808377291
-0.00585463164135253
0.006101411160361889
5.079815209577422E-4
-0.0012254084540618292
-0.004094577868276984
0.002767118301702447
3.033335304936896E-4
-0.0014162873883375132
4.289653216930908E-4
6.631838244221741E-4
-5.444775878095821E-5
3.7947969812373336E-4
0.002012749337835738
7.345353454433624E-4
0.0027520211448152747
-0.001998406581450624
-0.003313911181458496
0.0030490447866800396
-0.00178594652969904
2.516477021292182E-4
-0.0031068559573471633
0.003214880638438391
0.002085572383674341
0.0010263107746281833
-0.0024899842152292717
-8.626187903846415E-5
0.0018319269864757245
-3.831294119567527E-4
-6.830966561751873E-4
-4.406280094155159E-4
-0.0012154358064664162
-4.361505956695325E-5
8.66011450248342E-4
-9.581665014754099E-4
-1.0327465245753444E-4
-8.378733701817514E-4
-1.8115820494248665E-4
-0.001011746958583233
0.0028023047604295117
-0.001110642119011252
-0.00269855061020203
4.94027972973032E-4
0.0030555321716816035
-0.0028478626490768986
0.0010042671061096342
-3.9313597680730716E-4
-0.002468463344976534
0.0010558752597625383
-7.8618209177128E-4
-0.0017927919913684012
-9.559399044913714E-5
0.0032074088718949635
-0.0032755064086000658
-4.8277369200958796E-4
-5.342969141055652E-4
-0.003613608156471266
0.0038440793014565735
0.0032081731437862315
0.002031569154778495
-0.0017191285942735866
5.268853463256574E-4
0.0
5.077204329520209E-4
-7.350150807025495E-4
0.0019419299270310513
-0.0020926892068036163
-0.0020548846264105175
3.7265451526654356E-4
0.004382433243943676
-5.29621411528758E-4
-5.356868121237169E-4
8.170433054156664E-4
1.8732559692314987E-4
-0.0011830379483053679
0.005844678920227722
-0.004277220628193555
-0.004319991291976693
0.00961711355409739
0.0029376575531462655
-0.001581420695891925
-0.00478476663654797
-0.001142111177889875
0.0022790747509381965
-0.003002843730355362
0.0035380421388092197
4.653197470378973E-5
-6.966910699702815E-5
-0.00305208792222836
-2.9653257544546706E-4
0.0033190609638913946
-3.6679308566534615E-4
-0.001655878105473402
0.003911304877378428
-0.0023127912599153347
-0.0032162973562144563
0.005225735036285731
0.0034505734615553523
-0.007181172603584217
-7.226010585605159E-4
-8.344204082495765E-5
-0.001642297175506339
0.0011561883789414304
-3.4791845064487635E-4
8.181169956214474E-4
4.0260187673129655E-4
-0.002667403334675255
0.0020003992679677057
-0.0025946663644260174
-0.005984142486992847
0.002538709784434929
5.492607905600634E-4
-0.0013252493344231655
0.002682464477785641
0.0010873617851864365
-4.610520279478879E-4
-9.151458098182292E-4
1.6999313476182606E-4
-9.748826239417483E-4
-0.0018545956086442974
8.960703356795724E-4
-0.0022742408073502147
0.004423504656631752
0.005182815522409429
0.0018351426121939096
-0.003200064716728769
0.0
8.719617743463664E-4
-0.0020004883636218773
-0.0010288330512395819
-7.235365549235762E-4
-0.001691451885052752
-1.0594543004279638E-4
0.0024777836656528687
-0.001837516277608898
0.0013946786701630413
0.002084983053175671
-2.8633149265543605E-4
-7.604289412678452E-4
0.021697913326527173
-0.003731186227919118
-0.008777005749491031
0.003471379275822488
-0.001644382632031877
-0.0020695093627380676
0.001096180454488573
-0.0040749109456176946
-0.004739147675039498
0.0017000632949033547
-0.004758604936588574
-0.0017952043015951643
0.0
-4.315282010366841E-4
7.727045115794621E-4
0.009501855768074208
-0.00249020546114226
0.0016916260128929462
5.151270078688725E-4
0.0014260352022186795
-0.004906851235688719
6.395526351955087E-4
8.051811028803339E-4
0.003780694139961642
-3.0444809989423364E-4
0.0016457147836141566
0.0024558322655621706
-0.0034776606977286514
-0.0012222163077122157
-3.084156558016619E-4
-0.003147891570612866
-0.003280935017084488
0.0075257274230220205
-0.004972070542997839
-0.0012708974935562115
-0.0018787896070909318
-0.0018267967946442448
-0.0035860664907103254
0.0034697185533673967
-0.0021642322790541703
-0.005690269747565647
0.0057231927852515385
0.0052088729352363
-6.982742092046146E-4
-0.0029919586335302286
-0.00469723427974849
6.781761549284358E-4
0.005401338210444858
-0.0013682025084097793
0.0
4.90698012286619E-4
0.0
0.0014083606224742941
0.00104210958323942
-1.801698715974355E-4
-0.0015232178718679482
-0.0011339924122693277
-0.002409373049028412
8.814142975256301E-4
2.0744816505228905E-4
9.551745683335153E-4
0.002087805262020112
-0.0034178180689859094
0.004689571583212328
0.02184189827659167
-4.0079681936774583E-4
5.465229298328469E-4
0.003377608392940378
-0.00488266823440627
-0.0013807021840057975
0.0013239058546150257
-0.0020721661942269686
-0.0017733245878484734
-6.678235560579442E-4
-0.0061143359072331855
-4.865941717521464E-4
2.1999868786644577E-4
0.0028733674583497886
1.7444378492284312E-4
-2.491850601888417E-4
-0.006240122829752358
0.002531534519275375
-0.0017148658588064104
-0.0015462158706071537
-0.003637355022311486
-0.0012962116492407118
0.001397453773961494
-4.378007374227599E-4
0.0017261736318871632
0.0023722371886862152
0.001306876510642318
-2.1437709207682834E-4
5.450360922803553E-4
3.352711633809363E-4
-7.2816163655927E-4
-0.004133812575680192
-2.951126880738927E-4
-0.002303886181343095
-0.004362863719865287
-0.004905995345486431
0.0033921741319930714
0.004680768286512217
-0.0015779667014407684
1.646220976761173E-4
0.002053912867041558
-0.002105143190933029
9.021085502222679E-4
0.0029366363354047294
-0.0025344746423434338
-0.003724824619285078
-0.0012268211732815106
0.001722429391433881
0.0
-0.0032576979520581428
8.111881242894202E-4
-8.124905451402062E-4
-0.003283923488701498
-0.0018205965700546496
-0.0020620195019864563
0.003817166686175879
-7.25847117420885E-4
-0.005505984612557576
1.9391586348736306E-4
9.230868934002204E-4
-0.0018522050431958414
8.818455313396667E-4
-1.7415977350284436E-4
0.017456349830005928
0.005472920606405063
0.0
9.41733190263965E-4
0.008892008962096397
-0.0012222163077122157
0.0
-0.0013381594923219588
-8.704706334594339E-4
-0.0024648579634804846
-0.001351101438391254
0.001976383408842792
-0.0028804425315204843
0.0
-0.002725005400763778
-8.438685546607826E-4
-3.1821941286885305E-4
0.0032896298605518833
-0.0027637670062359253
-0.0023686401303424274
-0.006568995337399713
-0.0014552114131389387
8.735346986057367E-4
0.002278362500580628
-0.0015134279028363713
7.107031873302724E-4
-0.0011741690569614654
4.716784168736453E-4
-9.268391220931569E-4
0.002869506492139663
-0.001040529544407933
-0.0015373399059702714
0.0011801848104408092
-3.590734305290479E-4
8.542696427453859E-4
0.003716348052780985
-0.002930629471337958
0.0012107078948968449
-0.0026391910458298954
-0.0010061573015861594
-0.003472073718343123
-0.0013225629796998531
7.394059431230938E-4
-9.478570239322504E-4
-0.0021804209223722287
-0.001593256032115791
-0.0028000325291503807
0.004000468258607081
0.0035515722676350663
0.0
0.0
-0.0037021929995535306
8.054809416105694E-5
-0.0021733108357442433
-0.0022955261941509848
0.002953494961181946
0.0018810016024985955
-6.46527300766129E-5
-0.0012354425113517118
9.705073245417851E-4
-0.0016251108815342422
0.0037868707950125175
6.9038099956165E-4
5.104984879554376E-4
0.009808031303041169
0.0
0.0010145703132016684
0.00738890672322623
0.0
0.0
8.682523250391251E-5
-0.0019963225959944517
0.0
0.0
-7.049449891998514E-4
-7.078068976511583E-4
0.0
0.0
-0.0023983022278907316
0.0018712344754105137
0.0
0.0
0.003431306488285217
-0.007071337149983771
0.0
0.0
-0.0019228881885458365
-0.0014825037523538312
-6.557906004754755E-4
-0.0010061573015861594
0.007669128232071106
-0.0037754302626304896
0.0
0.0
5.723608997955341E-4
-0.004547331551935866
0.0
0.0
-0.0016245436631706078
-0.0015168268227560696
0.0
-0.0011741690569614654
-0.0018471380066198725
0.0
0.0
0.0
0.003522321743102617
-0.0010516096167766458
0.0
0.0
-0.0020521111841061085
-0.004453339495725273
-0.001107362777688735
0.0020231303395985985
-0.0016975090959175138
0.004737500011355302
0.0
0.0
-0.002933620923291079
-0.002941565551469362
0.0
0.0
-0.0036704619336412987
0.005800220219572758
0.0
0.0
0.0
0.014221568968248189
0.0
0.0
0.0
0.0020231303395985985
0.0
0.0
0.0
0.0011238240423987636
0.0
0.0
0.0
0.0035382427618416905
0.0
0.0
0.0
0.0
0.0
0.0
0.0
-0.0011741690569614654
0.0
0.0
0.0
-0.006616821885952874
0.0
0.0
0.0
-0.006420391899817644
0.0
0.0
0.0
-6.557906004754755E-4
0.0
0.0
0.0
-0.0010061573015861594
0.0
0.0
0.0
0.006816043052332576
0.0
0.0
0.0
2.6537344251445776E-4
0.0
0.0
0.0
0.0
0.0
0.0
0.0
0.0
0.0
0.0
0.0
-0.0038780525122013064
0.0
0.0
0.0
0.00709213239599757
0.0
0.0
0.0
-0.001107362777688735
0.0
0.0
0.0
0.0
0.0
0.0
0.0
0.0
0.0
0.0
-1.5719601894902688E-4
0.0
0.0
0.0
0.0
0.0
0.0
0.0
0.0
0.0
0.0
0.0
0.0
0.0
0.0
0.0
-0.0025550073034228435
0.0
0.0
0.0
0.0
0.0
0.0
0.0
0.0
0.0
0.0
0.0
0.0
0.0
0.0
0.0
0.004475356700536067
0.0
0.0
0.0
0.0
0.0
0.0
0.0
0.0
0.0
0.0
0.0
0.0
0.0
0.0
0.0
-0.0017631533781642104
0.0
0.0
0.0
0.0
0.0
0.0
0.0
0.0
0.0
0.0
0.0
0.0
0.0
0.0
0.0
0.0
0.0
0.0
0.0
0.0
0.0
0.0
0.0
0.0
0.0
0.0
0.0
0.0
0.0
0.0
0.0
0.0
0.0
0.0
0.0
0.0
0.0
0.0
0.0
0.0
0.0
0.0
0.0
0.0
0.0
0.0
-0.020489857853804583
0.004289610703625764
0.0062412329815582455
0.00995901416862057
0.0
0.0
0.0
0.0
0.0
0.0
0.0
0.0
0.0
0.0
0.0
0.0
0.0
0.0
0.0
0.0
0.0
0.0
0.0
0.0
0.0
0.0
0.0
0.0
0.0
0.0
0.0
0.0
0.0
0.0
0.0
0.0
0.0
0.0
0.0
0.0
0.0
0.0
0.0
0.0
0.0
0.0
0.0
0.0
0.0
0.0
0.0
0.0
0.0
0.0
0.0
0.0
-0.012117756624445902
-6.474803854854361E-4
-4.62848785800319E-4
-0.0072617720580729255
0.00914644590092176
-0.008596939592441708
0.004931995274186053
-0.0011918908790403398
-0.004566969244376795
0.007392239340973676
-0.003122770145308133
0.006538733030269516
0.007149742905219066
0.0037498916716782894
-0.012981724781559657
0.012041104373282872
0.0
0.0
0.0
0.0
0.0
0.0
0.0
0.0
0.0
0.0
0.0
0.0
0.0
0.0
0.0
0.0
0.0
0.0
-0.011754746115647257
-3.6301050879864437E-4
0.0
-0.0010089470853379377
0.0
3.6146669985250165E-4
4.8639310023451806E-4
-0.0024953299084981974
0.0015460880224633603
0.0
-0.008418338003231874
0.0
0.0
0.0011565659451589487
0.007880084556735027
0.0
8.862948674721641E-4
3.800664767145703E-4
-0.0028891632792553907
-0.003235512547213536
-0.0029689035589368037
4.966397929640222E-4
-0.0010737169972893448
0.005657465181781761
6.758753534135777E-4
-3.2762826371994047E-4
0.0024543248332640965
-0.0016419063447279422
-0.0013404103777904682
-6.638989897860255E-4
-0.001725332125985119
-0.007743458006755298
0.0026562675189570825
0.0022455533694065253
9.890000910424265E-4
-0.005807021904010376
0.0032591354576243167
0.00895112569631731
-0.0079338226793242
0.00401981468207011
4.8501290803498135E-4
3.062249439109749E-4
0.0023377977379806522
-0.0012449368594977272
0.001895748637524564
0.0035501235142620276
0.007614182169749886
0.0
-4.644392645308198E-4
0.0
0.0031327298127576493
0.002130505471977479
-0.0012258460716565768
-2.8749754140026354E-4
-1.1663648137202042E-5
-0.0010544279918385663
0.0
-0.011915633141583889
0.011144770430124495
0.0014992921361720866
5.169153292479604E-4
-0.0011198735222616696
0.012528102914434042
-0.001103373254341349
-0.0014383384086384743
0.0037825433490455826
-0.001794593244135599
-0.002893804224652472
-0.002915106038441385
-1.399544995258401E-4
-0.0015428997468966044
-0.005299390617293782
-0.0016289997711422047
-2.053328584162353E-4
-0.0020673080638201743
-0.002059892418220223
0.004012795954072738
0.0023770138652901107
0.005980783904370861
-7.889385874769142E-4
-0.0011181903723219608
-0.0028410883200273
-0.0024051435468089074
0.0013231782912213207
-0.0024421224447839125
-0.0043968883642128715
0.006135750441021628
0.0019641225014380734
-2.803944915392954E-4
-0.008755092623889467
0.004691100677674855
0.006131717624888145
-0.005580268379823871
0.004279184724994439
-0.0023308782529679753
-0.0029813159748991016
-0.0018883731884107515
-0.0013322428082384002
-0.003836469225055065
0.002036377755785497
0.008747903133899051
-8.202897011143784E-4
-0.004152464059965029
9.659159746519723E-4
0.0016907381008914825
0.004202786268333493
-0.011915633141583889
-0.0012778254351739414
0.0
0.0012564221153649761
0.00897309131044687
-2.5235032973387983E-4
-0.0012021859825756221
0.0
-0.004003554390425893
2.4007680448229424E-4
-6.364565023712142E-4
0.0030123830202612306
0.0023140322946237106
-0.003745582741935427
0.0013015531602229634
0.001202250876070808
1.811000914282631E-4
0.0032580399140040277
-0.0018922367672487934
0.001376013709189783
0.01958289176056907
-2.5003581199651887E-4
-0.0025973467134175346
0.008415590641128777
-0.004010116395295329
-0.0025181016667587272
0.00252949135655755
-0.0011272514409547381
-0.0010449779352781478
0.0031494970106551038
-0.0025505729209320547
-0.005201034106391711
0.0
-0.0047485576730072285
-0.0013100719445983708
0.005667841838385482
-0.005523660495511035
-0.00164309089861216
-0.0016770185584756665
-0.003195990453826604
-4.098726851624692E-5
0.004323725855714589
0.0041733437185837545
-0.007750253678945457
0.0024125271418770017
-0.0018159580609667472
0.0024938879367285196
-3.362388693362357E-4
-0.002214534942758963
-0.0019210977565774943
-2.480499808752112E-4
0.0020389331356198094
0.009065761799139626
-0.003959950350048671
-0.00405533990685321
0.0017039473865459605
-0.004933903744589252
0.0015180487819467054
0.0011136760340553706
-0.0038127559545519875
-0.0024020007231201146
0.001211830772536946
0.003961870679947644
-0.0016888037309315304
-0.0016046513577825461
1.54169945177785E-4
-0.004354028776039954
0.0022491218507433115
-0.006779781934306254
0.0
-0.002330958501994691
0.0
0.0029508874216904167
1.4947054095522188E-4
0.0028822672965941824
6.941442625818701E-5
-0.0037570368108164366
-0.0031853851339578155
-0.0010886086791246662
0.004571321430898991
0.0013105304456464406
0.002053734482790651
-0.003345071561349743
0.009269441047751962
0.0031612744341615647
0.005427633246260746
8.869436543773065E-4
0.006869359795091787
-0.0016491780108371242
-0.001109289041872563
-0.002204660754299527
-8.899492536481361E-4
-0.005009218332158194
-2.0058109660170366E-4
-0.0029150837316164902
-0.002535780520364714
0.002530779388028705
-3.333434249032587E-4
-0.0040839446055718435
0.008810056216294533
0.001819374793849071
-0.005681007895332582
0.001305935202188618
-0.003478422087415519
0.0013919044461131397
0.0018661402385794362
0.005588677381432306
-0.005373578554267093
0.0017660852271964296
0.007787294930315061
0.001624037705504571
-4.7863945722520463E-4
-0.001933400278526507
-0.004119144512304022
0.001181780662006106
-0.007750082519369571
-0.0022291771224305424
-0.003140511128537581
5.511350713247097E-5
5.230864164979549E-4
0.005113476688071079
-0.004810894073190021
0.0031650732158096913
-0.004107671242423261
1.2374012040332815E-5
0.0024690362804190946
0.0014972229782667982
-0.0011620562541067806
-0.002035200173090947
-9.071584542139693E-4
0.0019268198205388692
-0.0016392164689944394
0.0012564221153649761
-8.27304000111748E-4
-0.002937773970148297
0.0
-4.884654621892218E-4
-0.0027498464532661653
-0.005944931201843173
0.004721492115682272
-0.0033884065175531696
-0.005488421304042068
-6.642580319713601E-4
2.8386359070332E-4
0.002040377319765387
0.005930498427656741
-0.0029226144689034122
0.014177076593981847
5.306491286314842E-4
6.011710542860797E-4
0.0019069837771955875
9.690902608319188E-4
0.0010064056050935943
-0.0010571953783213251
-6.674145532073148E-4
-0.003502985451286116
-0.0023149240242388487
0.005431974539356347
-4.502808560150036E-4
-0.003356551265552395
0.0012552888149236462
-0.0036293338976481223
0.00315979289301848
0.003128276313880219
-0.002049128729935398
0.004848127620644523
-8.864205706236314E-4
0.002455159341072378
-0.002994777867571806
-0.0013674772734081201
0.0010800896107483935
-0.00352172379951778
-0.0023317202303754373
0.004170154894256267
0.0031962311947920418
-0.004430507217573575
0.0010802939133286785
-0.004733920195843609
-0.002132158627935587
1.3607797579429906E-4
0.0035886641788753283
-0.00614295544270867
-0.005320175473744441
0.0012553011271031799
7.920181588511525E-4
-0.001546459381318773
0.0014651319610403128
0.003856638071517692
6.400800339268218E-4
-0.0033845841584599695
0.004227682605603703
-0.0019412595608870383
-1.2608196728116015E-4
-0.0031494168672082817
-0.0028238989158755586
0.0022067851093716217
0.0
0.002579976931242749
-4.402039653960419E-5
-0.001933400278526507
-0.002266185701440177
0.0012916135723178
0.0017919183009848173
-2.4649413562694944E-4
0.002544784407423965
-0.0024324655987253314
-0.005016087737655968
0.0010058103370270536
0.0030058404529146572
0.003933573718673564
-3.6894762255035274E-4
0.007027367272874499
-0.0023324217383173616
-7.505099005678728E-4
0.00515311621645665
0.0
0.001257264686350612
7.290417638978631E-4
0.002077358442251154
-0.0021773447290349486
-0.0018588755120980249
0.0022513295180378776
-0.005191786240291146
4.556995706392047E-4
-3.119489384276219E-5
0.002283014619210401
-2.798259523298371E-4
7.741566774431674E-4
0.0014588406747539013
7.851071196265363E-4
-0.0044568517319465125
-0.0012496358675011614
-0.0019227418818039462
9.654234921716957E-4
0.004861096396303209
-0.006583296467401376
2.4766790468048447E-4
0.003493831375747464
-1.692575364784215E-4
9.748357561668256E-5
3.439277042860877E-5
-0.004336468220520348
0.002413964091357052
-0.0015264539561784657
0.0016262366398008502
0.0019326762232984222
-0.003194082661582309
-0.001826610014780462
0.006740828338140566
-0.003856041903915137
-0.0019052617284862038
0.0028055549706880877
0.0014934534002257367
-0.0017162223633026916
0.0015310762443763383
6.492379254253887E-4
-9.561129727526005E-4
-0.002928630237323388
-0.003933582301043135
-9.041821958668294E-4
0.001741226428601999
-0.001125945360361283
0.0011510612257395268
0.0034489989199055792
-0.005018228199551696
-0.002865366093074268
-4.595151560929879E-4
7.640122066925018E-4
-4.0783029659387595E-4
-0.0022398494228756823
-8.114391219009566E-4
0.0012939065680274953
2.895046626549989E-4
0.0035717480947158493
-8.344149713569336E-4
0.009471668885906726
0.001023029997128334
7.652530400539118E-4
-0.001360651387937669
0.002066250355594812
-0.0017432929818731336
0.0020663590413971876
0.0025054529993306586
-0.00198719097685891
0.0011202907745681476
-0.0028308055647519397
-1.1947448537144844E-4
4.832323242225959E-4
0.0
-0.0013587946454313635
0.001521995932112535
2.095517509427844E-4
0.004543098590930594
-0.0037015217025047724
0.0018073973846887258
-0.0015918513299790114
-0.0019678425948844794
-7.322636412541977E-4
-0.003102551814001952
7.75715309220784E-4
0.0023790950888525363
8.915198476169186E-4
9.426687116107866E-4
3.603943058949282E-4
5.4108330281464454E-5
-9.32306462339879E-5
-0.0024594854176996513
-0.002692466285403561
-0.0023550857888387207
-0.0034548670553027584
-0.0016111634224342314
0.006895531762790032
0.0026147320780320654
-0.0023227536966151036
0.00234296576467512
-8.458550384851148E-4
-0.0031683480073069472
-0.002981925310916798
0.002478330668357947
-9.694640044283885E-4
0.0026215213176193366
4.7271365133722725E-4
9.131639570556273E-4
-0.0015110712863034197
-4.555865364402527E-4
-6.621128508147709E-4
4.1912310373320473E-4
3.516585001006029E-5
-7.209212980630096E-5
0.0017993241986380005
-3.3610933426388807E-4
-0.0028014584784852967
-0.002256713620320524
0.0028849601977494876
-0.0037413217312260664
4.79216020424248E-4
8.505843430058111E-4
0.006744179185718289
-7.311642541086585E-4
9.515901366891554E-4
0.005064369266357583
-0.0011403536503311461
-0.001783782429979588
6.152230767331067E-4
1.4050451044555871E-4
-0.0037863509562678227
-0.0013057683356595116
-0.002101633787086616
-8.835173721264498E-4
0.00410485923803316
-0.0030723009405572987
-8.943352472993825E-4
0.0031795565994170746
0.004364752374761327
-0.001485066360314488
0.0013458540245519794
-0.0034368542661229215
-0.0011503862448600734
0.002443301553310534
9.754433291406142E-4
-0.0011814147159937797
-0.0011657598829267694
0.002616388913089988
5.414515879964483E-4
8.200390210818761E-5
-6.023471292714827E-4
0.0028329043191197023
-9.0280347621647E-4
0.0010283990960324335
-0.0023200176022462825
-0.0022815030927235518
-0.001285667585671136
6.313404220240659E-4
-0.004201472709291592
0.0011052101388166963
5.39246384244044E-4
-8.1469207130036E-4
-0.0012962972529953578
-0.0010560115817197808
0.0011307500757131664
0.005077077387896365
-0.004463361424999352
-0.0018964008699106822
8.428880703848863E-4
-6.323141096803734E-4
-0.0013470096943468514
5.503320623330456E-4
0.001782370387807563
-0.0024873253493508233
0.005195108546008624
8.184307942488113E-4
0.0
1.2850024772056686E-4
0.004144895300609637
0.0043225380654671386
-0.0028310660684071776
-0.0015164223483695328
2.3876641988657306E-4
0.0016817023993353965
-0.001159536253492585
-0.0014523065821468563
3.051051202555941E-4
-0.0021047459731265627
2.095517509427844E-4
1.2797687498502402E-4
-0.0022144165120243347
-0.0022584909041223566
0.004116460614069572
8.921939922528388E-5
-0.0027096600704042094
-3.77475656068945E-4
0.0017008122687736816
0.002385277060396525
4.2710251702238075E-4
5.725378653605137E-4
-8.017573863829672E-4
0.0
9.943404467544058E-4
0.0016360399890519878
-5.00467645688629E-4
-0.001969572614224766
0.004001066891859887
-7.057213728808723E-5
-0.003688024169475048
0.0017835932325789218
4.011867750650415E-4
-0.002011020062438428
-0.002277272736785847
-1.372613119872705E-4
0.002081806460488266
0.0012372264844453657
0.0013953754282314767
-0.0024687160283569545
-0.0025890820945942395
0.0015625850659985964
2.3471486516841696E-4
-5.02273930907451E-4
1.1423367045039089E-4
-2.589042982395844E-4
0.003406086128205214
-0.0033149281951755823
-0.0022513173505950674
0.002514097349507338
0.002330065299912214
-1.9143419744290652E-4
-0.0035813000302955043
0.004029244532277146
-7.106053965516192E-4
1.7361254741560857E-4
-0.001294569914918595
6.329670970823221E-4
-0.0016257966362028863
0.004451339877865939
-0.001931681951902272
-0.0016869331671436553
0.0012906102448022665
0.0030502238488999303
0.004708729075247802
-0.003088955614081168
-0.003667167111642779
-6.697283628552546E-4
1.5592686443844511E-6
-0.004769806939674759
1.1699267005407148E-4
0.0019569617013040805
-1.4671119524627357E-4
6.028468454893785E-4
-3.6098877391599446E-4
0.002792031122791052
-5.112203257252599E-4
0.0012216756498276767
-0.001395016239174723
-0.002772063125668225
0.0035097710061412347
-7.685083245225555E-4
2.5424332159972723E-9
-0.0016950985397709184
0.0014540954335079408
-0.001990491793477541
-0.0020434056070531646
0.003755579194715706
-7.372429790280868E-4
0.0015660787618514403
5.40717840062945E-4
-0.0024890289887279883
7.985322388312418E-5
0.0030839309566581073
9.333530937153111E-4
7.809675216962164E-4
-0.0018922886466663028
0.0018104013804127058
-5.501418261290499E-4
-0.0010132384789091808
-0.004207384897881963
0.0015915861279620195
6.656832657479209E-4
-4.555915104526003E-4
4.7334782481621624E-4
-0.003422196287942495
0.001490877693836149
0.0018005124214444412
-0.001624582248719073
-7.86517088300302E-4
0.001997440103686027
0.001341713265028741
4.794577138402022E-5
8.296542108250649E-5
-0.0025434562416357396
-9.372406145918921E-4
0.001814248830380327
-5.569553959424452E-4
7.491491225622797E-4
-0.0025434912917110188
-0.0011465982392393752
-0.0014978318572706495
0.005187926703572006
0.0
2.860002961406671E-4
-0.0019674053932090796
0.0013432633174311468
-0.002132904882058576
-5.31241295146759E-4
8.213357765091133E-4
-0.0011932123573084794
0.003248482658112014
-0.001888022183133339
0.0036145359813896855
-5.405574587460768E-4
0.002299685914357622
4.277665024929281E-4
-0.003226906323653292
-0.0017530842838363496
0.0012297525061002082
0.0010242664721407412
-2.2381967721040526E-4
7.331525447696035E-5
-0.0012851657629029687
-6.187972255452438E-4
-3.324490061580221E-4
4.6646294018569314E-4
-4.2866786131263144E-4
6.480745574834754E-4
-6.418275758959081E-4
0.0019741050047014683
0.003925633542421431
-0.0020271152242697103
-0.0012960944536404174
0.002276616411146458
4.215638127084961E-4
-0.0015261613037344985
-0.002496476728931808
8.18786998955965E-4
-0.0037303382286623388
0.005250927634198435
0.0016402773584298677
-0.002026679928253769
0.004973383212830171
0.0014527441053152346
-0.0026992353548334347
-0.0017806977098301997
-2.641985456736535E-4
-0.004872403549800961
0.0034638250951689793
-0.0026140308823344185
2.2448654860784088E-4
0.0016988472303167401
-0.002258187436455765
-6.224131762879392E-5
-4.40354725425255E-5
-0.00297642994819411
-0.001224599001446597
0.0014180016050561986
-0.004660453395116866
-8.520946518809422E-4
0.005784080364758833
0.0023871426021706923
7.0754906505900855E-6
1.876072562835816E-4
-4.269781062501716E-4
-9.368353181730402E-4
8.339586952921113E-4
7.668547916888771E-4
-2.2902436456984782E-4
0.0016843931844985685
-0.0010740014561161902
6.701228907022784E-4
0.002806799108509675
-0.003385647434054085
0.002447337147665165
-0.005761960145072442
-0.0016002693156068825
-0.0016659633940008392
-0.0011243776354970916
0.003486151623925899
5.783125784974423E-4
0.002526351386708501
0.0036689504485494994
0.0036369746351209323
-0.0016284865696507035
-0.002967676951311073
0.0013675174556957107
-0.0025770350565498786
0.003398587367011947
-2.2526257574591898E-4
-6.740669567807609E-4
-0.0035718871585902015
-6.103449733950766E-4
-3.5120911840178393E-4
3.5400696819297916E-4
-3.188566230485979E-4
0.003949339053416699
-0.0014702352782583808
0.0022085568601507123
-0.005671835127218741
-5.301943940953374E-4
-0.0021400682590606607
-0.0017827366499307364
0.0028656978195536293
0.0019662880941054266
-7.234259125669652E-4
5.214366729970549E-4
0.0038697743808378117
-0.0015115172896779164
1.0334695177971476E-5
-0.0029397982673228734
0.001476401393094702
-0.0030073617562976474
9.42895813459858E-4
0.0016602131378245098
-0.0010553171120372096
0.0013588833460682788
3.678197322102589E-4
-4.2440989095203404E-4
-0.0016027771132480603
-0.004039180947678312
0.0015531318177237313
-0.002040236776280357
0.0030810329291977106
-5.610784387772021E-5
-1.4194019061702446E-4
3.851733081014208E-4
-9.168692144829874E-4
0.003040365220767412
-0.0015940828113447237
-0.0011243776354970916
-0.001671956459801352
0.001666205680926923
0.003674261266272797
0.002366557380146372
-0.0016883332564484527
9.416498237658777E-4
-0.004845633841324989
0.0015365210593661202
0.0019007499594639737
-0.0012568805240736362
1.386746190193748E-4
-3.5869886683060845E-4
-0.00323553507942933
-3.744396903779684E-4
0.005220775233985407
0.0042172622675154155
0.0018604635226112606
-0.0024827445250800613
0.002818361545981016
-0.0019005691005710658
-0.0013579480123459275
0.0015676871621067411
-0.0030713041131261174
-0.0019271135545838956
0.0019546794254495315
0.00217071100642244
-0.001331868814038914
-8.639996735952158E-4
-5.923291211649389E-4
-2.0915600926895502E-4
5.998205921404358E-4
0.0022108636035227565
9.598513959877398E-4
2.886253845808029E-4
-0.0019324120891319888
-0.0021045704779892238
-0.0015728572800446901
3.5780436548510657E-4
3.171757858560498E-4
8.930039627447466E-4
0.0012881477806623949
5.840408203146214E-4
-4.97848226516825E-4
-7.545103274795111E-4
-0.001915797584172825
-0.002144926953100519
5.74044352838715E-4
-0.0012139093145861687
-0.0018309532955672779
0.0029968627050114133
-6.083460955559085E-4
0.007609156521295248
-0.0035025230434223365
3.142556108456252E-4
8.587810221907556E-4
-0.004243002854965781
-0.0011739452040809878
0.002763308773843351
-7.812113458209344E-4
-5.726191779561714E-4
-0.0020587248258015587
0.0012969046467584881
9.902993621777793E-4
0.0
0.003291504369334255
-0.003930201224974071
-0.0019206200022192656
-0.002477622491528514
0.0017675287238554033
-0.0011371185126110503
-0.001147647243582052
0.001518918871592257
7.938699048773261E-4
-0.0011744197499112255
0.0024695338009501377
0.0020550486680743704
-0.002458354738205167
4.909336386304157E-4
0.0030117253893425415
