0.001970448868444762
0.001026953011642619
-3.6632854986087696E-4
-0.002631073330226516
-9.422417992698371E-4
-4.86576873522172E-4
7.336344397245898E-4
6.951842330674175E-4
-2.706803126892228E-4
-0.0011181596609582303
7.034462937617518E-4
6.853936798857014E-4
0.0033249741676972464
-0.0022458093416581767
-0.0031574534461780157
0.0020782886201389556
-5.317800796899545E-4
-0.0033188276972418483
-0.0011617450915185588
0.005012352868450367
-8.153825930975589E-4
-6.676801777554512E-4
-9.766857313100348E-4
0.0024597485021630484
0.0015414274167098972
-0.0033140913375590705
-8.330473996844505E-4
0.002605711320533624
8.784572712599954E-4
-0.0031239821295171756
-0.0020391090000709167
0.004284633858328109
0.006108204206784119
-0.005495517144481865
-0.0012518385045951611
6.391514422929194E-4
0.007041483764613774
-0.005390491623111773
-0.0025002536828565964
8.492615413546016E-4
0.01019300358337231
-0.011254866289700701
-0.006821837033079733
0.007883699739408122
0.004861522053564684
-0.007289060681491876
-0.004850806253226856
0.007278344881154053
0.004779191199912284
-0.008168289142175277
-0.011350834191078223
0.014739932133341207
0.004360801094628733
-0.013202084059598952
0.005637376290042856
0.0032039066749273647
4.894744832763843E-4
-0.0038757802769250603
0.004304099388146891
-9.177935944982068E-4
-0.018832870827579715
0.0023008147441343587
0.005488926697995255
0.011043129385450105
-1.4018449059472436E-4
0.001693537837694077
-0.01175665652410178
0.010203303177002425
0.013006254932092856
-0.009646629661448764
-0.008218398367818562
0.004858773097174479
0.006467672701029287
-0.005090189765619092
-0.0038159849988252574
0.0024385020634150618
0.0040191055389055
-0.008915404036714786
-0.00546205586094287
0.010358354358752164
7.929980337668246E-4
-0.005283750198235093
-0.003673899034659594
0.008164651199127876
0.0035942860614690216
-0.003969910439276309
-0.0013057093908588045
0.0016813337686660958
0.0022990754953361747
-0.001853518995481673
-0.0034121879231891966
0.0029666314233347023
0.0035548518282660295
-0.0030550298910225664
-1.8914035111329715E-4
-3.106815861301601E-4
0.003945122808168691
-0.0051931209552314615
0.0017148958849626359
-4.6689773789986954E-4
0.002704692811565294
-0.0042281929967115895
-3.167521638934109E-4
0.0018402523490397083
0.0030763519564276235
-0.004021540263768926
2.9500505643296105E-4
6.501832509083469E-4
0.0024100335660068926
-0.0035995376463066947
0.0014885241226281543
-2.990200423283436E-4
0.005491686513241764
-0.004982219525079719
0.001221951235527196
-0.0017314182236892253
0.0020553134523605444
-0.004985006087655472
0.0010407853820421946
0.0018889072532527339
0.001597734731964787
-0.0023307900120117693
0.0010576096872070635
-0.0020966984479724037
4.1406615723424086E-5
0.0023613132693369905
7.690055847824961E-4
4.9080594018602276E-5
0.001312123987183212
0.0010876487056351329
0.0020391339672083727
-9.439584876371356E-4
2.2308496471180482E-4
0.001121392127653795
-0.0021796803997996693
-0.002137958019559934
-9.180852208794128E-4
-5.738806221180138E-4
-8.85868571250499E-4
0.002861752822443966
-4.102719039199225E-4
-0.002140484338596274
0.0018025854007645867
0.0024797807627764765
-0.001379753804908826
-5.746828340413172E-4
8.482287762984785E-4
-0.003998281343366109
0.0018880655539353954
0.002912896677413042
1.8997259930821704E-4
-0.0010750209422171718
-7.258455133332745E-4
-0.0016358103128999398
0.0015768740139501778
0.0018299694612994438
-0.002498740846957002
-0.002106754656331272
-0.004329068736884448
-4.7258607852779185E-4
0.002526969933225776
2.0993991935547686E-4
2.2206427019112878E-4
0.006046279445344517
-5.464044938753157E-4
-0.0012093947380841254
9.421917241691287E-4
-1.9601194050335082E-4
-5.707843230457448E-4
1.0058755511052544E-4
-2.2900704773474306E-4
0.0
0.0012349146020908049
0.004277500583933931
1.6785775785312657E-4
-0.0017121154835858985
-0.0014594296048358053
-0.0030767373499086073
-0.0025128568257498122
3.8694568573010776E-4
-5.856649897691226E-4
4.590963645941886E-4
0.0012244040934481502
-3.3578434835761575E-4
-9.07317006555348E-4
-0.0014215952397951296
7.591141724190174E-4
9.528177486378149E-4
-0.0011621115835836644
-5.960058457550848E-4
-0.0014373559801877502
-0.0012444199823926985
2.3047775359598855E-4
0.0025740172497769327
-0.0014545249639349245
1.696380427340027E-4
0.0
-7.773469872788537E-4
0.0015547307897137471
0.0018176400333361133
5.253816613047229E-4
-1.1970191117889107E-4
-0.0028645526382146545
8.261813550261268E-4
0.004213803814065067
0.0011322696496862713
-0.0035522961840512408
5.977975786432773E-4
-7.266197505903964E-4
0.001660527537177758
9.925148373954814E-4
-0.0035160426174670814
-0.0010362772277274163
-0.001213252049947618
8.96281937303857E-5
0.002504060878626037
0.0029232708100787336
0.0
-0.0017943105762415023
-1.2904972317287489E-4
-0.003210949886741086
1.8601598957991182E-4
0.0021826688781340885
-0.0015115665399322293
0.001949247521894181
-0.004004086302780374
0.005032619653711619
-0.0023812106848772586
1.5291079911726446E-4
0.0026726877379083564
-4.556164708584935E-4
-8.789967660957472E-4
-3.5817114725097564E-4
1.4166472923709557E-4
-7.273297190062181E-4
0.00192291717202286
0.0015079266551409425
-5.106554858695044E-4
-2.917219219000761E-4
0.0025784411842055383
-7.765982450507672E-4
-5.178870587709143E-4
0.0012159514736686274
2.554218472788806E-4
0.0
-0.0014524613536481383
-0.0024069729905561252
1.1465909356619258E-4
9.185016990275051E-4
-3.8551763110151755E-4
0.0024491519274830974
-7.989716778319517E-4
2.403545246977165E-4
-0.001273574800245828
-0.0024314162835110233
0.00206500413732221
-5.762905561407883E-4
-0.0017499814020968075
-8.706216010673428E-4
-0.0014301852017384177
-0.0015693183520553214
9.807046588558258E-4
-6.376495897634875E-5
0.004225245204689772
0.002294918177368677
-7.613732141999226E-4
-8.897948861955591E-4
7.049189219080637E-4
-0.0026741827318932047
0.0010958624786769247
0.0016795115355558463
1.104330253020261E-4
-0.0012023074648512073
-9.109326092949356E-4
-0.0015409161835923542
5.554510497335188E-4
9.702222385936246E-4
3.7381983940060464E-5
0.0019933216186402113
-0.0025806736006500075
3.6151800448442544E-4
0.0010693294771077755
-0.0013068386040880778
5.524984023448827E-4
0.0022601731598636573
-6.087142991423079E-4
1.1294149204263204E-4
-0.0020518289273605793
-8.256056594189172E-4
-0.00204655547832359
0.004345115936264352
0.004313606202318959
-0.0011728085297444295
0.001344351161020762
-0.0038487504045887546
-0.001794985639019035
-0.0022559268969197617
-0.0018057978714618418
0.0031783583397714515
0.0
-2.7616530421002304E-4
0.002326368039116445
-0.0016467686544519087
-0.001173806733420767
0.0018804844176023416
-9.250436735422832E-4
-0.0019574952507287607
-2.161759713017833E-4
0.0010946531939057525
2.9466548344938767E-4
-3.6377911407601854E-4
0.0025318236761534734
-0.0012479525346994961
-0.0020135168468159615
0.004389246538741691
1.9123382673461226E-4
3.936354858778736E-4
-0.0010866803774531033
-0.001756300667561663
5.659863194813871E-4
-1.786875844895136E-4
-0.0011426503040994165
0.0023378191894605294
0.0024143954760993134
-7.711459601763928E-4
0.0023714799187322844
-0.002023486993417294
8.815986812823971E-4
0.0013124865643879538
0.0013588466563484787
-0.001591721340897123
-0.0015294322313811628
-8.178757513272517E-4
0.00301832531398337
-0.0021627179250614122
0.001502209780810529
2.019090894146157E-4
-5.256838572498527E-4
0.0010753216003866408
-0.003037278742915858
4.218228432943731E-4
-7.52293451087296E-4
-0.0025084026013512057
0.001788674710987018
-0.0010000332085390914
0.001962495319256776
-0.0016071416527790594
-7.903972074719748E-5
-0.0017095443009091348
-0.0030179219531115066
0.0010940070015382159
-0.0019990539107751903
-6.831807018408435E-4
0.0019893965849040523
-7.999359419159572E-4
-5.301970402713578E-4
7.973392154802652E-4
-0.0010311408402182685
0.0015796417479491099
0.0018768559558011697
-4.314332079843069E-4
0.0010910350815741795
-0.0015901835190917399
2.533301962014934E-4
0.0013944920511828472
-3.9351098125591834E-4
-3.5401452275396863E-4
0.0020101367400930797
-1.970468000805129E-4
-0.0023744106627737196
2.35644941378788E-4
5.2839662474533184E-5
0.0016998322073110553
-1.2144977848954839E-4
0.0027055384140644108
-0.0019025112017117152
0.001020337021262618
-0.00113057265145227
-0.0012566967566452888
0.0
7.763350935201436E-5
0.0013768514643445321
-4.315140093427769E-4
0.0013758892460097032
9.718148705395353E-4
-0.0022064306518869976
-6.319232680295057E-4
0.0014667390753507373
1.1278553384123864E-4
5.134318114595571E-4
-0.0017901252744930503
0.0
0.0019091265130174063
-3.920511302292775E-4
-0.0019603764571332854
-2.9599144083050947E-4
-2.827465821758424E-4
2.702132434976278E-4
7.289072212922369E-4
-0.002196161880451181
-0.0010494745840440504
-2.1928313433717075E-4
-0.0010261728786881779
-8.84095516769431E-4
-2.1219227385201874E-4
0.0027598928738176466
0.0012724920119227007
-0.0017409136822785264
-0.0021293680071288535
0.0012901531668802022
-6.818986573946421E-4
6.64107500647039E-4
-5.647457583787959E-5
-0.004445529342158117
-6.102781030202901E-4
0.0030589337817973506
0.0010812711026421677
-8.254996957964445E-6
9.623884330466582E-4
8.134452505791385E-4
-3.7402618720370573E-4
-0.0014420307319343705
-0.003389962526390228
0.004105778800914934
0.0021198136127609617
-2.2152009651817757E-4
2.495547896665168E-4
0.0
-2.9999156340476695E-4
0.00273992893822599
-2.6911175641729094E-4
-0.0017042297694667605
-0.0034394160322590347
-0.001497856519327228
0.004726222323042255
-3.565920421097084E-5
0.0020923350592001078
-7.010335809830573E-4
0.0032754475088997183
-0.0020221308407578995
0.003106768720142721
0.0
-0.002856697726135072
0.0026698381459044837
-0.001052766802184858
7.540214470161295E-4
0.001194009493089252
-0.0013492548492400462
-0.0017356067218198276
-4.5859039003849926E-4
-7.885986315334214E-4
-6.666213381149513E-4
4.858369234854954E-4
0.0
5.630787079372787E-4
-6.807995716062447E-4
0.0014508810889011644
-0.0029128211385091567
4.698477521463863E-4
4.3051308539513073E-4
-8.357234829474542E-4
1.7081210035734833E-4
8.111382639183454E-4
-2.047625774182066E-4
-0.0013558947409050407
2.920837418980656E-4
0.002627809709944385
-0.002145995358425531
7.733677032758666E-4
1.8245697554924328E-4
-0.001346152456938989
9.247591560029922E-4
-0.001585579271183944
-2.1978686649375525E-4
-0.0012191154990743938
5.886769936307111E-4
-0.0011150814381482425
-4.507180073095191E-4
-0.0017435842083628394
-6.224416486887597E-4
0.0014071851603520463
0.0023804658183587068
3.9589450136935764E-4
-1.5303087070887953E-4
0.0010370907096145339
9.861258982839475E-4
-0.0025557576182717746
0.001892970615322768
5.104823820059798E-4
-9.439806286037306E-5
0.0012028178128400148
0.0
0.0011328114620433216
-3.398242116724489E-4
0.0010951237055290026
-7.578505835400959E-4
-0.0010593781735749445
-0.00157277122486456
0.001403466221493327
5.965348968853179E-4
-2.8593624779682004E-4
-0.001841038209232305
-0.0012923890280217834
0.003762097762929417
0.003237973908987981
-7.827675931750956E-4
0.002684555504554435
-0.001657208900501399
-3.119495077309405E-4
0.0017976834655879523
-0.003551776825531488
-0.0011609632001888086
-1.5735930574568442E-4
-8.99977922228852E-4
-0.0016508117706795417
3.050013384310144E-4
0.0025164186638244684
-1.799006688323088E-4
0.0013525102299381656
0.0
-0.002197237043050599
-3.562488769439242E-4
6.827256587572889E-4
0.0
9.747189723349743E-4
0.0013592662837918342
0.0011338943691430784
-0.003333588296878377
-0.002470726598210375
9.926220601882306E-4
0.0019654104554945157
8.693813367013892E-4
-5.634630286617328E-4
2.7974965295348667E-4
-0.002138154445537525
-5.124418376413378E-4
-1.6989209719999192E-4
-0.002039477082000209
-5.25610060940683E-5
-4.8176429065349696E-4
-0.001478971649293579
-9.751168616278515E-4
0.0025808249285210407
5.144515277541028E-4
0.002755254734335291
-0.0015419623129153308
0.0018927444141134085
5.325349657402808E-4
-0.0010288454645505849
-0.0014366369570939271
-6.221045308420483E-4
7.18474282122517E-4
0.0012962287125501003
0.0014343024358808739
-5.457342159491883E-4
-1.744378439027101E-4
0.002222686940730823
-2.2374006916855028E-5
-0.0029307513607740236
5.7983091560941504E-5
7.744853399515141E-5
-0.0030349058187493162
-0.002225372492395632
5.516093818545272E-4
0.0014059184344688168
-8.97729424005761E-5
1.7276258268641618E-4
0.004410119887894275
2.590889536465895E-4
-5.165778260451347E-4
0.0012639749272176353
0.0011605874264684008
3.403365706672139E-5
-0.003623163740734485
-0.0014426515178711016
0.00328759048530051
-0.0010457164309062904
-0.0013986633535770787
0.0017250254137986436
0.003488340311953193
0.0
-6.56202134556207E-4
-0.0014926719476370312
-1.6453695286436796E-4
0.00338482436992981
-4.2261293741188493E-4
3.4397236802557606E-4
-0.0018996990445022239
1.2560215912236502E-4
6.755826108487543E-4
7.192869259782979E-4
6.389871848856627E-4
0.0010631252712572136
3.6012605201014283E-4
-0.0029357763694587763
-0.0012552838424499727
0.001552296511382232
-7.642444503062294E-4
-0.0035713247308383836
-0.0011388442079897595
0.002139908074058942
-0.0020803679826161712
1.450772729316098E-4
0.0
-9.94483197680804E-4
8.079409469969427E-4
-9.744860897799964E-4
-0.0033231956532414095
-2.741108320557489E-5
0.0023287035352759135
-9.301638045446746E-4
-0.0013891580409929121
1.736099409288842E-4
-0.0031879963434628704
0.0027398881040932212
0.0025330253211679763
0.0031057506417798723
-0.0010680518658671874
2.923298291682828E-4
0.0
4.369000257433158E-4
-0.001153857931101438
0.0
-7.096030100152032E-4
-0.0016921189271397502
0.0017041518452863376
3.815817906725042E-4
-0.0016286008725740827
-0.0014739262013697555
0.003604741952148824
0.0012356841453875962
0.0012496524362087891
0.005464616568591419
-4.3783345342696513E-4
-0.0029791649837304546
0.006841953907981214
0.0018577516128918936
-0.0016463079800279363
-0.0046215599109942565
3.2250566618992105E-4
0.002627114572766278
-0.0033121154711217068
0.004319729016407825
-0.00158937372070929
0.0
-0.003816949203742898
0.0
0.003077837585709075
-0.0016718148142469721
4.417640711058402E-4
0.0024902228937976915
-0.0016581195064049618
-0.0044715749929894145
0.0046264093766438565
0.002160139421175224
-0.005608471918819893
0.0
1.2171261029380822E-4
-0.001289125284482528
-5.304380074840807E-4
-8.834488549541695E-4
3.378041657824601E-4
0.0019165869712573285
-0.001477163275156059
0.0029799741879017443
-0.0017027702653686805
-0.00514003174723186
0.002160706654704394
0.0018838160330570126
-0.002242364929017322
0.0030319621602902256
3.2090481466539754E-4
0.0012130931363105331
-3.874390237474804E-4
-0.0013436057305464303
-0.001241381351548926
-0.0024102873906325538
-8.341135646806757E-4
-0.0024625940911507287
0.0049222926024001835
0.003094607583826694
-0.0017520811549889812
-0.0010905461778963521
0.0
-0.0011660696634803558
8.229958238691265E-5
-0.001717427807908763
0.0017974969128257217
4.0470497559891663E-4
-2.3256123148739045E-4
7.318688830201773E-4
-0.001992437056126301
0.0012705206287312852
-5.003198183035427E-4
-8.282906450868316E-4
0.002537386431181727
0.01639595587638073
-0.0019125585421008347
-0.007250188944249003
0.0026341751360419953
4.3131381564553056E-4
-0.002722339729683561
8.821535715240884E-4
-0.002042048460164845
-0.0031968693891790126
0.0012057806926144055
-0.003692995805183425
-0.001035435513312943
0.0
-0.0012796955783712528
0.0012924667272508222
0.007331769907401078
-0.0025088262072512444
6.179993938066734E-4
5.952494168204945E-4
-6.004996138967869E-4
-0.0020966255668122876
0.003550912122773088
-5.829908695185787E-4
-5.125963645671015E-5
-0.0028534814908305053
0.001662007497157416
0.0017374657324817026
-0.0016928778762461808
0.0
-9.794194311200442E-4
-0.0012526399101140564
-9.355051839047509E-4
0.007845411504076482
-0.0016601461467315364
-0.0024226307421544337
4.822780694852145E-4
-0.00277594409395278
-0.0023591816841003494
0.0030746980699526954
-0.0017499754079623362
-0.004072109482664873
0.003529223680610688
0.004675061636833752
-0.0017133089503805236
-0.0019295169536859707
-0.004646935336540216
-0.0022782557485649516
0.0035010779029225414
-8.834488549541695E-4
-0.0024102873906325538
0.0012705206287312852
0.0
3.5019563740379585E-4
-0.0015490633050451335
-0.00203138773414919
-0.0015833230191541277
-6.058231382293479E-4
-0.0011734609410176257
0.001678720527148275
-0.001273734212881534
7.612903976183408E-4
0.00283810401688896
-5.460528100363361E-4
0.006007011739663962
0.016958327838608143
-4.5598715918660783E-4
0.0015959498163016983
0.00275080182252856
-0.0038329313852861436
-0.001024736170000888
-7.242107212576676E-4
2.1688559088644843E-4
-5.376129056173511E-4
-0.002389224157449134
-0.006222370798376579
0.0013421582205914075
0.0012641907709675883
0.0011868202057440731
-9.548121426360447E-4
0.001019754757554806
-0.003234965097412441
9.417927723850205E-4
-0.0021185726005029538
3.206847178146338E-4
-0.0026489776683707215
-0.00271547794628884
8.783122845505997E-4
0.0014064707340530054
1.941427629207198E-4
0.0016193198185842786
-2.206691168575159E-4
-2.503204268384681E-4
-0.0013763161582931833
0.0012484665179686976
-0.0016190361222680216
-0.0036797207611455112
-0.0039050253190285765
-0.0012610219962052476
-0.00227853932857137
-0.003283696857098546
0.0016607113990463654
0.00440963943870389
-6.754853888015647E-4
-1.7131451958380707E-4
2.7486119470265737E-4
-0.0012011090135263462
0.0032678002196794495
0.0020566996904245447
-6.271491855185033E-4
-0.002722342239845036
-0.0016933018853030211
-6.725632421546212E-4
0.0
-0.001876775351345222
1.8761292235696775E-4
5.209358729206243E-4
-0.00125704427326783
-0.003987005289844415
7.644039837004827E-4
4.1169925026920756E-4
0.0018469792264615562
-0.002043756607554709
-0.0015379153130926824
-0.0010497890472786868
0.0
0.0021031080356852094
0.0
0.013801246330397622
0.003636075523356372
-0.0016092072658761788
0.004837856828282288
0.0029536123364046437
0.0
0.0
-0.002178439570384715
-4.73552163967342E-4
-0.0013711636955009026
-5.274160234074876E-5
-1.935924639537912E-4
-9.96051428620215E-4
0.0
-0.001994822864059132
4.4699156052312205E-4
0.001856556859701282
0.0030498691633093628
-0.001519712621447985
-0.0032567349826167677
-0.004351663487122939
-0.0025514722194562825
-4.216002224225756E-4
-4.841418625375991E-5
-2.9609333929763457E-4
7.956749390801974E-4
0.0
-8.409152707833842E-4
2.8826048989503625E-4
5.831226486510796E-4
-0.0010239913407621435
-8.187037900018596E-4
0.0031233135377377766
1.5052955568368642E-4
-6.336319394144245E-5
0.0025164270844662776
-8.252231677409389E-4
5.250110641394023E-4
-4.83489928800197E-4
-8.52307849347524E-4
-0.0032039832459375916
-0.0012081810003823014
0.0013866470630536692
-0.0015309685690951496
-0.003360652502223546
-0.0014114872740769269
-0.003236239260185369
0.003906735340612875
0.002839739630548217
0.0
0.0
-0.0015675499850277956
8.282754121836973E-4
-4.2261293741188493E-4
-0.0011045244636807457
0.002068030972492442
0.0012751589481531328
-4.488433894842769E-4
-0.001616216305787975
4.509589233113534E-4
-0.002653049378246189
0.003034278716721215
-0.0014628220533481283
0.0026980022478192297
0.0061992581734599764
0.0
0.002182599622955296
0.004653874619394125
0.0
0.0
-4.516607555807974E-4
-0.002740622325684809
0.0
5.0034967499690656E-5
0.0028068942145532145
-3.269302369489015E-4
0.0
0.0
-0.0022353126894253377
8.40313783149801E-4
0.0
0.0
6.127120196472406E-4
-0.0030617861123760056
0.0
0.0
-5.613886825181808E-4
-7.674263607790927E-4
-6.807995716062447E-4
-8.52307849347524E-4
0.0010108788044870453
-0.001169701588633078
0.0
0.0
0.0
-0.002698469801049435
0.0
0.0
-0.0010749949508321564
-0.0011575181954551269
0.0
0.0
-2.8231084507505445E-4
0.0
0.0
0.0
0.00110200207034572
-0.0032165194508666914
0.0
0.0
-0.0012589798283008378
-0.005225518968002114
-2.369940228919621E-4
0.0012917473651242184
-0.0013687881297909836
0.0022829548559621347
0.0
0.0
-0.004593113438364531
-0.0031247620799902415
0.0
0.0
2.3568231097430053E-4
0.0059973430479790665
0.0
0.0
0.0
0.014018868201447252
0.0
0.0
0.0
0.0012917473651242184
0.0
0.0
0.0
3.51528561979397E-4
0.0
0.0
0.0
0.0027175251675251267
0.0
0.0
0.0
0.0
0.0
0.0
0.0
0.0
0.0
0.0
0.0
-0.005888473721538564
0.0
0.0
0.0
-0.006632810766454143
0.0
0.0
0.0
-6.807995716062447E-4
0.0
0.0
0.0
-8.022728818478334E-4
0.0
0.0
0.0
0.005155457400360281
0.0
0.0
0.0
0.0012841917715303982
0.0
0.0
0.0
0.0
0.0
0.0
0.0
0.0
0.0
0.0
0.0
-0.0034942925177261753
0.0
0.0
0.0
0.006935193215545504
0.0
0.0
0.0
-2.369940228919621E-4
0.0
0.0
0.0
0.0
0.0
0.0
0.0
0.0
0.0
0.0
4.894744832763843E-4
0.0
0.0
0.0
0.0
0.0
0.0
0.0
0.0
0.0
0.0
0.0
0.0
0.0
0.0
0.0
-0.0038757802769250603
0.0
0.0
0.0
0.0
0.0
0.0
0.0
0.0
0.0
0.0
0.0
0.0
0.0
0.0
0.0
0.004304099388146891
0.0
0.0
0.0
0.0
0.0
0.0
0.0
0.0
0.0
0.0
0.0
0.0
0.0
0.0
0.0
-9.177935944982068E-4
0.0
0.0
0.0
0.0
0.0
0.0
0.0
0.0
0.0
0.0
0.0
0.0
0.0
0.0
0.0
0.0
0.0
0.0
0.0
0.0
0.0
0.0
0.0
0.0
0.0
0.0
0.0
0.0
0.0
0.0
0.0
0.0
0.0
0.0
0.0
0.0
0.0
0.0
0.0
0.0
0.0
0.0
0.0
0.0
0.0
0.0
-0.018832870827579715
0.0023008147441343587
0.005488926697995255
0.011043129385450105
0.0
0.0
0.0
0.0
0.0
0.0
0.0
0.0
0.0
0.0
0.0
0.0
0.0
0.0
0.0
0.0
0.0
0.0
0.0
0.0
0.0
0.0
0.0
0.0
0.0
0.0
0.0
0.0
0.0
0.0
0.0
0.0
0.0
0.0
0.0
0.0
0.0
0.0
0.0
0.0
0.0
0.0
0.0
0.0
0.0
0.0
0.0
0.0
0.0
0.0
0.0
0.0
-0.010049344521566162
7.39703192392615E-4
-0.002432807273829928
-0.00709042222457624
0.0074837432630423095
-0.00962864348553846
0.004433984983339912
1.1729983290593082E-5
-0.003983484194116825
0.008136669681704359
-0.0028252714594233165
0.0041610126698310365
0.006408900962045958
0.0024458084491355715
-0.010932562774188456
0.01312098274845703
0.0
0.0
0.0
0.0
0.0
0.0
0.0
0.0
0.0
0.0
0.0
0.0
0.0
0.0
0.0
0.0
0.0
0.0
-0.0078125
-0.0022368445215661618
0.0
0.0
0.0
7.39703192392615E-4
4.1877713039547226E-5
-0.0040446178631089996
0.002220551578233674
-6.506187019941495E-4
-0.007227063583849709
0.0
0.0
1.3664135927346868E-4
0.005197651578084917
8.08656583787149E-4
0.0014774351011702443
0.0
-7.020340415364352E-4
-0.0019547368136133047
-0.0071078459018612625
1.3597327147254275E-4
-5.419946297967394E-4
0.005125366903699234
-1.493872905625823E-4
0.0
0.002849738814736792
-0.0013683315152707822
-5.549646914245255E-4
-9.147126247508915E-4
-0.003139663201055943
-0.0033963652757852177
0.0013357932240514589
0.0012167510586728728
0.001344813273227702
-0.0059409765332406
0.0023713544761603295
0.010361478465556927
-0.006437998919161372
0.002952046546974358
0.0011780654648972616
-5.17384552133561E-4
0.00148495079433595
-0.003400509556104915
0.002229653407272223
0.0038469180243277815
0.007722221417590989
0.0
-0.0013133204555450316
0.0
0.002779788143443479
0.0
-0.0014427108799157644
0.001108731185607857
-0.001206788655509724
-0.0016853646557960305
-2.2790946288270183E-4
-0.0078125
0.010840756228543396
0.0032582025170103416
-4.2261293741188493E-4
-5.553630596848214E-4
0.010669608188251694
-0.004289955648777563
-1.630242361600414E-4
0.0035635814913058746
0.0010373791808610895
-0.003604294643634075
-9.17166843664698E-4
8.963736144396152E-4
0.001271699269320463
-0.004280265880042305
-7.78179280107484E-4
-0.0025258462394940014
-0.0034685852727981067
-7.273297190062181E-4
0.0031758215289110357
0.0
0.008782183219949391
3.733136135839E-4
-0.0034157902956110263
-0.0023171391627875193
-0.0021269455872192124
7.584486235657456E-4
-0.002391301079667373
-0.004135915303533065
-0.0027422455765303616
0.001049657456801288
-8.939235521540599E-4
-0.003592690633733563
0.004115769298852807
0.002652353270018463
-0.003383569771276858
0.008961333317435528
-0.0015215993864028453
-0.003988642792526294
-0.0027548817902496303
1.2021947775048113E-4
-0.0036101516023925428
-7.08279858437097E-5
0.006500260568443838
-4.718500484390243E-4
-0.001938819808135333
-2.7109519299802615E-4
0.0029265415990872242
0.0023046936917317865
-0.008463118701994149
-0.0011500558922931177
-4.068139665916568E-4
0.0010394853067512138
0.00486983167681159
0.0030785505769548405
0.0
0.0
-0.001977819977213589
0.0017213002638860066
2.487540737843789E-5
-0.0012789942484162102
0.002310908020799121
-0.0021087015158096777
2.1932013428074826E-4
8.30549139165621E-4
-7.404202411307215E-4
0.005767355700501648
-0.0015581534214437142
-9.552983387616763E-4
0.022886258278613313
-0.0017059229146484524
-0.0035591776277496085
0.005178865962394576
-8.38943148905103E-4
-0.0031267667835439086
3.413027008788269E-4
-0.0012023270191949325
-0.002326675860838147
0.0014520053770006093
-0.002502233216934013
-0.0029567926212491474
0.0
-0.003168483591015811
-4.890563860028168E-4
0.005024201783287463
-0.0040446178631089996
-0.0010561523268352916
0.001424840523501416
-0.003001608319521379
-0.0025213403537453103
0.0036576063412333175
0.004656562156907183
-0.006988201886421222
5.03094889481508E-4
7.283597699026276E-4
0.003074142765163667
-0.0010889293720575967
-0.0025838891713579363
-6.873750488023045E-4
-8.169038335485977E-4
-9.022179322398462E-4
0.004315158684628832
-0.001604036251572549
-0.003804362566021231
-5.217961581167191E-6
-0.0035263376683712013
3.363162847080227E-4
5.082286183109393E-4
-0.002928612366696481
-8.979005783924985E-6
-2.028467859973937E-4
0.003132162955941719
-0.0014465782630539723
-0.0023952889749559916
3.242561442229738E-4
-0.00152045045892813
6.081892473309913E-4
-0.008372070332142
-0.0012317407512319448
-4.771724524699621E-4
0.001524628618773736
0.0030668504581919187
-1.3351463405863366E-4
8.17859874305794E-4
0.0027911276607816967
-0.002191053022553421
-0.0015409273236745998
-0.0016165568130842077
0.0031758215289110357
0.002056938629751964
-9.561815424014557E-4
-0.004631242101213852
0.012576005299288408
0.0013390136083630438
0.005284626383736755
-5.571359879665664E-4
0.008718224763857918
-7.732537552963825E-6
1.0954563724516507E-4
-0.0028424304401684407
-0.0028572349038119985
-0.003980332939144705
-6.467878010817823E-4
-0.0012232850111640165
-5.654663713488822E-4
0.0
-0.0013751930880566824
-0.00351748062421487
0.008589342012337317
-3.119495077309405E-4
-0.0017618690680520437
0.0019466189559121275
-0.003692571092958839
-0.003951896631475807
0.002541228944308845
0.007021013326176472
-0.004876704430670712
0.002669588845470099
0.003949842491156067
4.2340728478202955E-4
-7.188852710054529E-4
-0.002330985380733698
-0.0036219052432900495
8.099563291073715E-4
-0.0031850793166145626
7.824013822933583E-4
-0.002585586692969257
3.494742367058431E-5
-0.0022553751126886705
0.005701185594447943
-0.004647107101245253
3.037601882191986E-5
-6.478634747933672E-4
0.002437307961029491
1.3371297547457982E-4
0.0016349126677445223
-0.0021184179131614276
-0.0029100799353351087
0.0
0.00194484586382999
-0.0013512446559445618
0.0010394853067512138
-0.002096942319445303
-0.0028822358268686243
0.0010174533230007503
-0.0012101598354011985
-0.0013770342727939277
-0.003704181226839129
0.0018035912970376575
-0.0018144377462681904
-0.00291345208157471
-4.426683246011342E-4
-0.0022870946272493626
0.0033415898490542872
0.0037231710383524965
-0.0023505594628818343
0.01259197697314207
-8.331999843986066E-4
0.0026380246361364297
-3.0416768566479305E-4
0.0013482938236036453
-9.415858371060355E-4
-9.692722767912427E-5
-1.594083221577538E-4
3.8149690213068466E-5
-0.002584240239203173
0.007046569003980235
-0.0021150836333940584
-0.0038050505666354815
0.0
-8.541593370898193E-4
0.0028875058355702955
0.0017543853827306822
0.0
8.302467313358822E-4
-0.0024859914439300562
0.0021871413026121485
-0.0019062702539543361
4.710918780479495E-4
0.0024016109292339938
-0.004339799345812779
-0.00227637504895115
0.0032381356034390883
0.002026500292087517
-0.002483483168584633
0.0015320223806699754
-0.0037994928682536415
-0.004116437204835649
-1.943038198191057E-4
0.003888367011415737
-0.0049177133713751795
-9.343557784896527E-4
0.0012758282595357892
-7.134236417657958E-5
-0.0033842000133555766
7.486375576935782E-4
0.003230220403812733
-6.735779749987656E-5
-0.0030130207070854396
0.003955510156404192
-4.8276503505747495E-4
-9.095506909037534E-4
-0.004436128650639884
0.0011201926357047654
-0.001464377476926254
-0.0011548357125201354
0.002279849589833503
-0.0015769528185483588
-0.0014475365257795286
-2.9275959247624116E-4
1.625757356484087E-4
-0.002143827994457787
0.0010000845582913839
0.0012090856326341514
-0.0021965584224635094
-0.002686407815029662
5.606427106996768E-4
0.008002328557939045
0.0020617969802443695
0.002076965898954621
0.004503903575782227
-0.0011502810840204184
-3.870929784680692E-4
0.0034377053769854824
0.0
0.0013511212201150517
-0.0013238790937284376
0.0016287301198176288
-8.255646602736075E-4
-0.0012482386639206715
0.0012556313024615
-0.0036057974030791595
-0.00170306296209453
0.0
0.0025105115378481506
-4.2261293741188493E-4
0.0012758282595357892
5.898449952475111E-4
-0.001221429677823867
-0.0028109480651986917
2.305747000618545E-4
-5.401113031256769E-4
2.943661248242345E-4
8.345167405130317E-5
-0.0026851661230882034
2.6798867218233153E-4
0.0022836653067324288
-4.2014574186280727E-4
-0.0012844960667399209
-4.3742856316646844E-4
-0.002077296763343902
0.003786436770410951
-0.001343056137396177
-0.0018732497728709717
0.003601755082560945
-0.00202433085666869
-0.003423061906041332
0.004797024730636698
-0.0010610791506635482
4.898721846209358E-4
8.493077132762875E-4
0.0035162961867004345
-0.0035931699507295942
0.0017749077985831382
-5.175150344859877E-4
-8.544225739728964E-4
-0.0023747665794112776
-0.0020250503535393215
-9.564165526544165E-4
0.0011146750553726456
0.0
0.0
0.0075101251923326215
-0.003584893625806951
-0.0015215705037738988
-6.763870536763606E-5
-0.0018538810407904903
-3.1271519945904875E-4
-0.001256118829594882
6.281453997119741E-4
0.0029089157947359903
6.634654214246033E-4
0.0030169551776285416
-0.0038649131842424184
0.0047841002469568225
0.001792797063228232
-8.45847318663905E-4
-7.566002360433993E-4
-0.0015093603147921606
-0.0011773467038205883
2.54184444744495E-4
0.002794297211528457
1.2209747381664482E-4
3.679683265207075E-4
-0.0033087393074246628
2.2393191652844463E-4
0.0013192655194936113
0.0
0.003639101388444371
0.00176259708073183
-0.0010840604828230571
0.0018839183251800739
-0.0026791780718583924
0.002193654509911193
6.247462585862496E-4
-0.0024929103757180327
-1.6935049570704895E-4
-0.0021291368432419145
0.0011792350913253447
0.001086224378764768
-0.0010655098555305096
0.0017837747282459984
3.299260216419745E-4
0.001672866560658585
-0.0027618692653832593
-0.0023536455638560375
-0.001072655842295301
-0.001008077395464475
-0.0011903277368137209
1.6943266818850763E-4
0.004252303459592734
0.0022967060023905738
-4.545553124080643E-4
-2.8785314704573607E-4
-0.0028642897140673217
-4.747177475583472E-4
-1.4962710544732247E-5
-9.427745739276703E-4
-1.9043491461610482E-4
-7.718998608916112E-4
-3.4512109165089986E-4
0.0016592470990598933
-0.001138384415101831
9.288756967454042E-4
-4.968519180529249E-4
-0.0012486428410315802
1.8823334662434E-4
-2.131332818109909E-4
0.003916338193388991
-0.0015848034406828384
-0.0010429980981736494
-0.0010601189351091118
5.389503429307483E-4
-0.0016121095809993467
-3.9286153160496425E-4
7.236997751508449E-4
0.0019287088235069457
1.394906615208994E-4
9.685565562633292E-4
0.0021487461084723908
9.666416166499896E-4
4.8212596456685426E-4
0.0
-0.0014398183635302884
-9.9869864992282E-4
4.560437999725185E-4
-0.0032297318319083543
1.8422547496139128E-4
0.003831219254668318
-0.0014515803394007443
-0.0022060202892042443
0.0
0.0027801073987336806
0.0
7.758153512774826E-4
5.0954952811299234E-5
-0.002368210533463387
7.305712216930498E-4
0.0
0.001018277781436598
0.0012928215537238515
0.00216324869301455
-9.277311981566257E-4
-2.654040575081366E-4
-0.001556747252327177
0.002622611271452191
-0.0020079561810589083
-7.06428772850065E-4
-0.0017595831920468603
-0.0010961761007302008
9.562328185281451E-4
0.002122408973248112
-0.0016334096126957138
-0.0026504149627906235
0.0020807716248562418
-5.458846010162802E-5
-0.0029681301640632016
-8.35224989896269E-4
7.682083491941942E-6
0.005140951067141832
-0.0012324039076470345
-0.005481838454456189
0.001026113784808817
-7.159135034490391E-4
-2.3599052785222807E-4
0.0014649593926528313
5.528397335629527E-4
2.529188677956156E-4
0.0
0.0015322708356181863
-1.605232284959829E-4
-0.0035678144996699242
0.0016026688098869691
4.930750634390122E-4
0.0039328904812611
1.6719267913123002E-5
-0.002524686683584589
0.0033360012546682504
3.7965543845980103E-4
-2.4011202850258984E-4
-3.887190652912551E-4
-5.0776764840778374E-5
-0.001646936325322237
0.0016939069070465063
0.0015964551104016538
-6.107638858399229E-4
0.0018954307707191806
-3.767424450302042E-4
-0.003041437279797649
-2.949966725458641E-4
6.781978678646063E-4
0.0010582899228916197
5.851169201612942E-4
-4.667188095438515E-4
-0.0010821349744215948
0.0
7.099532728690636E-4
0.0012102951234911955
0.0
-0.0017733864512570342
-9.794746329570138E-4
-1.5929746369241468E-4
-0.00113178499395878
6.642656467724907E-4
-9.299243017519296E-4
-1.3000172293557819E-4
-6.756780724601841E-4
7.164406480672708E-4
7.311345968682261E-4
-2.4711878404573063E-4
0.0010766861056400422
-3.3817518803241475E-4
-6.454125439545362E-4
0.001322540291185194
-5.558430245101809E-4
1.1620784221438896E-4
3.3554279431532606E-4
-6.868802638306669E-4
0.005311621379809161
-0.0040747550348064765
4.137049133081929E-4
0.0014695346728621067
7.088968597456942E-4
3.71371968088465E-4
-0.0020890762619235233
7.520918209759867E-4
-9.193794877420183E-6
2.046019321913472E-4
-0.0015148973278887173
-5.977735538312927E-4
-9.001382974658718E-4
0.0
-0.001028934439039986
-0.001214572793764119
5.810529280024111E-4
0.002058813925811146
0.001553753462317226
-9.999939863738951E-4
-0.0022167587882111397
6.019200925505121E-4
-2.3173553837115566E-4
4.1988488190618646E-4
-4.7206290900369163E-4
0.001781933045057676
3.070382587319428E-4
-8.298101791075262E-5
-0.0013680387078325229
0.001456487012976264
-2.0009115634217389E-4
3.9801645713400513E-4
-0.0016176840157642342
-0.002326280200770678
0.0022896229840129395
-6.734120642762804E-4
6.336581137539991E-4
2.79758636803893E-4
5.994386366728033E-4
-8.532972950870602E-4
-0.0026974143855167595
0.002277603351126766
7.076757260351084E-4
0.0025211343999843624
0.001149906607425737
-9.182647112774573E-4
-4.579145909690391E-4
-0.0014030282535637353
0.0010507896485571874
-0.0017836908684142315
-0.0018371455965899052
0.0025819802183291484
-9.650469592491714E-4
3.683880131719155E-4
-0.004104369238852263
0.0017912534567281725
0.0019892700599589445
-1.0186551882010258E-4
-6.802374310641501E-5
-0.002163365138415449
8.279122672809433E-4
0.0028937492062206
-8.827295530357052E-4
7.370029784129727E-4
0.0
6.490982174872505E-4
1.7720001018520584E-4
-5.438779466262428E-4
-0.0012869805643113727
-0.003233589863156083
0.003991664968280648
-0.0033307220141527245
0.0030307860183207483
-3.411779312134235E-4
-7.50321107116092E-5
-0.002028518665293512
0.0019580231345558835
0.0
0.0011389985478256516
5.093612413909565E-4
0.0
8.384835288669437E-4
4.4767800947726963E-4
-7.444367015801614E-4
-0.0016850431770062992
0.003178291815160241
-0.004071946790263476
0.0037867192896703654
-0.0010409834716327863
-1.6063873173428E-4
-0.0016765663663879605
-2.8980490622186193E-4
-6.970100254644728E-4
0.0016152624002854607
6.25690019689609E-4
0.0010621112143888792
1.2890787355545724E-4
-0.0010745560257696156
-0.0013016420042741728
8.698136440016562E-4
0.0011046476335208662
3.0389574126503925E-4
-0.00100801797920288
-0.002011820326531825
0.0029572949878438654
0.0
-0.0011403213500048698
-6.809070522599464E-4
0.0012543340350577694
1.755329110830605E-4
-0.001300724840882826
-6.084969307762185E-4
-8.887004622547322E-4
-0.0037816342879838085
0.003347245151400518
9.285477843420844E-4
5.831967593267148E-4
0.002850159988369587
0.0016161198025244955
-0.001509958888657406
-0.002336067396390213
-1.7567420298642564E-4
-0.004416686422303384
0.0012889480384769652
0.0
0.003242252522052772
0.0018266491853628215
-0.004213868712072675
-2.621843933629488E-4
-5.146901719862962E-4
-0.0029576144829178905
8.568570700888799E-4
-9.697648393469827E-4
-0.0019997813098289103
-0.0014386615899192696
0.005283268664746841
-4.5087232783990643E-4
8.16586456513413E-4
1.9581924090452313E-4
-9.318011852404502E-4
0.0012010537089526614
4.975692033723652E-5
0.001326844413262444
0.0011092747568242647
-8.119549210649851E-4
0.003271247467610157
-0.0012286166487647393
3.696172123639471E-4
-0.0035241945253802424
4.196254767777595E-5
-6.83707067000483E-4
-7.831229097810435E-4
-5.356868808427107E-4
-0.0024102873906325538
0.0029380869258194024
4.60061742714198E-4
0.002250970705897043
0.0015324833149384105
0.0031766335361523264
0.0011708900717253502
-7.972021690575566E-4
0.002374692434985181
0.0017711099079841764
5.141804950411382E-4
-0.002181524060578447
-0.0016891066452020412
-0.002048222460919739
6.60330445810412E-4
4.260189886756184E-4
-0.0021447449214521998
-0.0010752743044077405
0.0032064490132905493
-0.0018203616905578173
0.0017698293930101866
-0.004184621457482361
1.30243023240359E-4
1.84916023102253E-4
-6.180486556506314E-4
-3.9717401765147905E-4
-2.3857824915314178E-4
-8.868270621010328E-4
0.0025611099642984746
0.002935718604425618
-0.0011358013566381054
-0.0013361915012894202
-0.0010463977772677776
2.4750349763589564E-4
-0.0026515277609134155
6.443070686656539E-4
0.001091018145184543
-0.003925522953198878
-6.715348109621478E-4
0.004702276586459975
-1.5959661499236467E-4
-0.0016652070833554143
-0.0013135948788277263
0.001624131743577368
-7.194321477281786E-4
0.0012795750112503507
-2.980755262214493E-4
7.162992024758421E-4
-2.948939532004092E-4
-8.426826143673818E-4
0.002972299633750855
-0.002200054683412029
8.16586456513413E-4
0.0
-0.0025859615936189794
0.0
0.0035160015034933095
-0.001975668385148689
0.001144756158606642
-0.00510819088253559
-0.0014009676979112168
6.902359199442807E-4
-6.710961638210427E-4
0.001518129485478745
-9.684628577693475E-5
0.0010313772740592991
9.889727342178981E-4
0.0027828547274072113
0.0039740975374575015
0.0
-1.6931464265139802E-4
0.0014051344148404501
-0.0017825998470663211
-0.001483881968962503
-3.8987210199161295E-4
-0.001277156956508476
-0.002270406478635586
3.199386792398361E-4
7.019751366085813E-5
-7.609302388052582E-5
-4.4914131958561683E-4
0.003544348998284621
-4.4732862128047497E-4
0.001442111383086144
0.005386541831847556
0.0016359424826105512
2.700276882097087E-4
-0.0021794633348323203
-9.707523272418775E-5
-8.378302991500946E-4
-5.694527739095011E-4
-7.625812723876207E-4
2.1030979473087756E-4
2.656874999910494E-4
-3.301262332535553E-4
-3.9107535801459546E-5
-0.0010121715480331446
-0.004666175213322221
-0.00203391436452955
0.0011598508642472129
-0.001621402604195007
-0.0012207441492536526
0.002411028985494275
-8.172787585885769E-4
0.003759355518638092
-0.001852395859237634
0.0016823227031056013
-7.31975287805549E-4
-0.003645846913879998
-0.0019185613223811045
0.0027865972624196694
0.0013331683729712461
-0.0013602544723481315
4.6781474421193523E-4
0.0019114165746612804
3.0527932881570225E-4
0.0
5.231800119068878E-4
-0.00256650578391151
-0.0015395571656926991
-0.001138407518701415
0.002966024855291131
-0.0030463866374093483
5.796931537397042E-4
2.445630919640383E-4
-6.740228031850719E-4
0.0015771495081962684
0.0033685038233706517
0.0018577516128918936
-0.0020543317436992024
-1.1505369476851968E-4
-2.81620752321152E-4
