0
0
0
0
0
0
0
0
-22.98
0
0
0
0
0
0
0
0
-0.06
0
0
0
0
0
22.92
0
0
0
0
0
0
0
0
0
0
0
0
0
0
0
0
0
0
0
0
0
0
0
0
-3.616138804
-13.86
-21.78
8.1
-19.68
-16.37324578
-33
-22.8
-18.48
-33.9
1.780548151
13.86
5.194162388
-17.4
-10.82049028
3.179028068
3.287221908
2.76
-3.36
-0.64359926
-3.54
-3.66
3.72
-3
-2.455641317
7.32
-7.38
-2.94
-0.621897301
-2.64
-2.7
-0.87265604
-3.66
2.1609268
7.98
1.98
7.08
10.02
7.14
-7.74
3.42
-12.72
-12.9
-3.96
2.7
-7.8
-8.4
-26.82
-3.312313925
-3.24
-7.62
6.874978672
-7.56
14.28
4.08
-7.98
-7.74
-11.7
-12
-1.163257184
1.2
-4.08
6.12
-2.46
1.86
1.8
-0.423694122
0.84
3
-0.571750784
-0.940972501
-3.66
4.5
5.7
6.78
2.28
-1.26
-4.62
2.7
-1.19388723
1.610722864
-3.36
-3.6
0.380302677
-2.52
-4.74
-1.375121964
3
-3.78
6.36
7.98
-2.52
0.48
-0.50009446
25.62
-1.8
-4.8
5.94
-8.46
1.98
6.9
-11.22
-7.8
-8.64
1.516015129
-2.88
-6.3
-3.9
1.86
-7.86
-3.49931501
4.98
4.86
-4.5
-7.56
-2.88
-8.34
13.86
-5.1
10.14
-8.22
12.42
13.62
-4.8
-1.14
3.54
-5.28
3.3
1.39513898
-1.027804639
1.38
-1.02
-3.3
7.32
-4.44
4.08
-4.08
5.76
-7.38
2.7
-0.78
4.38
0.102981862
25.86
5.28
-3.54
5.28
-2.46
3.12
-4.56
5.1
2.46
-3.18
6.24
8.16
1.568234436
-0.273131014
-3.54
-2.22
-2.7
-3.72
0.234283427
-8.7
-2.22
-1.508094442
13.26
-7.2
-8.725507246
-5.22
3.12
-4.787643314
-5.04
-2.4
-1.215298427
3.663597069
4.8
-5.34
6.36
-2.512643657
-2.16
-5.58
10.92
3.3
7.62
1.813450725
-1.194773601
-9.272229296
5.28
1.08
4.26
-6.18
2.4
1.02
-1.14
1.35715982
-0.72
-3.18
3.925691513
0.43636098
-3.78
18.17514898
5.04
6.96
-2.7
0.747946854
-28.68
-0.465884054
-2.34
3.42
-3.72
-5.46
-2.76
2.94
-5.4
-5.16
3.96
5.1
6.9
-6.491961648
2.34
0.384869847
2.1
1.8
2.58
-4.14
-5.88
-6.6
-2.7
-8.04
11.58
1.50445164
4.352594729
4.02
3.24
6.96
-5.4
2.7
-8.7
-7.98
-3.72
-4.56
-28.74
-7.8
2.94
-2.893044069
6.337014687
2.94
-5.94
-7.62
10.26
10.56
4.86
-0.46094017
-5.04
-5.22
1.835858296
0.704839773
1.5
1.62
-0.9
-4.5
10.32
3.48
-27.42
-4.38
-6.96
7.44
-2.7
-1.38
-5.28
3.42
1.47903804
-1.526349725
-3.66
5.22
-2.28
-3.12
-2.751117322
-28.8
-1.241384003
3.66
8.7
-6.42
-2.063156006
-1.74
2.04
-3.06
2.46
-3
6.36
3.578347597
2.28
1.603158048
8.781552814
-9.18
-9.24
4.44
-3.18
7.32
-5.1
-0.925349918
-30.48
-0.716568204
-4.74
5.16
-4.26
-7.400463745
1.98
6.6
-6.649459504
0.024530084
-8.22
6.72
-10.2
10.5
-6.78
1.92
-5.34
-0.729781517
2.34
-2.52
1.32
-3.18
0.451151477
4.56
9.78
-3.9
2.88
3.66
4.98
7.02
2.76
-1.56
-0.007643998
-2.82
3.78
-3.42
2.960834953
-4.62
1.98
3.24
4.8
-4.56
3
-5.64
-8.76
10.14
3.24
-0.36
-2.283073927
-0.842501209
0.575753905
-3.393290189
-5.88
2.571746417
1.634962044
7.5
-11.52
-6.54
-8.22
5.76
-2.64
-4.641006623
28.62
-2.22
7.14
-8.7
5.28
-3.6
4.8
-7.524238978
-0.420806676
6.42
-8.94
-3.24
8.46
8.34
-1.913097802
10.26
3.48
-1.44
2.962375466
6.54
-4.02
-1.98
1.8
-2.4
-0.293796858
-27.42
-7.44
3.84
-0.025250093
3.6
-5.58
6.66
3.24
1.2
-1.194623986
3.3
-4.26
3.12
1.700173587
-4.26
2.34
2.82
-2.448030747
-5.1
2.91591771
-6
5.82
10.2
4.08
-1.08
-2.34
-2.28
-1.74
27.06
4.8
10.56
-2.16
-7.26
9.9
8.7
2.519985944
-3.48
2.52
7.62
-4.036743509
1.38
-8.76
2.725816272
-5.1
5.22
4.322669276
-9.3
-1.782294043
2.010435753
-3.139047004
4.14
-6.54
-7.258232826
-1.78127838
-11.1
3.9
13.23513551
-5.7
-5.043284639
2.34
-1.38
1.26
-2.1
0.48
4.56
-7.14
4.98
2.94
4.32
-5.52
-7.8
-3.42
-2.28
4.8
0.002965919
-3.78
26.21418491
-3.18
4.62
-0.233861107
-3.3
4.2
4.2
-0.022566701
5.4
-8.34
9.36
-3.12
-0.9
-1.8
3
-1.56
4.32
4.98
9.18
-1.8
-8.22
1.698511512
5.88
6.399041278
-5.58
3.42
3.105435244
-5.58
1.8
6.36
-7.8
-3.6
6.24
-5.52
10.02
-1.92
-5.94
8.76
3.12
7.08
9.06
-10.32
-13.38
3.96
0.716928151
-5.22
6.3
-1.098457636
-1.5
0.427905596
25.14
-0.834213604
-3.125143372
-7.98
-5.1
2.405806895
4.74
6.48
6.42
2.7
1.74
-5.58
2.7
2.94
-10.74
-6
-5.325509036
14.46
3
-4.62
3.9
3.48
-11.88
-11.28
12.42
-13.38
-0.6
3.06
1.5
1.86
3.403684751
-5.28
9.54
-2.46
0.181410127
-8.065502411
-5.76
-8.4
-1.622961191
2.22
7.5
-4.68
-1.44
8.28
-0.866990362
-3.42
-4.396717991
5.1
-9.72
-0.307556178
4.98
-11.82
3.66
8.1
9.585677283
-10.14
-11.94
4.8
0.951520366
-1.053162007
-6.06
3.36
-1.56
-1.418972534
1.863060884
-0.78
3.42
-6.751027187
4.32
-2.457084877
1.878686847
-6.24
2.474582823
-3.6
-0.840656425
-4.08
2.52
-1.03315793
1.450184808
4.14
6.876285542
4.38
-3.12
-5.7
-5.94
3.78
5.22
-1.315901459
10.8
-4.62
-1.104443586
-0.019943854
2.64
-10.92
3.54
-5.88
-7.74
-1.26
-6.24
-1.788032871
6.66
8.88
3.9
-0.886928334
6.54
-4.38
-1.2
0.644509607
8.04
5.16
-5.638279274
-6.54
-11.7
-4.02
6.48
10.74
5.88
6.78
7.5
14.22
11.64
-2.58445384
3.42
7.183018775
-7.5
7.92
-0.103045744
1.68957575
1.38
0.66
3.54
5.955997468
4.2
-2.946434431
2.94
7.08
-5.88
2.82
-0.90917606
-2.338048616
1.330251639
-1.948253911
-7.2
-3.06
-5.04
-4.92
-4.92
-4.08
3.66
-5.82
6.72
7.98
7.56
6.3
-0.78
3.3
-1.86
4.38
-4.26
-2.197940909
8.88
2.46
-8.94
-9.18
-4.094589194
-12.3
-3.403568145
-1.337143797
2.416058661
-6.72
2.16
1.852900134
6.72
-7.56
6.3
-3.36
-6.48
-3.42
-7.86
10.5
-3.72
-10.44
3.704660663
-7.92
9.42
-8.22
1.74
-4.86
-4.26
5.58
-2.58
1.078050863
1.117132071
1.62
5.16
-7.86
-4.86
-9.3
-5.16
6.12
4.98
-3.269182804
-0.245824893
-5.82
-3.6
-14.94
6.54
2.76
8.22
2.82
-2.88
-2.94
-1.177126396
3.12
6.24
-7.56
-5.04
-3.6
-1.38
2.52371458
-3.78
-1.818502524
3.96
-4.14
-14.82
3.96
5.46
-8.34
-8.34
-9.48
4.56
-3.72
4.08
6.72
3.48
7.32
-16.2
5.908858314
7.14
-4.743037602
4.785101854
4.08
4.8
-0.77369516
-6.78
-7.44
8.7
-8.7
5.52
-3.630349525
2.52
5.1
3.206768669
-4.080436486
-1.5
-1.14
2.82
-1.38
3.36
7.68
-4.14
5.46
3.36
6.24
4.38
2.46
-10.14
4.26
6.72
11.34
-2.82
-1.374281155
-10.08
0.66
1.92
6.18
-1.189279573
-0.66
4.38
-15.12
-15.6
1.44
0.78
-2.4
-8.52
-0.209207775
-2.04
0.506976762
7.2
0.72
3.3
11.04
9.36
-1.68
2.82
-0.790827773
13.14
1.08
-1.2
7.86
15.96
-0.48
-2.95792107
-5.94
-12.24
-1.02
-2.82
-10.8
-11.04
1.56
-3.54
4.298905546
0.211207123
1.68
-0.96
-3.278941454
13.14
-0.262043945
8.76
3.72
4.68
-0.36
2.34
11.64
4.44
0.96
3.72
-16.92
-15.18
1.26
2.34
10.2
-20.64
0.10763617
0
-0.687145498
15.78
0
0
7.346857455
14.22
0
0
-1.26
-32.94
0
0
-0.24
1.770091904
0
0
-0.525382089
9.72
0
0
12.06238257
-27.3
0
0
-2.52
21.2621948
0
0
0.42
-4.44
0
0
-0.54
-13.92
0
0
-10.08
-32.52
0
0
1.44
-50.76
0
0
-0.211819719
4.346377899
0
0
-0.525196744
0.483496236
0
0
-12.6
-11.16
0
0
1.98
-56.28
0
0
0.18
2.76
0
0
0
0
0
0
-3.54
0
0
0
43.86
0
0
0
0
0
0
0
0
0
0
0
-42.6
0
0
0
85.2
0
0
0
0
0
0
0
0
0
0
0
7.2
0
0
0
166.98
0
0
0
0
0
0
0
0
0
0
0
1.08
0
0
0
14.94
0
0
0
0
0
0
0
0
0
0
0
0
0
0
0
0
0
0
0
0
0
0
0
0
0
0
0
0
-54.42
0
0
0
0
0
0
0
0
0
0
0
0
0
0
0
-310.98
0
0
0
0
0
0
0
0
0
0
0
0
0
0
0
0
0
0
0
0
0
0
0
0
0
0
0
0
0
0
0
0
0
0
0
0
0
0
0
0
0
0
0
0
0
0
0
0
0
0
-311.94
53.46
0
0
0
0
0
0
0
0
0
0
0
0
0
0
0
0
0
0
0
0
0
0
0
0
0
0
0
0
0
0
0
0
0
0
0
0
0
0
0
0
0
0
0
0
0
0
0
0
0
0
0
0
0
0
0
0
0
0
0
0
0
0
0
0
0
0
0
0
0
0
0
0
0
-13.8
-90.22911161
84.72
43.2
0.84
6.9
42.6
-0.791505326
0
0
0
0
0
0
0
0
0
0
0
0
0
0
0
0
0
0
0
0
0
0
0
0
0
0
0
0
0
0
0
0
0
0
0
0
2.52
-4.74
-4.26
2.28
56.34
54.12
-27.84
-31.92
-10.98
-5.187409366
26.82
-15.12
-4.56
14.1
-9.086665495
-15.12
-0.12
-0.18
0.3
0.24
2.04
-1.44
-2.34
-1.08
2.564402345
-10.5
11.64
6.84
-0.78
-0.48
0.66
-1.2
0
0
0
0
0
0
0
0
0
0
0
0
0
0
0
0
-0.9
-0.78
-0.194592876
0.54
1.26
1.38
-1.2
-1.08
-0.96
1.44
-0.612676395
0.66
0.36
-0.31351612
0.101497091
-0.66
-21.78
-12.6
-16.2
-4.40915178
12.86008509
-8.94
13.38
17.82
-4.5
11.76
-9.66
-4.26
-4.5
-1.824341582
7.56
-9.84
-3.423700728
1.362668011
8.58
2.46
17.04
5.1
-2.259603023
14.82
9.394398597
10.74
-0.64203635
-6.3
4.56
2.192585842
5.22
5.76
2.16
1.024649313
-0.9
-1.08
-3.36
-3.72
-2.82
4.68
-2.16
1.501276839
-0.814528488
2.34
-8.34
3.12
-2.04
2.82
10.26
-6.109556659
12.48
4.5
2.64
6.06
3.461537659
2.55446335
-5.52
7.62
-9.36
-3.6
1.2
-3.78
4.08
2.82
6.6
3.285943572
-16.68
-3.36
4.2
3.319124424
1.735939031
-1.08946283
4.2
6.54
-5.004204603
-1.229384199
-3.18
-11.1
-15.18
8.94
-3.9
-4.451821618
-5.893575385
-1.502916732
-6.06
-9.24
-3.24
7.8
-6.84
6.78
4.046953532
1.96374857
1.26
-1.756847303
-4.32
1.648529945
-9.628901685
-0.734943777
4.08
1.5
-0.129591912
7.934558088
-4.14
6.06
-3.18
4.68
3.558353195
3.12
-1.74
-7.26
-3.61020172
-6.42
-14.34
4.86
7.26
4.26
-4.2
-7.074617619
-6.36
-6.84
-9
-10.92
-14.22
7.08
-1.62
-2.94
2.52
-4.74
-2.425437422
3.127368496
7.44
0.437985453
-5.64
9.84
6.84
-1.867122042
-4.5
-3.3
-5.58
4.32
-2.1
-6.18
-8.22
-5.16
-5.16
4.2
6.78
-3.6
-5.4
8.04
-2.276713073
-4.853214782
7.92
-11.16
7.8
3.9
1.62
-4.26
-3.48
-3.12
2.28
-1.92
-1.291348753
0.625944946
-5.04
-7.75041648
-3.692384643
6.6
-4.86
-7.92
-10.02
-4.44
2.46
-5.182390779
2.125237167
-7.56
-2.28
-8.58
1.407368925
10.26
3.06
4.44
3.36
3.54
-3.6
-7.32
-9.54
3.54
-0.388864017
-3.346942544
-1.2
3.227570815
-2.4
-7.14
7.5
3.24
-6.84
-11.34
6.6
10.26
4.98
1.138117218
6.912011118
-5.58
1.064398744
-8.772070011
4.208128086
-7.98
-3.547353684
-7.74
8.64
-4.74
7.26
-13.74
-3.12
-9.18
-9.72
-10.8
-10.56
6.54
-0.676624967
7.08
0.691869075
4.5
1.32
-3.12
-1.2
-2.16
2.28
7.8
3.84
5.28
-2.94
5.389487529
6.36
-3.48
0.9
-7.62
0.675307487
-8.64
-1.98
3.36
4.2
0.220286334
-2.596823398
4.86
4.62
-13.74
3.24
-7.56
3.343046681
-2.023079068
-0.071549746
-2.7
0.70668793
-14.76
-2.58
-6.06
8.82
-1.98
-6.12
-11.34
7.92
11.94
-4.62
-3.06
5.94
-3.3
-2.28
8.76
-0.88250653
-7.5
-4.38
5.64
-2.343851647
2.76
6.42
10.14
-1.92
-11.4
-7.74
11.7
-9.36
-5.16
-0.04175395
5.64
-4.44
-6.72
1.44
-1.14
-1.38
0.78
-3.78
-4.543752471
-3.84
8.393726559
3.42
-5.7
7.08
-0.211150867
1.86
8.4
5.04
10.62
-2.76
2.52
-1.578808961
1.451620793
3.12
-4.32
-5.58
-3.18
4.32
-7.08
7.56
-3.9
-1.26
-1.8
-0.604382978
-2.28
2.34
-6.48
8.46
0.22451257
0.786292067
-13.2
-8.28
-8.52
4.56
2.82
-6.36
4.56
-24.78
-10.14
-6.548391148
4.607891632
4.581243384
1.069669462
-7.38
1.38
6.36
-10.8
-0.026738711
-7.92
-7.68
-8.64
9.66
-3.114308833
-1.38
4.92
5.4
3
-0.676607938
-0.951893975
2.4
-0.84
-0.550583499
-9.72
5.64
5.46
-5.1
-5.82
7.08
-3.42
1.68
6.18
3.9
-27.84
-1.306249807
-2.46
4.44
1.74
-2.58
4.26
-5.4
-4.2
3.12
-7.14
-7.32
-4.26
-0.48
-1.92
-1.74
-1.98
-3.400596413
-6.48
-5.468099461
0.430182739
-7.98
12.42
8.1
9.54
4.2
4.02
-9.24
4.98
-2.1
9.36
-9.78
-3.84
5.52
-4.86
-3.892927134
-2.58
-5.04
11.04
-2.22
-6.06
7.02
-0.065303946
-7.983422467
4.86
-1.56
-6.12
-4.98
-3.06
0.551175074
24.6
1.38
0.9
-4.44
-8.64
4.38
5.58
0.162175043
-6
-7.32
1.404009633
-1.26
5.64
0.209469035
3.48
-3.66
-4.14
-5.28
-1.98
2.52
4.08
-28.02
-3.78
-1.208010922
8.04
-7.92
2.240915533
0.96
-2.4
-3.12
-1.519818714
-2.88
2.358034673
-2.902402568
2.1
-7.2
10.56
8.34
-10.26
-4.02
3.54
5.097200522
4.5
-1.010372054
-7.98
10.32
3.469949555
4.8
4.32
6.72
-2.4
-6.18
9.3
-2.88
-8.04
-7.68
-9.72
-0.84072762
4.8
-1.38
4.74
6.9
0.609731928
-1.2
-1.74
2.04
0.42
3.78
-8.28
-5.88
-1.527266743
27
-0.770670342
6.84
-3.96
1.8
-3.626975816
-3.12
3.24
-3.96
-2.04
4.38
2.16
-2.4
2.228248343
-4.98
-2.88
2.52
8.58
-8.1
-1.30666803
0.96
-1.68
-2.16
-2.1
2.94
6.18
7.68
2.88
-6.9
11.16
7.92
-6.24
-3.9
3.9
0.33232541
28.2
1.990146907
-8.94
0.075631009
-5.46
3.9
-5.04
-18.10106282
1.92767477
-0.832405694
10.62
3.54
-3.377495188
9.54
-9.9
10.2
-0.840938816
1.44
-4.44
5.88
3.027882416
1.44
1.38
-1.86
0.477312146
3.72
1.483425088
4.86
3.84
2.124795271
7.08
-3.142708554
2.88
0.546491959
-4.8
3
2.904986734
2.58
3.78
2.579884663
2.4
2.16
-4.92
4.98
2.58
27.18
6.48
4.46596733
-3.84
-1.02
-2.58
-2.46
2.88
3.72
4.86
-7.02
-1.92
-7.98
11.16
-0.916052062
9.48
-3.48
-3.48
-8.94
-5.4
-1.92
-5.819046776
7.8
4.98
1.223150045
5.34
8.58
2.4
7.38
-12.06
2.88
-7.14
7.208623838
-9.96
-4.027274274
2.302685258
0.457602472
-28.02
6.06
-1.726621915
-1.38
-2.28
2.324104299
1.26
-1.941329436
-3.495623422
-0.73209524
-3.562265449
-4.74
1.84972825
-7.2
3.06
-1.86
5.04
3.317844403
-4.14
-2.58
-2.4
-1.395254784
-0.097330483
2.16
5.52
2.442431514
3.6
3.96
-6.72
8.76
2.82
0.72
2.1
-2.16
3
-3.06
-1.015334657
-10.14
-2.58
-7.8
-11.1
-7.2
9.12
-3.3
-2.58
7.44
-5.1
1.62
-8.4
-9.18
1.216399327
-27.78
-4.2
1.892736026
-1.629944762
5.4
6.499785455
0.189027292
-6.42
-7.14
-10.68
13.38
4.2
-1.26
6.24
1.817005122
-0.121706008
-1.8
-1.26
-2.16
-0.714461107
27.24
1.722754427
4.62
2.4
-3.72
-6.36
6.84
-3.6
-1.26
3.414933377
3.12
5.1
-3.478252064
-2.82
-4.38
1.56
-2.64
4.86
1.957420443
-2.4
-0.25965143
10.2
9.12
2.88
1.14
3
-1.56
3.18
-2.4
-3.77187177
8.4
25.2
-7.92
-13.26
6.54
-7.5
-4.74
4.56
-7.32
3.72
1.512415201
-7.38
-9.18
3.42
-4.44
3.96
-7.86
-1.86
-5.82
11.88
2.58
6.06
-7.32
13.02
-11.52
-4.56
1.08
5.04
-0.152732736
-3.36
1.14
-1.44
1.8
0.48
4.02
8.76
5.58
-4.2
-3.54
8.04
-7.14
-2.34
-1.86
-4.74
-4.62
4.68
3.9
-1.98
-26.58
1.98
-2.16
4.86
-2.432421994
3.24
-4.44
6.239963947
-7.2
-1.809838654
0.522710474
24.42
-2.22
-1.62
3.06
6.3
8.94
2.1
-4.630268446
11.4
12.96
1.809597069
-4.02
-4.38
-6.96
3.48
1.26
-7.56
7.98
-3.36
-4.56
3.9
-8.76
0.18565987
-5.46
10.74
-12.54
6.171731301
-7.98
-13.38
9.72
4.02
-2.1
3.147287765
-1.215728824
2.22
0.9
-1.38
1.369462208
-0.96
-4.62
-8.28
-3.36
3.9
2.82
-5.138009675
-7.2
-1.346716455
0.371857199
-5.1
3.42
-4.32
-12.42
0
0
0
1.082987633
0
0
0
-13.96770777
0
-22.98
0
7.8
0
0
0
-10.77279085
0
0
0
-35.28
0
0
0
33.42
0
0
0
-9.514308196
0
0
0
-19.26
0
0
0
-34.08
0
0
0
27.08346686
0
0
0
-10.60135174
0
0.06
0
-6
0
0
0
-17.76
0
0
-22.92
15.72228966
0
0
0
11.52
0
0
0
