-0.009872778640108262
0.010424132105598269
-0.0027498639399150104
0.002198510474425059
-0.002251231760111285
-0.0013234995912068462
-5.054602799606702E-4
0.0040801916312788265
-0.017922290521634753
0.011656594486283133
-0.008539280394357683
0.014804976429709302
0.009050224179848848
2.8543053848574355E-4
-0.008383958252245359
-9.516964660891969E-4
-0.007969311689197034
8.538049766776586E-4
-0.005459021172425575
0.012574527884944996
0.0015913216195094517
0.007909730191544367
-0.0018436737989927978
-0.007657378012060964
-0.022071204004580302
0.002025113850529197
0.0017237966917858262
0.018322293462265424
0.0054147788607875995
0.008907254404612786
-0.008070260069925237
-0.006251773195475182
-0.008532755554825031
0.003028085655875328
0.006102350058261942
-5.976801593121439E-4
-0.0019174053743096762
-0.0027483320447343647
0.016003791238850526
-0.011338053819806477
0.006526765124729085
-0.01721091303932398
-0.00803508440560601
0.018719232320200965
0.044323697481899516
-0.04420442827364948
-0.03800415971580252
0.037884890507552504
0.054717581447792554
-0.06386617280570017
0.024594270857041148
-0.015445679499133488
-0.03806090613356287
-0.037259020783674435
0.023789394960008422
0.051530531957228856
-0.02589093837179827
0.03362015901797437
0.004547565068109638
-0.012276785714285716
-0.0666350879341881
-0.013427421523538537
0.08652274024209561
-0.00646023078436892
0.009506976626075768
0.009158167078236738
-0.018066047001916344
-5.990967023961347E-4
0.02735986186303204
-0.012019461517580819
-0.03521894571148078
0.019878545366029544
0.012994836930341784
-0.01894755233690596
-0.04273502486414284
0.048687740270707
-0.0018140994162490834
-0.002878904071409288
-0.004566829535313066
0.00925983302297149
0.002241956399990485
-0.0118156801361652
-0.005562663163851064
0.01513638690002576
-0.0011726325943639095
0.0016137120433702221
-9.1284872758725E-4
4.7176927858101755E-4
0.012599658051870934
-0.019498297850969477
0.005908553219182709
9.90086579915863E-4
9.322346867520204E-4
0.016965991647104946
-0.005533451941196548
-0.012364774392660477
-8.227742385561411E-4
-5.024796442169403E-4
0.004788902377624209
-0.003463648494851124
0.007094347003053595
-0.005695583165312403
8.897755182859114E-4
-0.0022885393560271253
0.01137521763682096
-0.005190545340031287
-0.012603803460469704
0.006419131163680014
0.007742733999706699
-0.00919743945080822
0.0017028672209663566
-2.4816176986486305E-4
0.0257666791300227
-0.010980769956141473
-0.017081885775265215
0.0022959766013839963
0.015616898811245793
-0.01541887911263997
-0.001841704568684193
0.0016436848700784336
0.008175326715836588
-0.008550098654046497
-0.0065527204468917855
-0.009612175569759168
-0.009514893675845683
0.0051044085222269105
0.007672755788047795
0.00170982466155616
-0.0087998503918666
-0.003303005836699246
-0.0034100789639878682
-4.08128158885994E-4
0.002718564270243082
0.004091750661200556
0.0035911223187025066
0.007214420120060973
-0.00507161831661256
0.009024319512682451
-0.014448887980761167
0.012276785714285716
-0.004623479919508334
0.008033124175109707
-1.5659799168711575E-4
0.008122979014148879
0.014057121435980684
0.0023859008468448944
5.872194250622995E-4
-0.005212430518195955
-0.006537213470107214
0.010367037453100483
-0.012591687348883693
-0.005788439925860843
0.00715154673934643
-0.008008507280205123
0.0058367828210823675
-5.459490803208689E-4
-0.003655055240183131
-0.003602374577977307
0.004013878266022994
-0.01363655729564892
-0.0072194271325536005
-0.024269293798935644
-0.005666581257852005
0.028400208867726574
-0.006593842229091173
0.0030701128041689453
0.022567991922807895
-5.927974683024488E-4
0.0042424636523018585
-0.004306251090385865
0.015346647472563202
-0.0072088959692268705
0.013648425751763532
-3.133597918991267E-4
-0.015878439028940317
0.00175186175160711
-0.00417611367049752
0.011472838430005742
-0.007747559434283828
0.012803719878177376
-0.011724245040841089
0.01045999311109224
-0.0017031259553589762
-0.01446944959165242
0.0017972592295817358
-0.009400087024805229
0.00965291403219281
0.012447632553903005
0.013671120267531634
-0.009121155434011144
-0.010538437773547286
-0.0058520645719282345
-2.6503589860775445E-5
0.0029702105604824496
0.004168382541679331
-0.006930267646308389
0.007827807197801634
0.00229878109991425
-0.015784335377021626
5.675121742845518E-4
-0.007466538469964656
0.0016851113342834893
0.0018840981991634547
-2.476741472559067E-4
-0.0204384321539166
0.01990331554029297
-0.009353806670025564
0.01911072161110937
0.002908012839061714
0.006897666813233673
-0.0019097742004935796
-0.012244308418358447
-0.006786203818772884
-0.01201087438561075
0.025204210404385405
-0.008459024068338546
0.027036609946655032
-0.009171770229349945
-0.03684026119774988
0.012837151721507747
-0.003426032205064381
0.006452153851617655
-0.007086450581402117
-0.009653231423935408
-0.02117141501902056
0.01131628703532432
-0.003350380703490436
-0.0030314915438747255
0.021740500109501265
0.010617395082715819
-0.01925486699954778
0.022480341876152714
-0.01132071838177291
-9.973468950486236E-4
-0.0022303298647073245
-0.007588341328267535
0.01387098762519179
-0.018755856969886606
0.030392146243257787
0.002481617130999257
-0.012516762596234781
0.016240657425661123
0.012367474131490848
-0.0042270680236494535
0.0033505331991315673
-0.018639057266327707
0.014295459563570588
-0.01264320236212918
-0.0019235996570982263
0.004959759785772724
0.009010639478149056
-0.002000187282324352
0.003773809316768816
-0.010875150942056768
-0.013794734776123477
0.0030119835864911206
-0.021791189517319086
-0.0013345338327647787
4.1736670040213794E-4
-0.004825222181419209
0.010268760505173946
0.001690105033641716
0.00180632134917824
0.0036835819118934063
-0.0068315187846973895
0.001142720428916279
-0.0015240128921455744
0.010890454781669128
-0.006641971143413478
0.005177395964029682
0.009306484751315992
-0.009363452583919313
-0.025165511562883512
0.02073037956559623
-0.009326487287674084
0.01717507050324419
0.01577354531487366
-0.0025762627561836046
-0.004234621005436508
-0.0028756188070085615
-0.005443157472794453
0.004187114164161475
-0.02652111295825237
-0.0030295120991690565
0.01849406088147404
-0.002315147485170858
0.017151031679075668
0.004094876759322718
-0.002741427961539129
-0.003359055931552878
-0.003555952195329764
0.02093213785760794
-0.009198332242690024
-0.005874435795260655
-0.0034222985662803566
-0.007938069027959984
0.002964609581588838
-0.002789238664024191
0.022606732570965366
0.0033505331991315673
0.007907223252673767
-0.010434195016508517
-0.007002092795369902
-0.008204690910103727
0.007804414320587722
-0.00148267263912925
0.0021580423419855187
-0.004019316432057409
0.00478097348009747
0.004007023097211059
0.0014656724331144682
-0.00830804139045346
0.006465813321452134
-0.011482713923385344
0.00861691997659183
-0.014833685707659843
0.0018001583398897748
0.017589533053458294
-0.01774426872245077
0.005854933043928982
-0.0067297476129814585
0.014911228255822053
-0.010152070827665918
0.005542836383541803
0.012636512209196427
-9.771333614896974E-4
-0.0032415915883281365
7.935013399286948E-4
0.017702059838939663
-0.009956541881760584
0.011628490390431956
0.004159113959892102
0.0018886285485251566
-0.02859166490981311
0.019908489085965382
-0.011652550204383891
0.005821445876293277
-0.004170105268757371
-0.010063506556887664
0.014072854808250039
-0.007269697750917207
-0.017501706741876268
0.023172756278638258
-0.00886263493405397
-0.029343740799547356
-0.007615632378857635
-0.015471898186467983
0.010537556643718965
0.014142138108646486
-0.004416844550903612
-0.005320648776189931
0.010149472380596384
4.470041706497365E-4
0.012123776743190547
-0.010092333969898167
-0.01278547738455831
-0.005282321942186135
0.007620531320505117
0.0014645555091044298
0.025459904859952094
0.0030784534715956914
0.019531989468616073
0.001645602595845033
-0.002631098478601745
5.27056920412659E-4
0.015388915311831508
-0.004029084197918279
-0.014640458454917375
-0.009089741283686382
0.007741341614762159
0.0051458082318403525
-0.008182334352340281
-0.0052026997967730155
-0.002285242559797774
0.0026891069583967944
-0.01063931191535461
0.0060594711534524
-0.005599404091755342
-0.019620867054713727
0.0170633858254568
-0.007189409047826034
0.0011118122229353679
0.010072872080698495
-0.013518173971195322
-0.012219141954321023
0.012565043509707587
0.007344652147909102
-0.0012714389268948384
-0.0025826509416463175
-0.005670367966965649
-0.0011576879164146127
0.006642593242376058
-0.003910985354118766
0.01764274367205677
0.01384685854198611
-0.009220634942450045
-0.0021434600157440877
0.0023103125025473446
0.008002585322682736
-0.008199498904912915
-0.014909681138047592
-0.006548547782108996
0.020176412594795832
-0.0059036962852328425
0.0075904678992053725
-0.016645009995063114
-0.002195605760078559
9.615446211604015E-4
0.005052203892483528
-0.004732553671720799
-0.01121455743129091
0.0013438683608033583
0.0065617609140173295
0.003297319059796927
0.020108362684566446
6.38798686636681E-4
0.013704437258735309
-0.002779513446307162
-0.030263785311532062
-0.00582324162350747
-0.0010921036341609114
-0.006974567513709678
-0.006902283847674438
0.013616834450438273
-0.0011991041807860071
0.010019247525826006
-0.013938350625719931
0.0
-0.0026680078575039277
0.0015763960787784099
-0.0022646511024167633
-0.009787288461516334
-0.009498628390744324
0.001157696876876559
0.012360704744948556
0.02006505392673053
-0.0036263726075752775
0.0012945068696349569
-0.0026308623759605885
0.011714187464373119
0.014370477630380709
-0.014613634653647333
0.006244742534297781
0.0
-0.0022622025069059305
0.0039753817205717655
0.01293024726361232
0.0026866069571284835
-0.00980524422138375
-3.228713770468358E-4
-0.025175840960291556
0.004377039988983685
-0.012276785714285716
0.01660438005269209
0.004859024905403739
0.0
-0.0025742410650553852
0.002212807674685984
0.003504880983165661
-0.008582563599852974
-0.0161122355563968
-0.002655569156478777
0.026663361231682208
4.002833452514333E-4
-0.011508487158313097
0.026259129594249236
0.002319028449751322
0.018849498099843445
0.011591018736149147
-0.004487590562657951
-0.012898016110944474
-0.025071574713534613
0.003114761819812392
-1.4659884313663143E-4
-0.023559102930230797
-0.0023320742708225865
0.011584480568050988
0.0035192464387882377
-0.007630036838348397
-0.0030790110103228394
0.00816474340341931
-0.01803640071309111
0.008617229502714305
0.010872411983078934
0.01526296493966193
-0.0045814189056135315
0.0010730047001016232
-0.0046878736430546455
0.005840272337706923
-0.0025624119059530354
-0.0020367281124614584
-9.517916034695608E-4
-0.010129647424628557
0.010323908068930585
-0.01196715371986491
-0.016222545530540596
0.004193806971220286
-0.003111518892172524
-0.009176537981399632
-0.004792189997776337
-0.004038903898644858
-0.0034695841355073427
0.01816163701288706
0.022282010799612995
0.010551293484532511
0.019102609046453264
0.00399773864802765
-0.012900370456168788
-0.010956155636030643
-0.00963681205430336
0.0011761407025905625
0.004306989259692426
0.006485889158432398
-0.00743024181382195
-0.002470669874276833
-0.01243118499556244
-0.007000682082230696
-0.007112255328060851
0.004668607811408109
-0.002422099875261685
-0.004542172171030614
0.012039587696173047
-0.023351775506219998
-0.0010652449388027373
0.020210018430535017
-0.005188016481447531
0.009611235916533976
-0.009470270793809663
-0.009340039314326788
0.016728758336546475
0.009744314140053965
0.002863384774807557
-0.0021655074082880216
-0.010460879514199963
9.634115186094472E-5
-0.003684620467856479
0.003916246446797998
-0.026343072949798072
0.009997648779107821
0.0034739967188350054
-0.010341426604027166
1.4731541654747042E-4
0.019957335779850517
-0.004974885980432052
-0.004757554602908817
-0.0021707772294070424
-0.02100783825079213
0.004520049093882431
-0.001534152678866039
0.02358130958724458
-0.0010732690584209972
0.008332872224172186
-0.00553422432455033
0.0070023526454145255
0.012503840444507627
-0.003433674702491321
0.009267752334469012
0.006306077812520909
-0.0132472503150525
0.0017392066169758416
0.00753131181270247
-0.008173672826514107
-0.008890746274755192
0.020728757796014775
-0.01032335240003535
-0.005364196687472083
0.004390695963838368
0.0038194155666928034
-0.0222368841963004
0.023875272664865957
0.009808128277604107
-0.007055373310420101
0.00853592457722294
-0.009207132496772474
0.013698827145458437
-0.0012261427876661406
-0.006376594806762095
0.011787789387835377
-0.00880065023220314
0.006536908016552956
-0.003433674702491321
-0.006382290576965815
0.011211540775482979
-0.015320868874653684
0.018028057216039946
-0.018706599268763627
0.006421973728424255
0.0024367568492456478
-0.013782522488073086
0.0033431969242065287
0.0035960840385896894
-0.0015281937814056578
-1.805984992724178E-4
0.01601514369582357
-0.004195394289499889
0.005858311176871304
0.01007653272338413
-0.01634764566555425
-0.008045442518010669
0.005917594562607343
0.005722272583731561
-3.795981448587865E-4
-2.3664702739414466E-5
-0.005399402682234097
-0.013725772920813568
0.014340800153447719
0.008770464372551119
-0.010431425138381894
-7.929521116658687E-4
-0.017198753524412063
-0.010795669486748049
0.006162434863055789
0.0056157271901848636
-0.014098994294305861
0.005038822763715639
0.019125451009547687
-0.011799071145903084
0.0
-0.009224623423517021
0.0
0.008272245439961731
0.018306703884044657
0.0023806017900010958
-0.028315573056495798
0.01669088228021161
-0.008255743861390025
7.319552566682182E-4
-0.001084717806803386
-0.0025309765137646076
1.595190780647142E-4
-0.004569162256926826
0.012986187140373542
0.0373397541582135
-0.01687910306345545
-0.01565671954855434
-0.015089557088635675
0.004033727589399075
-0.002592608230557894
-0.004178799259165384
0.0075267551515677475
0.03186664381449332
-0.010500504969155035
-0.014816697393957346
4.3237242839098836E-4
-0.00998143920034506
-0.0038770835564313523
0.004582036518110963
-7.415329047431009E-4
-0.004764545768486068
5.709395166844178E-4
-0.006902940736733296
3.964215968329703E-4
-0.010340406779809862
0.020170513075644936
0.015142691623040733
0.0018107705460506315
8.880765145700127E-4
-0.0034520271157480534
0.007992097601551545
0.02301783034622683
-0.01603555909154358
-0.008135305150744131
0.003981043921177091
-0.021311514442838866
0.0014709659134366422
-0.011316083300425113
-0.015041684672484961
0.03422753892198466
-0.01051582560597092
-0.022022430224776356
0.028785921392986802
0.006100770135617342
-0.00196980521468087
-0.0030413214595520115
-0.005120035149048621
-0.01292859692850136
0.006835984231819069
0.001797038136508995
-0.006220727055062411
0.015060640936411011
0.007694981754577393
0.003851084018433394
0.0016152176267935985
-0.003433674702491321
-0.006192486005663669
-0.0012432842167835914
3.0012112981207123E-4
-0.029533762366126027
-0.01960148692543452
0.016436235149875487
7.608736712967907E-4
0.006040136868523356
-0.004201814259845381
0.023023028351157774
-0.0032574840753692384
0.007144633821931737
0.07678606587282077
-0.016883595321986127
-0.011214611847259436
-0.006946702645833759
0.00521487978248117
-0.017793004587099426
0.0056508628068051864
-0.016845900830949688
-0.020989116340837978
-8.83243741867123E-4
-0.01711359844680257
0.002999831198528673
-0.003433674702491321
-0.00846197655305079
0.0023493004547224332
0.02564707952851031
-2.566539776961913E-4
0.012438147456751914
-0.006134650391503349
-0.029061833889597755
0.004778060231099009
0.012764997616013032
-0.005060341140975562
-0.01817052630260938
0.010969976703092835
0.02115415818585375
0.001210189445978063
0.006715610551749571
-0.005107114176481963
-0.009980461083058613
0.0038463979179937
-0.002854289191343427
0.03174672898543794
-0.027114853747088583
0.002583878618159712
0.003967674332438878
-0.008833299634733097
-0.025074885425690294
0.018965443773924506
0.014385122891919278
-0.004717921464273746
0.004766545532744118
-0.014208292683899882
0.002975907345271882
-0.013504858605816095
-0.01576637820701464
0.0010333389120255687
0.04479964061544498
-0.011041576035606258
0.006263162486550277
-0.01860441477085897
0.0
-0.008747612400890746
0.00943066158151396
0.003705407120149006
0.008419221479719064
-0.004930777460837546
-0.003960010986175442
0.0010466393069577897
0.006929018448911597
-0.0036094092933672897
0.014896308519954521
-0.006059708791218722
-0.005074963024607728
0.09012550913388256
-0.0010978484249221996
-0.009409005593472883
0.0176159097294688
-0.00578492345729332
-4.3011867347422447E-4
-0.002532732328861755
-0.01654936466614322
-0.008548184857753275
0.0016549407635211982
-0.03174115781236985
0.00526460351513989
-0.004792691419807229
-0.006946702645833759
-0.0076773712397176525
-0.012624096897633994
-0.011991999080479303
0.021166790174388092
0.016100085440678515
-0.03286284855663098
-0.02353861040969816
-4.5328429378011393E-4
0.0025689970756823445
7.506668125332082E-4
-9.723189097543116E-4
0.007241687691258422
0.011538219147219001
0.00545378463118003
-0.008245098185798959
-0.006796086879536674
0.002615951450601111
2.1315085281380097E-4
0.01447704691618567
-0.011528593702049367
-0.006930123736937167
-0.015686168040055567
8.10740068827206E-4
-0.010693390158793482
0.034132024977023064
-0.0031719258965014915
0.002670596571460216
-0.010682851079187343
-0.008260533523679234
-0.012792274346360242
0.009852587193667443
-0.007924458185994035
0.003993178254049507
0.013699060282738807
-0.003433674702491321
-0.01738389989076768
0.007439303529388047
-0.012276785714285716
-0.004829126851941399
-0.012907099096570633
0.009934355769356473
-0.011510637144013972
0.008917729438786774
-0.016735647860594102
0.0028230794480816135
0.006164167467248693
0.0
0.00965038945663568
0.0
0.05286707847136846
-0.008667629184986978
0.011086771749965573
0.06337054413285838
0.023387195569260635
-0.010011681878323426
0.0
-0.0016381718269483131
0.0028063018619205876
-0.004760464445990641
-0.0012280728915303788
-0.003509914112338027
0.016698711089515553
-0.012276785714285716
-0.0057634974400745664
-0.004620840718039765
-0.020548768709103403
0.004386542164878779
0.008328106201477618
-0.027867734532561
-0.018188834483901076
0.004212208672112977
-0.025640712435986868
0.025206522473006296
-0.028261910931750834
0.006168660566025887
-0.004409215560984528
0.024164923222600915
0.018178277265557857
0.010261630105632453
-0.006860012169326826
-0.03456214585299519
6.792670225640833E-4
-0.003967906403423528
-0.01250950641679692
0.015072221087759016
0.0034730139752008394
-0.004922526621726642
0.013162463764908615
0.0
-0.026761807628183795
-0.005415961798824663
-0.007200579354153882
-0.003641687155880265
-0.009382164431889667
0.0
-0.003107920660709629
0.01258199410999421
-0.0053837921820762144
0.0
0.0
-0.0034681026846021135
2.8290027266336844E-4
-4.6269986157136266E-4
-0.005007437446405147
-0.004559253387162952
-0.001987467559589323
-0.002225995277156639
-0.0038113668663657552
-0.019063425151281815
0.02403254575973718
-0.01037829645592336
0.005701958742308282
-0.013675534644400937
0.07250706506730308
0.0
-0.012573399852075394
0.004324406428543669
0.0
0.0
-0.009553717180827034
0.016459088715473306
0.0
-0.007867884468045806
0.04102388863042816
0.0139509238410719
0.0
0.0
0.0
0.008954275333223773
0.0
0.0
-1.1658553796003394E-4
-0.011068114151548418
0.0
0.0
-4.757552584376025E-5
-0.017438110591639643
0.0
0.0
0.07513713496973713
-0.05612803771084211
0.0
0.0
-0.012276785714285716
-0.041928098543317645
0.0
0.0
0.0032196400952698343
-0.009453401051215891
0.0
-0.004409215560984528
-0.012240019112050016
0.0
0.0
0.0
0.014248809222296335
-0.016298912419195524
0.0
0.0
-0.019347460081265075
0.08115161547847173
-0.012276785714285716
-0.01361383834276794
0.0032355418868445767
-0.0020151556086532626
0.0
0.0
0.005416773544958889
-0.01544624507276163
0.0
0.0
-0.031244171048290827
-0.009032356057150845
0.0
0.0
-0.011261915278962701
0.05851568647765025
0.0
0.0
0.0
-0.01361383834276794
0.0
0.0
0.0
-0.006234803407921019
0.0
0.0
0.0
-0.018212264382873905
0.0
0.0
0.0
0.0
0.0
0.0
0.0
-0.004409215560984528
0.0
0.0
0.0
-0.016424538273761925
0.0
0.0
0.0
-0.01642526694892797
0.0
0.0
0.0
0.0
0.0
0.0
0.0
-0.007867884468045806
0.0
0.0
0.0
0.09916566177417081
0.0
0.0
0.0
-0.06750838234611657
0.0
0.0
0.0
0.0
0.0
0.0
0.0
0.0
0.0
0.0
0.0
-0.04288616107451349
0.0
0.0
0.0
0.10669347874602808
0.0
0.0
0.0
-0.012276785714285716
0.0
0.0
0.0
0.0
0.0
0.0
0.0
0.0
0.0
0.0
-0.02589093837179827
0.0
0.0
0.0
0.0
0.0
0.0
0.0
0.0
0.0
0.0
0.0
0.0
0.0
0.0
0.0
0.03362015901797437
0.0
0.0
0.0
0.0
0.0
0.0
0.0
0.0
0.0
0.0
0.0
0.0
0.0
0.0
0.0
0.004547565068109638
0.0
0.0
0.0
0.0
0.0
0.0
0.0
0.0
0.0
0.0
0.0
0.0
0.0
0.0
0.0
-0.012276785714285716
0.0
0.0
0.0
0.0
0.0
0.0
0.0
0.0
0.0
0.0
0.0
0.0
0.0
0.0
0.0
0.0
0.0
0.0
0.0
0.0
0.0
0.0
0.0
0.0
0.0
0.0
0.0
0.0
0.0
0.0
0.0
0.0
0.0
0.0
0.0
0.0
0.0
0.0
0.0
0.0
0.0
0.0
0.0
0.0
0.0
0.0
-0.0666350879341881
-0.013427421523538537
0.08652274024209561
-0.00646023078436892
0.0
0.0
0.0
0.0
0.0
0.0
0.0
0.0
0.0
0.0
0.0
0.0
0.0
0.0
0.0
0.0
0.0
0.0
0.0
0.0
0.0
0.0
0.0
0.0
0.0
0.0
0.0
0.0
0.0
0.0
0.0
0.0
0.0
0.0
0.0
0.0
0.0
0.0
0.0
0.0
0.0
0.0
0.0
0.0
0.0
0.0
0.0
0.0
0.0
0.0
0.0
0.0
0.0
-0.021432742298241683
-0.02193335503490105
-0.023268990601045363
0.020564199268195055
-0.06612377157672669
0.04333981166834533
-0.01120766088335225
-0.014530372408152397
0.08089453028186405
0.005662321707167806
0.014496260661216152
0.003473149766033101
0.01582015067134107
-0.04513482534252842
0.019381294120785326
0.0
0.0
0.0
0.0
0.0
0.0
0.0
0.0
0.0
0.0
0.0
0.0
0.0
0.0
0.0
0.0
0.0
0.0
0.0
0.0
0.0
-0.012276785714285716
0.0
-0.009155956583955967
-0.01769518696926204
0.010053756416008475
-0.014291924481647482
0.0
0.0
0.0
0.0
-0.023268990601045363
0.03326084760278919
0.0050067233892488825
-0.01770337172384302
0.0
-0.02155220313339424
-0.046237469358962835
-0.002398379859451649
0.004064280775082019
-0.01940836841629541
0.04020990214638599
0.022538277938254754
0.0
-0.0032233946145980414
-0.02134533580700098
0.009701009911027136
0.003660059627219636
0.07512010098482079
-0.041965547497074464
-0.010974501017185563
-0.03671042487871314
0.00837034271123531
-0.013515505904311033
0.010987979779607814
0.07505171369533196
-0.026851554114187208
0.030194014814012318
-0.01264088033486597
0.014960741342208657
0.014745738865569598
0.02993340022578867
-0.025881616859162574
-0.004301261570979558
0.0038059450654381265
0.0
-3.327952994050245E-4
0.0
0.005772633074393252
0.008118409594066272
0.0
0.0019291080028815471
-0.025744510159135384
-0.017085344350118374
0.00973843275531957
-0.01204340358859423
7.594709656581202E-4
0.016890320528662003
-0.003961176520128793
0.005692679146593999
0.05434414438610197
0.03116156946364342
-0.010032144981332446
0.036713324784635154
-0.0037193578054651676
-0.03366259734015122
7.52141139914687E-4
-3.290101021238775E-4
0.0058186712125348474
-0.013597922393426668
-0.008223907070146159
-0.013007509789395619
-0.005965361498786791
-0.019447108356877952
-0.010311691727187143
-9.862632958612609E-4
0.026749008230561762
-0.012990843709452556
-0.011118943420371553
-0.01004844844850333
-0.03438523753011543
-0.005541154775420055
-0.014815222128550461
-0.009169736949407354
0.001865720026287033
4.0539866269112025E-5
0.004220054643591983
0.0024632853840080345
-0.005976240658111522
0.021094562156974278
0.0162758327318297
0.04049499165864708
0.003257947989048534
-0.03481247892830024
-0.05799439571920794
-1.5069300042040365E-4
2.2797426848396004E-4
0.017028376825217652
0.04268487493606787
0.0034311029965189282
2.3595528260968981E-4
0.015054906196077482
-0.022785098209545558
0.012838142607919257
-0.0012136076298395926
-0.0035195599122032004
0.0026289416569291813
0.005021563638728039
-0.005424176053062732
0.002934883831223402
0.014771107438469006
0.0
-0.011863967080436365
0.017102353940561938
0.009756328239525332
0.010483669847798794
-0.020355028966294292
-0.003602001948131213
0.009417649780367729
-0.005602402334206447
0.009398392756825904
0.003808922747089844
-0.007960552174497074
-0.023464276727629962
0.03647423514986849
0.023446002507520512
3.958576617959231E-4
0.018610829233464604
-0.012154047845648157
-0.020250145108665945
0.01021027062105698
0.008487052990371146
-0.006801910989021832
-0.0036519388392783794
-0.03208827197078191
-0.02183225488336081
0.0
0.015583325177030517
-0.0155526404380788
0.026483498596759702
-0.00609209842132368
-0.00860414235523742
-0.022767561656686194
-0.012276785714285716
0.011341266641329834
0.0069955939008665945
0.006881364924578286
-0.03029124681656639
0.010298545761821985
0.014956033691623336
0.02133251133636688
-0.008208968602854772
-0.014163068404217816
0.00628744729360017
0.006879887138198683
0.005411759765205441
0.0179521109778208
-0.002924153143014596
-0.016368295250104494
-0.011094345029564443
-0.017881553902318558
-0.016163888359606526
0.032732076566991744
-7.91112584277962E-4
-0.004608114094176417
-0.025408098073674282
0.009918662501837537
0.002726248810281149
-0.009660475860649595
-0.00196817393013687
-0.011702698392972343
0.02002286405208403
0.0018365773510950186
-0.007178969128626384
0.007484094294478487
-0.005898519546859123
-0.017309190102659567
0.0209360382116004
-0.015341105695054019
0.013651074221096154
0.0
-0.0023410855187954165
-0.004834329920523779
0.007807945926393863
0.0089536243218304
-0.002592750396615007
0.01825334874358388
-0.0035482073949153698
0.01580451304662253
0.004135946636151633
0.0038078068368119842
0.026422558537874487
0.0013343335743798313
-0.0072527327555957834
0.01882783071671623
-0.008170693654858167
-0.008964214727662175
-0.012815310524329873
-0.022235434738927532
0.012759055040403299
-0.005407308779316738
0.0040294853116712125
0.009488903067474377
-0.018769900657073527
-0.011880003979321782
-0.017491232945493266
0.007454789172582627
-0.014087077457064025
-0.005034136618542185
0.005889571767564946
2.96472602204334E-4
-0.009634309107032573
0.024596302396823005
0.00473109208869385
0.013464552179139378
-0.008309340247083236
-0.004138960011496466
-0.0052354936008718045
0.0038385052964040956
-0.0034082838734128757
0.017294945549548427
-0.0059872083895336
-0.00707169181151576
-0.005347524669875323
0.009158674157871187
-0.01906203663463716
0.02016883394439338
-0.02671056020775215
-0.01296075481849467
7.808067764247112E-5
-0.00342631370633676
0.010637559794087686
-0.011833886577659328
-0.004581554361171165
-0.01498410489513486
0.011892517084424787
0.0
0.007366401285507093
-0.02382354426486741
0.001587223036323306
0.00430033960833982
-1.7344765929798792E-4
-0.005343523505286039
0.018526479700123014
-0.018125729204008664
0.02123157858794102
-0.005299450965260688
7.149863205975092E-5
0.008097842782907688
0.013321180379593227
-7.262930922484238E-4
0.027677184948881318
0.0046698705402204495
0.00548376786009226
0.00693104271579845
0.004134773500738015
-0.0043964543344867275
0.0020794334620315583
9.533975066777763E-4
-0.010612470047590741
-0.009024004482347987
-5.865325178705406E-4
-0.01654139090826229
0.006519287841492265
-0.0011406196464457535
-0.0010268339417154812
0.012276785714285716
-0.0015341526788660385
-0.012224703708221188
0.005194403189373532
0.01172162149583747
0.005067889745058845
0.011366883521873797
-0.01897675025974607
0.011158210504749504
-0.024146989048843215
0.005312646703282874
0.010968381079192704
0.015951062879400207
0.0017175230961521135
-0.001092516571018585
-0.015282703986090608
-0.016281785391832313
0.006667922679421635
0.001398356116491597
-0.010072623820987687
-0.010772210725076711
0.003992082076230302
-0.009088960996782608
0.01878240964880351
0.00947164443728895
-0.005939652259362365
-0.0162633150798241
0.005201311651796086
0.0042001065481576194
-0.010634750351515208
0.01905063530926887
-0.015054173484877429
-0.00895586978924684
0.0201181811843229
-0.0056007745531396124
-4.638067481694359E-4
-0.005714936244310103
-0.0015027950399456908
0.010768818537501546
0.0022392494069324283
-0.0018425013033596424
-0.00363194891185286
6.722177710289537E-4
0.0161815283540487
-0.025380192023571876
0.006143456274989403
0.004419288278234518
-0.0030533478494433096
0.011912165855876823
0.004113411218151668
-0.003949294993101851
-0.00973374414561743
-0.007487040049024186
0.00941282758309471
-0.006047572855149635
6.3246858139979E-4
0.009743814600362222
-0.004186969846303712
-0.005130954316189279
0.02286391645199031
-0.018936517691053676
0.003369072797501744
0.007088615919925084
0.010773990674340025
-0.0028376501642600792
-0.003333006147923559
-0.013556359167749273
0.002895569129512488
0.010162306145318696
0.009148770621024096
0.00956909261384453
-0.01916013071543963
0.019599872449114826
-0.0058844920894982975
-0.010078223019935773
0.028436082489962128
-0.00531337922689421
0.006696270902224438
-0.004629929768235109
-0.02849081948005818
0.005463385249204183
-0.016673696268560072
0.0066636455344478325
-0.0069501582486513214
-0.013207270253854724
-0.005808672119802044
-0.004839498028156607
0.014855992166436533
0.020668757298150733
0.0010794371307362846
0.007960163740813174
-0.028319729052363095
1.305636316750007E-4
-0.001541411824401399
0.0070810713489131115
-0.013519854389619316
0.0045639120102023865
0.005620387891622388
0.03368870450546828
-0.005871557966846662
-0.004455317034076834
-0.0021250421345057283
-0.021743596185274678
-0.012119257977391034
0.005491335145496729
-0.006045540244957846
0.01890270171988927
0.002483254500544962
-0.0197946303969684
-0.002640029434382442
-0.008378908997638154
0.021725680130830947
0.0021164115057900525
0.013902179764047314
-0.0011934990430432346
0.019479690207110774
-0.006890692141983408
0.011451196856980858
-0.004363026912466195
-0.012970608920997065
0.006557266771921351
-0.008883522170061015
0.004342850345652766
-0.013895543498241292
-0.0024284531712410098
-0.0030061748678074985
-0.0020164731929496063
-0.004282510427887259
0.01860989746693154
-0.001683029896283644
0.004916359076805807
-0.03263583535728795
0.00592812581799256
-0.0012702239922468073
-0.010403020010990471
-0.0016486541614036954
-0.009231566197842062
0.005492312425241893
0.015480097050017603
0.021509722353274172
0.006549233412666687
0.01196472667716604
-0.009572742276533017
-0.008258693553078287
0.0033166646580218007
-5.227938784340685E-4
0.0031333826363528026
0.0038255654572461224
-8.684039339437854E-4
0.005563143964922261
0.0230006850581762
-0.016522750235900642
0.026264818303754156
-0.00727922873589542
-0.01374883426728684
-0.013242204344524397
-0.016234458598226392
-6.884664732036693E-4
-0.008442226522453458
0.012777423947605773
0.015212314699396339
-0.013663609683606324
-0.008225959765158242
0.027070982283059885
-0.01859323580726578
9.090617923290757E-4
-0.009058335331261947
0.004728815362712599
-3.4124055338130305E-4
-0.004840242542575873
0.017082977841889925
0.010785746048363574
-0.011246804737130038
-0.007315860552186913
0.0
0.020244846487052652
-0.02213691793086721
0.0014079366830006277
0.0048029787459640165
0.01145881707881738
-0.016058626372287582
-0.0015728865475366875
0.01734929445047389
0.002589738100534417
0.005892603130885901
-0.008091233091765394
-0.004048568051761108
0.02335883267177875
-0.013116174532395886
-0.02661829615282216
1.0023193656663598E-4
0.005367150326265068
0.010913636116025138
2.7216024312854727E-4
0.004107583153660235
0.004741480127948181
0.0018923947355270936
-0.011565155213677923
-0.0051608665123654
6.255684787433687E-4
0.009532480964660287
-0.03141038088662705
0.009042630895721195
0.007768523253259392
-0.008454638764382336
0.014892762939853884
0.006700131123812974
-0.024671440309386183
-1.0453294439212153E-4
0.002565161106674912
-0.002869533709280516
-0.0030341890080469933
0.023868140610524856
0.005192673077076112
-0.018112896774311896
-0.021146611913997707
0.02612126598240887
0.018295963264772792
-5.116774938185818E-4
0.0035518770378348543
-0.03801697639425503
0.011616293756308009
-0.006337227206986536
0.013243147545613801
-0.007028141646174156
0.0010764460915148495
-0.008727416091106562
-0.0061402764197635885
-0.005701320575832592
5.375710947666631E-4
-0.003845907749795329
0.006913838146301431
0.009794558232576188
0.0076185778246105895
0.007896862325833028
-0.019561019783058818
0.011566566433200991
0.01509954991750728
-0.0012083932811621572
-0.005567914977060313
-0.006312332598465394
-0.0013728559186355418
0.013429488416500117
-0.003235273966766963
-0.023359694342645742
0.010479091992149756
5.287430436129829E-4
-0.005836749812370191
0.008400968250435702
0.003932870297276486
6.889108824412993E-4
0.0010999411212187686
0.007463401527787565
-0.005251665133515858
0.0
0.008592305092749162
-0.019327483385787183
0.0033273807036661857
0.002338804029788486
0.010548940304982034
-0.015826882082595944
-0.006831238838173312
-9.158651377995635E-5
-0.010257760217415469
-0.010841417153790351
0.010173296696567278
-0.004172228265931926
0.022938984318589362
0.014950997255055713
0.01762315500281809
-0.008873988475612144
-0.013018993824879248
0.013804650493206776
-0.005498741081724447
-0.008417728187802096
5.815043166783919E-4
0.006533830275398816
0.013681641271699418
-0.008229084750563023
-4.5463044484225085E-4
0.024837120717825623
-0.0010351923426061742
0.010261106095194952
-0.035145404052496526
-0.018356020111580842
-0.004780905188949842
0.0011396333457563187
-0.005310269860967568
0.004332011646176143
0.01482893532988212
0.006738186805359094
0.0028748244956922327
-0.009713518735300568
-6.447499935198433E-4
-0.003626362887766102
0.015469632270551741
-0.0049021642161658115
-0.018570162581187453
-0.005225592553444368
0.004671479874818124
0.012221259320276897
-0.014198517714657185
0.010606046019299965
7.858872191460298E-4
0.010672716059989141
-0.019523737775752364
-0.008297380248377487
0.01704185937304606
0.0029281243803517118
0.00241614755882532
-0.002829012394000809
0.013122864114352482
0.015268533632404692
-0.014792390202170672
-0.012739052371751528
0.0070427130182235545
-0.0065385078047805545
-0.030131417726834905
0.017837216330767968
0.008240733704914469
-0.01132652025599161
0.0019333146524651915
-0.0061329070121339604
-0.00118706248275827
-0.005728159551405158
0.0016298379378012927
-0.0018293506785900544
0.009055554984806011
0.004972422326081572
-0.0132781348363737
-0.0023040270887368375
0.0022640888833809474
6.761299611149196E-4
0.016858315842546143
0.0
-0.0077505976297887625
-8.50002998960501E-4
0.0031014126987993947
0.020120604997776445
-0.00949915113590614
-0.007507159995469337
-0.0015620977081410071
0.007029336820109437
-0.03409020472192073
0.019295835723483864
0.0013300334404571616
-0.014921748434891661
0.025631483060942647
-0.0034897912287800066
0.009059694594268353
-0.008504339390749703
-0.01052314443554373
-8.191878903948636E-4
0.01323873868238351
0.0
0.005484033108470739
-0.0026123422190265986
0.0
0.004286144077867354
-6.778818936000342E-5
-0.012959261323568307
-2.101659388906666E-4
0.024112983184097672
-0.011628079778595826
0.004202371181473784
-0.007205379773390751
-0.004453250154565879
-0.018327847214294715
-0.008116287397003272
0.024031221941935355
8.125029169826427E-4
0.024276531191952194
-0.0054466807904501565
-0.013952035581219682
0.0016396083882249668
0.0011083893367466752
0.0010376005990572514
0.008054080538823496
-0.01601484223574657
0.0046982179363446435
-0.008101181331118248
0.0064982682449707865
0.002125085263899703
0.0018311715917408832
-0.001472369067154981
0.0
0.002491795748034516
0.01244377579171715
-9.344379531697196E-4
-0.007344015761196017
0.0030071784907994264
-0.015242600891170651
0.01851983847425352
-0.018263989886004556
0.015063393688875937
7.517463577765664E-4
-0.006293518304424648
0.01705590861617396
-0.01191801083402066
-9.31377597721968E-4
-0.011174388311243014
-0.002926880793992233
0.013643332411016713
0.0051168410662509566
-0.017768668407846872
-0.006843349780703144
0.009258106970847588
0.009597537624418126
-0.007504631762063296
0.01195919235074891
0.010274150590433271
-0.009026450077397209
-0.002726094644183894
-0.00367140375982403
0.005294437000375646
-0.023743407837742824
0.014547037689877295
-0.007516853915921288
0.004953141233265193
-0.004670512162389423
0.014171574766215302
-0.009574577051638685
-0.02733551155790364
-0.005428753173118308
-0.008259300117198732
0.012662709273507941
-0.005551634075378013
-0.01658884621042938
0.004221384160892312
-0.00319290241743517
0.0
0.006610297602214352
0.018886702219524237
0.01680768815384486
-0.0010824280171739887
0.0036956408297531464
0.016426824593765488
0.0028607349029544154
-0.0015781832266587833
0.009761921942790422
0.013610984173281231
0.01537191299811801
0.014651624447887833
6.976336586130027E-5
-0.020536761081912037
-0.004162839117088545
-0.010950667286042486
-0.006157753027356317
-0.008857670153314416
-0.011747887708044306
0.007989411248305352
-0.022564797859233023
0.006065641879116692
-0.004920872976220686
0.008610969088610402
-0.008616582590462933
-0.009595167929137671
-3.6464567213395464E-4
0.00853010595579735
0.01782571070990714
-0.0031239975036974083
-0.019438311967958335
-0.006969078887967186
0.015860712182360973
-0.002930773773750537
0.00845113275643254
-0.0031626328576126565
-0.005922983468074164
0.004899528171185295
0.007957156122686155
0.012778951814395244
-0.005608203115670649
-0.008766198800653054
-0.01856988189177692
-0.004009095250985636
-0.009851425126564787
0.002612773199642769
-0.0016516629409268136
-0.007780831559235644
0.0011599295032417465
0.004768353315851168
0.01854241942402828
0.0
-0.011665778704176432
-0.009453169553606946
0.016620459688038068
-0.00639447378284257
-0.0019157703842650371
-6.981937404457834E-5
-0.00785325270035737
0.01513300744354547
0.007189327025216591
-0.003241280857348641
0.0017059289195901208
0.0
0.005759518760530564
0.0011088479193574162
-5.044132359566383E-4
0.028121784795686493
-0.01672010153335039
-0.015959056544848804
0.008301723656031403
-0.013324720317659366
-4.1379543136180717E-4
0.0031873991966404856
-0.025906802649349785
-0.007458372762654618
0.0070443437633485985
0.0044271472891540325
0.01392570680061252
0.01681031456793558
0.008522559742874889
-0.006176499301178238
0.0033611027278257176
-0.002793093649171784
0.020815339878120148
0.013720616909157064
-0.01832559924460113
-0.01714280957936362
8.969924930029242E-4
0.003477413847335733
0.006389769091416762
-9.377867348449968E-4
-0.008955800545483221
0.0011575220118201744
0.0039158633379539716
0.0037515936075264416
-0.0035948336273229596
-0.007627909790602143
-0.003944717455751572
0.01217616747379193
0.022596937018374518
-0.01053290384903616
0.010065441953114733
0.017807023307419845
-0.005665520079191836
0.001284599120155841
0.0018072736260363999
-0.021914156874203155
-0.005861266112185376
0.007997705646462266
-0.004511548903389071
0.0031595467286276366
-0.0061816941191956175
-0.012724392587618
-0.007800345128197587
-0.007608177902877607
-0.008636382595143492
0.0014066578383798369
-0.010862675073604056
-0.004001973607383386
-0.002618282174508913
0.0016674633974713814
0.021575199803197883
0.0016051584729093113
-0.0056131243635697495
0.0013918422304718871
-0.0032951190316678246
0.007366401285507093
-0.011034251427047684
0.011460690017550405
0.006948411360450062
