-0.006726885504490458
0.005012530502423387
0.006126191431552998
-0.004411836429485912
-0.006352944948892452
0.005912086048194528
0.0012785991774750716
-8.377402767771359E-4
-0.013031613189751528
0.00714219020846492
-0.005482184171532169
0.011371607152818767
0.008116510754094476
-0.0015239723719502707
2.0005552909000768E-4
-0.0067925939112341875
-0.01912335899676655
0.009226213192796191
-0.006303605222937311
0.0162007510269076
-0.002423031150180939
0.006796987899164781
0.004805472405555056
-0.009179429154538897
-0.015072262350816108
0.007036218006492126
0.0037135710801657514
0.0043224732641582286
-0.001956652077778279
0.004428689124115255
-0.0025279469602794724
5.590991394247187E-5
-0.007858232065197016
0.007260730609186271
-7.222852319602232E-4
0.0013197866879709056
-0.003422598054971396
0.003822700227155044
0.010574335723330186
-0.010974437895513839
0.010463954447622562
-0.024182478217133426
-0.008341509775723895
0.022060033545234777
0.04349655191335151
-0.045016709558671875
-0.034376798477473894
0.035896956122794234
0.048808432286751566
-0.06367891250887651
0.02986377795223586
-0.014993297730110978
-0.034762946164329754
-0.03446677149809694
0.021643637533764203
0.047586080128662445
-0.01776425640981482
0.029392903732316764
0.006179843239665406
-0.01780849056216737
-0.060112995684614035
-0.01730616219814568
0.0829574074746399
-0.0055382495918802855
0.012979057537308646
0.010903163135588798
-0.016753479576816874
-0.007128741096080554
0.01751696712118434
-0.008980821850157236
-0.030276480370291844
0.02174033509926477
0.013010064794332598
-0.02061293263034971
-0.039894352384305914
0.04749722022032305
0.012023221712199833
-0.0131516817734358
-0.007351419722636409
0.008479879783872256
0.0027192513615986193
-7.615699955246715E-4
-0.008551953033817125
0.006594271667743139
-0.0016348447039589863
-0.0029313184988117792
0.0020508027668391326
0.002515360435931542
0.0068255104341022775
-0.010753861886931941
0.0025439308665489682
0.0013844205862807366
0.013760255505880167
7.472996993434598E-4
0.004042148966754899
-0.01854970417197857
-8.732041642863229E-4
0.004608261065864998
-0.005733317480548424
0.0019982605789697376
0.009003145903476038
-0.0056662718834779285
-4.2062125909867474E-4
-0.002916252760899481
0.013447357900991162
0.00220366973971338
-0.01752403842648923
0.0018730107857846973
0.010109567162085685
-0.0054742435187156765
-0.002222990343484732
-0.0024123332998853162
0.01786218208235652
-0.014787693581358952
-0.009512204622751467
0.00643771612175386
0.017100484510008104
-0.022147352280852607
0.004875589548187337
1.7127822265717955E-4
0.010914436065550901
-0.015423520086577568
3.605493426375433E-4
-0.011744356325716278
-0.0030055752998996974
0.012232916979174377
0.016907482037728017
-0.013404615080708575
-4.613281744498682E-4
-0.0031563062532739754
0.0013548722729212672
-0.0011264390902675685
-0.01051938077811921
-0.007608585541358475
4.972733927303772E-4
0.017455691035138256
-0.003209111693108619
0.007414320428920816
-0.014110706648793693
0.009732851830606204
-0.013632446714332825
0.01382416756507325
-0.012263751585365568
0.0033990249902284397
0.014905307053148647
0.012003848905109703
9.216391573444718E-4
-0.01303167128408208
-0.008470280417522204
0.020313667057728826
-0.014690266030317627
0.0019059378877856505
-5.692714482337562E-4
0.0033778909701651983
0.008079335002391618
5.169698238812574E-4
0.01567367080620757
-0.011405260397457902
-0.003502714221472615
-4.8794059917777605E-4
-0.007477817884789988
-0.013613219460322573
-0.01588794571271253
0.02515193108065459
-0.003723143423611578
1.231226278722952E-4
0.018116911319067078
-0.008246327050907887
0.0014239978367918504
6.682873348602099E-4
0.002010403758881523
-0.005795021141149667
0.005294862464792494
-0.010528104833109349
-0.0029221371313571057
0.009732507067871776
-0.008767062488303856
0.0017926536869657607
0.0010433124693386246
0.007626824900194423
-0.0014084690938713888
-0.002873688775305666
0.008603558405446417
-0.010313760891531996
-0.007213450982928555
-0.007035783280387899
0.017403517997322104
0.005405767026994723
0.005588518850408364
4.0811896701281776E-4
-0.009857798938158387
-1.0186023189414056E-4
-0.002570839182485102
0.0016292345498193526
-2.862763669981942E-4
-0.002432537545219058
0.00892857142857143
-0.006466077518313762
-0.011205870254786525
0.0014538205321503745
0.009669222411714026
-7.925587014426571E-4
0.0019530923950027814
-0.006499244848506611
-0.013361638220229158
0.013954030438786019
-0.015685454604320435
0.019216781699443963
0.011938474492625983
-0.0034737405100901883
-0.008145892519166776
-0.0020999623638362983
-0.008143515565173037
-0.003313875165191873
0.020509322643950827
-0.009812955535372054
0.018658389808280388
-0.0032508261110937957
-0.02863156134455579
0.01142309615297413
0.0037349860461824477
0.0019230776246483752
0.008484030945273223
-0.017115117737625134
-0.011103352948528152
0.005852190377498618
0.0010100756700261995
-0.00832703491210484
-8.106712645727216E-5
0.012084974428768505
-0.012841568880952474
0.019458307185140605
-0.00569263308455395
0.0019732128888616694
-0.012651714852183008
-0.007750138665249093
0.008717006176213819
-0.0245781870864489
0.02260946383219708
0.0032062324469749777
-0.01041062412557468
0.02234077337660234
0.010783155191905553
-0.010185827356006963
-5.415372239720982E-4
-0.012778536650978892
0.01675353461453381
-0.0026319197590987924
0.007241273717424888
0.014344825369868683
0.001065554469954353
-0.007230125404736014
0.012019318913831904
-0.019388258671961825
0.012416271590438581
-0.01415328703637134
-0.01947533501966172
-1.9891654739803873E-4
-0.010900375401447835
0.008647961164093696
0.0063049639037157205
-0.0022557817475562835
0.002306749569615592
-0.003776452059561881
-1.3528827397700852E-4
0.0076977349890108415
-0.005849408896114199
0.002965835033655837
-0.016185773152431894
-0.003656268448497456
0.0109795515217987
5.695300231289696E-4
-0.010567767302903954
0.01968634662457173
-0.015190599335960805
0.011622261249284505
0.008905774988167177
-0.0024628869686403486
-8.719897260662923E-4
-3.648621165608743E-4
-0.008558207239748239
0.008043204880996982
-0.019320007562092137
0.007688668156881442
0.009118002792451037
-3.9998398213879176E-4
0.016847260273388568
7.831787101293033E-4
-0.014777300543468002
-0.0061108512624429975
0.010241740390588314
0.014007473391089466
-0.004619888350354299
-0.0037509292361103327
-0.0053324404684208255
-0.009342104122281703
-5.275325557010119E-4
-0.0010995480937813415
0.0023310693864234747
-5.415372239720982E-4
0.0054596531530738445
4.491485278234876E-4
-0.008634373591692363
-0.007747942994920995
0.005618849422727167
4.702511829514158E-4
0.001209648205659566
0.00591666931140748
0.0010558965500878396
-0.0021418734238995065
0.002397744350989977
0.007155484945641824
0.0031198124721742325
9.818020717721025E-4
0.002920213988185239
-0.009001582884132945
0.010767689902084201
0.010589944134030497
-0.00323426404738255
0.010862847157363013
-0.011705361747498146
-0.0016496714417810598
-0.004298707816318744
-0.0041190515962305566
-0.0021109220710107107
0.005483204465386159
4.946120670084788E-4
-9.840538995547579E-4
0.022571313569610285
-0.009245987316177418
0.002821078650193427
-0.005735203196701405
-0.005169473784075786
-0.022925746688638608
0.018077238228886877
-0.01297738033094707
0.003537377757361765
0.013815828038487217
0.0010961542640163147
0.013159349734068196
0.0016130691869050418
-0.013350718793986187
0.007988565911280556
-0.016799437602233475
-0.022629270738443404
-0.01091618667198992
-0.014018525474665392
0.008362429441792213
0.013424357784763563
-0.01932259056102215
0.0035416431243462387
0.016203419649594458
-0.0029909850250862497
-0.002763395001140428
-7.253853872067608E-4
-0.008159820727727326
-0.006138533775066117
0.012002568817063058
-0.006315037660539855
0.04064536773441806
0.003929363081694175
0.011378552201055422
-0.0010117020035345478
-0.0026494661875986125
-0.004104771023062769
0.02545482062581666
-0.007986612394209305
-0.023974908584751056
-0.0031147360043830927
0.0034039159908494897
-0.0023853073146057418
5.961910542577956E-4
-0.0034219607361479654
0.003860648029439962
0.007841508270100791
-0.01460812891615542
2.769544742799446E-4
-0.010178203435270962
0.005324428446866137
0.011568038899160167
-0.007781504807969148
0.0050362060997702785
0.014265681803880846
-0.01932220281102179
-0.013712842038136372
0.010788746497438283
-0.00233163933679186
-0.004033199962331322
-0.002584011748352898
-0.01568856933032646
9.947659003078139E-4
0.008253992351730795
-0.003496868734965449
0.018423761593930735
0.010326198807935203
-0.010335288787191274
-0.00528968203096564
-0.009581139599012014
-8.102805294720461E-4
0.009477529669636098
-8.631316255572844E-4
0.0013679199222263894
0.010714189839986208
-8.209732250140551E-4
0.008996005092633099
-0.018681130665359796
-0.00851660896708335
0.008315712431069384
0.007918205267799239
-4.998364785671434E-4
-0.01668242646679593
-0.00500964734204189
-0.0057131358823314365
0.009645588717194226
0.01125567475539455
-0.0023814500038421248
0.007217000948997887
0.0014306657254773668
-0.01434165612114673
-6.192568074434453E-4
-0.00945127388780316
0.004375300921464072
-0.0011676647588178101
0.007720306189525003
0.009564051281419609
0.0021143772514356455
-0.012808204499603576
-0.00892857142857143
0.006019402109452454
0.0116488791113426
0.0014535927578846891
-0.011126171460776752
-0.0049912186077811175
-0.012960901435513369
0.014652940122284986
0.013308828508859468
-0.0011802121615358593
0.009794553110262299
-0.008615420674663405
0.008254827042411369
0.018858141763653094
-0.005614410333388971
4.004240717617692E-4
6.181867865074461E-4
-0.01354520355352385
0.0014083176670058872
0.02142662452364638
5.703602943998487E-4
-9.220731193774305E-4
-0.011568213513672126
-0.019401592239511555
0.018051875160962946
-0.01785714285714286
0.02487138843730475
-0.010839795105210374
-0.008879919133595942
0.0014239398106454387
-0.007072359035407179
0.005780154257893447
-0.012896655644945477
-0.013596674131164372
-0.0010214627236132447
0.03010643388888244
0.0012612372951902734
-9.715520452198865E-4
0.029177297182270443
-0.003498204474951347
0.0014571281255888295
0.0016539983920428702
-8.110954818347652E-4
-0.002168978509417242
-0.022026219006795432
-4.874504444670304E-5
-0.0027473665839233526
-0.011283346098209768
0.0017292664041029344
0.01863432794916406
0.004613252709486017
-0.014903325641994222
-0.007717824307027181
0.007633153276481215
-0.003945611767446863
0.011004599961385557
-0.005998306966087306
0.0077579206522305835
-0.010708278093916048
-0.002850036579251996
0.013635792535008111
0.00892857142857143
-0.0040196732266380665
-0.00836962005862818
-7.58770848364002E-4
-1.6604830708464788E-4
0.002979146492527644
-0.021843030739229535
-0.0011699134101733379
-0.009645312372615926
-0.010719721512305252
-0.0013851812196187235
0.004445286604283142
-0.0100939539199913
-3.9252109233359493E-4
0.025296927002173848
0.017734386024887604
0.013375120494763606
0.03229997765017515
0.0024232464346849317
-0.018936436621200425
-0.008147098148928797
-0.014209731323490783
-0.0017729516676196406
0.004675971960681649
0.006224693981364299
-0.013135857511828462
-0.0053935233580097285
-0.0011677009387088396
-0.006305435055052724
-0.0026339298171059395
-0.0038724046635680515
0.0015037962330276167
-0.006297615063792335
0.0074008195824784885
-0.017049648622401575
0.007272846061106605
0.010234890112648446
-0.004181213226423265
0.018100275720444734
-0.016174698461263615
-0.016729071690047028
0.00892857142857143
0.02574045928044438
-0.0031532569876637183
-0.00703721058939008
0.017003945605813444
-0.00968228119537425
-0.007340593948659512
-0.003847418823603871
-0.012870796670859727
0.010441193805885499
0.002371237427846078
-0.006301371885747526
-0.013751877862189312
0.02789787632864913
-0.004900876191866099
0.002235280813268452
-0.005623160106744657
-0.013846603724993963
0.003954105045774103
-0.002629009118626684
0.017983646824365256
-0.007159825878867003
0.009761171097876052
-0.01045047981209088
0.005257065964474027
-0.009196525244390123
-0.004149238640853727
0.030109086371759613
-0.005302977281321292
-0.01962891820796578
0.0077823028867478015
0.0052390475278085505
-0.010692454212134469
0.005962952064048728
0.00892857142857143
-0.007531641179530053
7.887015654063781E-4
-0.003685606302927462
0.010892586336555482
-0.04136456852022406
0.02799763966083711
0.013112347294765233
-0.006965811640101748
0.011318111153203402
-6.91728852169963E-4
0.026526755405247095
-0.005066071180012602
-0.010102205373850114
0.002050056668099204
-0.011678831047101098
0.00634924612663073
0.005248256507545748
2.9657372473994444E-4
-0.0033941887329926226
-0.01559223327239454
0.030804231433656033
-0.0010114870114441435
9.42363074319311E-4
-0.00483960104679947
-0.022622597900229763
-0.01153494115835825
0.008346380101032622
-0.011634640735869268
0.002985163019794247
0.0077496639745608074
1.7443830394044124E-4
0.013687016875212945
0.0024169564078690723
-0.003306051746429655
0.001037465308245257
-0.008765669775384942
0.013891573568732482
-0.01001006853177754
-0.002424851488660953
-0.004486702915899716
-0.01348337379817041
0.005493481030441335
-0.0039676848437107115
-0.00856532279069638
0.002376336604283908
0.0022626544493323
0.007123772622965626
7.005205849075823E-4
0.0035926708644123746
-0.010567839887675746
-0.011745985163619717
0.027282872734856065
-0.014014651250184761
0.0
-0.009488644692414777
0.0
0.024669010621287346
0.01896953577688975
0.0035094179527251123
-0.014005600172423074
0.007459715192497221
-0.012320086302705717
-0.010604230722818476
-0.008935516207709803
-0.006597226585594129
-0.011554701567184402
0.0031058123514077825
0.02986307552017039
0.030917689350154615
-0.01625322903746907
-0.012178487120235063
-0.013169387960470793
0.018137022023040364
-0.002291766281998957
0.0019095386370481813
-7.787102604741632E-4
0.02153084555838874
-0.011028621475214039
-0.006128987481175542
-0.002232022413990338
-0.005749610247238992
-0.01369399925308146
0.011641691961783503
-0.008490198064263986
9.432231010998802E-5
-0.011020422155646374
0.006131252277356452
0.004675997644270515
-0.017722590258149602
0.025097635755013198
0.005750377515393746
-8.890762154544693E-4
-0.010521427687599812
0.012347590843846469
0.019826315322268036
0.012762390136779432
-0.012322475821218384
-0.006041351629016055
-0.0068462625856149945
-0.014061544843151887
-0.002018753793627292
-0.0047182889283974815
-0.014133314940541021
0.02358936710529106
-7.62033744280581E-4
-0.014246831164591852
0.021684513433457803
-0.006933359735298773
0.011046476081057747
-0.002176061869514381
-0.012175754385880313
-0.011679510668676542
0.0038543642910606937
-0.005330709220397144
-0.0020854789811713135
0.015363091289549224
0.003531041386310849
0.008474993852192076
-0.004113810357366241
-0.00323156768690362
-0.00960209363624074
-0.008812524673702792
0.0022447400126938827
-0.008962141179300203
-0.009390009547023744
0.009670180321429557
-0.011931204077042512
6.541370656774018E-4
-0.010558811817121313
0.015840926699414844
-0.007936639006698493
0.03544256933165192
0.05905914344720963
-0.016593358470914785
-0.007670165381814788
-0.0022713203415319033
-0.0022515643413602822
-0.0018368756663843053
0.003530676850681363
-0.02295918311225761
-0.011579002763397553
0.009120528293101648
-0.016553819835371783
-0.005282065835118186
-0.00323156768690362
-0.006034521803697861
1.1196783516081131E-4
0.021018530757627826
0.008496916753682077
0.0021432483468280085
-0.0025829261695895344
-0.018006934546551116
0.006530454759127545
0.0033848728039705296
0.006508619021482474
-0.016677432949860946
0.011280638863408337
0.013930682120733638
0.0029741402215944343
0.0034037083928572043
-0.007440128064693156
-0.023501194234818088
-0.0028921724691745275
0.016270207378158163
0.022139867413964124
-0.02311942043141301
-0.012313036919272186
0.025958474341544007
0.005435056660558239
-0.0016518325986029985
0.002905156124704892
0.00212470763388748
-0.009103266152619525
0.00396307485348032
-0.004926689885405655
-3.4274943728547676E-4
-0.00892857142857143
-0.007924867918391856
5.704704441545222E-4
0.01578796302259872
-0.01388956135487132
0.003278988192033341
-0.014165960431680016
0.0
-0.005954801949759138
-0.0033137533556734755
-0.0029174523365375965
0.0029608742388903975
-0.006777327234636527
-0.007431180759576541
8.798846810047795E-4
0.008101934701506986
-2.897350077859023E-4
0.010568901070653582
0.01216450977258891
0.005810241878328681
0.08638437037403372
-0.010177739927524404
-0.00831440414888269
0.007914139962357876
-0.010541417370311744
7.568217718702311E-4
-0.0013835342545232545
-0.023122412510501685
-0.007554059800979807
0.011734674235499207
-0.025949672062944133
-0.014963031273931785
0.0
0.006657251087039526
-0.0025459884657813587
0.0015689568322028195
-4.018042932864318E-5
0.014537975975241106
0.009249321778929717
-0.019987972196275815
-0.015191974179909484
-0.0031326094662513593
0.006956591362579685
0.00795040346689091
-0.0037320620938922303
-0.004883065887208653
0.010728742329500017
0.007913385311931993
-0.005920082219304701
-0.011217380110147158
0.0020162027029967363
-0.019429774562885575
0.012104912458120225
-0.010116674072367063
-0.009509368316269803
-0.008657827356728627
-1.6104650323999143E-4
-0.0170606081265213
0.03671786686950022
8.68922680001302E-5
0.0018859758830958317
-0.007901849340823894
-0.01584892220601268
0.004238310845562521
-0.004913562632373812
-0.006665772419391634
-3.446322850557187E-4
0.017804795158781687
-0.00323156768690362
-0.016368699493264586
0.008638836420785528
-0.00892857142857143
-0.0022072634275446743
-0.008653149070918015
-1.0562706864659759E-4
-0.015925643319144936
0.008605836158341928
-0.010600562487128495
0.010629793867488767
0.0013197080440275153
-0.006679446243051445
0.009412474823019972
0.00892857142857143
0.04722534302817343
-5.096172373274871E-4
0.0076028409083205815
0.05969764671510622
0.028426664329822403
-0.011317627294922935
-0.0018279864488501953
-0.007845523736193391
-0.0011340000379484287
-0.007563176254993519
0.0
-0.01107121356060678
0.018698775550163048
-0.00892857142857143
-0.010965411594936128
0.005264736061310071
-0.015030984057020507
8.612890720385621E-4
0.005952975120512349
-0.02244055644408674
-0.01247540922947006
0.01614083481745799
-0.022313239720299104
0.013850997485870006
-0.03576813747484933
0.007165571136933072
0.0
0.013228060707655375
0.021791665064321612
0.0012587324043481403
4.125173398841196E-4
-0.022723647118410704
-0.009958362720577126
-0.006734728597210181
-0.011455832606921026
0.01893879722754925
-0.0015425458768523095
-0.003237438112315769
0.028194826802234223
-0.00197562224280721
-0.03463256992677307
0.004828940180168315
-0.0011706507763408463
-0.012566500733525568
-0.01153184674226993
0.0
-0.004918738371412629
-0.004507198504172529
0.007934309803175403
0.0
0.0
-0.0027756600503022924
-0.014737431044427665
-0.0047172714078573975
-0.013693060788811724
0.00415524575301897
0.012441659824170863
-0.008318820163406836
-0.005931703269964201
0.003291772232752026
0.019012904581350097
-0.013691063278670255
-0.004353308091512365
-0.010877696259392453
0.07609138808584745
0.0
-0.011837620556794768
0.005454563794295663
0.0
0.0
-0.0045645874464057545
0.006664570868317658
0.0
-0.0036739792599681997
0.04570306558481221
0.011391141123422424
0.0
0.0
-0.00892857142857143
0.008599849607643794
0.0
0.0
5.116375697220539E-4
-0.003643139567360166
0.0
0.0
0.007068951016005644
-0.007828492038136504
-0.008879919133595942
-0.00197562224280721
0.06933347621183011
-0.05917275670913453
0.0
0.0
-0.014411120361724705
-0.044681927253675265
0.0
0.0
0.009425713109917926
-0.013313198211216896
0.0
0.0
-0.007102354046305047
0.0
0.0
0.0
0.01405860182441587
-0.021176483178140817
0.0
0.0
-0.027152107799248128
0.0840521776813844
-0.00892857142857143
-0.012114654907039406
0.0012012389613374024
-0.010447486357191546
0.0
0.0
-0.018670103214073343
-0.0011548375039036572
0.0
0.0
-0.02634884618058006
-0.006494959640085549
0.0
0.0
0.0011055304879788721
0.05793082062344635
0.0
0.0
0.0
-0.012114654907039406
0.0
0.0
0.0
-6.990309158173853E-4
0.0
0.0
0.0
-0.021949260341472945
0.0
0.0
0.0
0.0
0.0
0.0
0.0
0.0
0.0
0.0
0.0
-0.023268093690778504
0.0
0.0
0.0
-0.0023187586737225038
0.0
0.0
0.0
-0.008879919133595942
0.0
0.0
0.0
-0.00564960150277541
0.0
0.0
0.0
0.1027462974404781
0.0
0.0
0.0
-0.0754530584039385
0.0
0.0
0.0
0.0
0.0
0.0
0.0
0.0
0.0
0.0
0.0
-0.049386269101565385
0.0
0.0
0.0
0.10590092065879925
0.0
0.0
0.0
-0.00892857142857143
0.0
0.0
0.0
0.0
0.0
0.0
0.0
0.0
0.0
0.0
-0.01776425640981482
0.0
0.0
0.0
0.0
0.0
0.0
0.0
0.0
0.0
0.0
0.0
0.0
0.0
0.0
0.0
0.029392903732316764
0.0
0.0
0.0
0.0
0.0
0.0
0.0
0.0
0.0
0.0
0.0
0.0
0.0
0.0
0.0
0.006179843239665406
0.0
0.0
0.0
0.0
0.0
0.0
0.0
0.0
0.0
0.0
0.0
0.0
0.0
0.0
0.0
-0.01780849056216737
0.0
0.0
0.0
0.0
0.0
0.0
0.0
0.0
0.0
0.0
0.0
0.0
0.0
0.0
0.0
0.0
0.0
0.0
0.0
0.0
0.0
0.0
0.0
0.0
0.0
0.0
0.0
0.0
0.0
0.0
0.0
0.0
0.0
0.0
0.0
0.0
0.0
0.0
0.0
0.0
0.0
0.0
0.0
0.0
0.0
0.0
-0.060112995684614035
-0.01730616219814568
0.0829574074746399
-0.0055382495918802855
0.0
0.0
0.0
0.0
0.0
0.0
0.0
0.0
0.0
0.0
0.0
0.0
0.0
0.0
0.0
0.0
0.0
0.0
0.0
0.0
0.0
0.0
0.0
0.0
0.0
0.0
0.0
0.0
0.0
0.0
0.0
0.0
0.0
0.0
0.0
0.0
0.0
0.0
0.0
0.0
0.0
0.0
0.0
0.0
0.0
0.0
0.0
0.0
0.0
0.0
0.0
0.0
0.002712854745710704
-0.019873443425114823
-0.015654482996602943
-0.027297924008606964
0.008471802832259099
-0.05748064520798872
0.042150255716889164
-0.01044757553930522
-0.009661250175244494
0.07077320203334751
0.002371725322097824
0.01947373029443914
0.011455650134583325
0.017484049735344835
-0.045620977619200934
0.011143028157392477
0.0
0.0
0.0
0.0
0.0
0.0
0.0
0.0
0.0
0.0
0.0
0.0
0.0
0.0
0.0
0.0
0.0
0.0
0.0039087134447789084
-0.0011958586990682047
0.0
-0.010944871996543391
0.0
-0.00892857142857143
-0.00892857142857143
0.007343876257257266
-0.009347980979656684
-0.004721806845632097
-0.00892857142857143
0.0
0.0
-0.018369352580035532
0.027330889570361578
0.0014480600346973528
-0.020063702149986356
-2.4344462281347584E-4
-0.021230958054282018
-0.03310905050073877
0.00699304687665846
-0.010133683529626396
-0.021056220178742778
0.047006146631483434
0.0162003292641485
0.0
-2.324254069273747E-4
-0.017022379647441032
0.006630298082936257
1.7693143212693316E-4
0.07024703289280829
-0.04323495280756422
-0.007401429892823611
-0.029271900367664923
0.00960674885912863
-0.0030238045590899104
-0.009837672935047845
0.07402793066835661
-0.022795051040218457
0.0241708371640232
-0.014023938596631704
0.015019877794924783
0.010484982504288205
0.024128939192279562
-0.011171662099266651
-0.0039685293028619804
0.011400865458224475
0.0
5.47846763588513E-5
0.0
0.006732739256516851
0.0019166620884986593
0.007101311366844702
0.0017333370234846259
-0.03090004197020106
-0.019651567091165265
0.004930631442165396
0.0
-0.004214451912629114
0.011991283384145866
-0.004249208870770098
0.007615405556645821
0.05866929221165263
0.027363079905525084
-0.009915951145658242
0.03286236694987484
-0.0030169492624268976
-0.030350056599098618
0.003134200507947545
-0.011554087419288898
0.008318816154241987
-0.012451151107229181
-0.008435034475848327
-0.010934264492836705
-0.01665053716508804
-0.00783593324560608
-0.0026913146487867997
-0.0035334186300656862
0.026856817146260425
-0.004128502310815881
-0.02025802554167038
-0.007361759232410695
-0.02778769803175947
-9.476800483642581E-5
-0.007287837717277253
-0.009990761214000268
-0.0020686224143349856
-0.01109224159153107
0.007402775182439541
0.010014774131881836
-0.0037284129243686393
0.028486657215878074
-0.005603915996009725
0.037544684438143724
0.0041526870743842145
-0.03622786755429682
-0.05412519845023342
0.002520494312412293
-0.006043883435183356
0.006796354752614761
0.047697248062009714
0.010419573582157508
-0.0036479775557504324
0.018141240494907077
-0.027801765057152802
0.01106754324802167
-0.004721806845632097
0.002285419957361849
0.00380883732125439
0.008925620516308541
-0.005187629330215819
-0.008200977829491578
0.012013202983019729
-0.0015150620671520434
-0.012992377947483745
0.011937978167929091
0.009999404557864555
0.010152838150674496
-0.017067950337669013
0.0020920601467672626
0.01877669894183334
-0.01259138163803208
0.017926297457705825
-0.007334225028427251
-0.006607676908037848
-0.018529940415365487
0.04083290558966502
0.030178418767862713
0.004295444697675274
0.009184398046878435
-0.0026360140292566517
-0.014491898196402507
0.0022983490864161168
-0.006364704649836152
0.0017024911709741797
-0.02672103817361157
-0.02300808563429043
-0.02425933951761449
0.0
-0.00907952808345456
-0.002113940986985658
0.037699509033164616
-8.631088092622297E-4
-0.006293987432437023
-0.03375524100658278
-0.00892857142857143
0.003333195236610016
0.0016319279579587176
-0.002710325394139237
-0.013965289483820682
0.011256016456776215
0.027192792577527575
0.021432645002980373
-0.006338438626739594
-0.02304182621120596
0.013320719688970438
-1.437016643443135E-4
0.008892371286122674
0.023512339698986147
-0.011397025123743793
-0.014753651460416779
-0.011827397268338018
-0.016766317091135505
-0.021315884881904765
0.040411861524236224
-0.005639751608281859
-0.010700927929779037
5.258992039220405E-4
-0.0021159939525574704
0.0022336972696862254
-0.002568180388382405
-0.002435180599230795
-0.010419267652576038
0.012979299889223951
0.002221517434496792
-0.0056470900400908885
-2.976526739018854E-4
-0.0034512341978869734
-0.014217899652841322
0.020491688497813996
-0.0038851914480726047
0.013213321502306512
-0.00892857142857143
-0.011046904659169016
0.009406839453336601
-5.254335971761328E-4
0.008887601665125975
0.001935408722553723
0.008006492386586194
0.005577443134755204
0.0016187325677543846
0.007217587384346591
0.015951415049583133
0.04091591891220163
0.003999087290705838
-0.007276312144465962
0.019447222917155532
-0.009329681891804395
-0.00810017771769172
-0.03553444787818314
-0.015544272284697685
0.014667797437346378
-0.003756984472412543
0.004208595746574217
0.0023825769118893236
-0.01785699303396899
-4.6280865506759424E-4
-0.024055790990599582
0.004152087863967731
-0.009920523754924023
-0.007050579730673242
0.004392599776516768
-0.001240573399942979
-0.009785613268435103
0.014725717010781278
0.007077930466474783
0.016993670610827648
-0.0026826243196432144
-5.8230622337815365E-5
-0.011803458062029957
0.006852877650895883
-0.007747613206160292
0.0164253669839977
0.007317883320188979
-0.012720194456328533
-0.01769404757845822
-0.001972989229163502
-0.018074408551590745
0.03859400780242344
-0.02859586107300015
-0.007669006409223381
0.01860925797398978
-0.017064825375370657
0.011839978680073323
-0.014868774332664012
-0.0022108318746549404
-0.012288526543454723
4.7861827892967806E-4
0.0
5.251722233337623E-4
-0.02561000659958836
0.008362429441792213
-1.0891865580878006E-4
-0.0011691178070919184
-0.011078750709695717
0.016098206901435222
-0.018794383046150588
0.0352565062145634
-0.013720333163369078
-0.007412207922363546
0.028793200379552596
0.014757264207103299
-0.0036583293081120837
0.02525648806472264
0.0057521231498559545
0.004802502019401793
-0.0040556453536977665
0.01108231108112451
0.002624668289004489
-0.008649780364878238
-0.0023767590655859447
-5.932769212705549E-4
-2.387933941248692E-4
0.002185787090495302
-0.02082108892478723
6.473970860507723E-4
0.008381240494979543
-0.00960246894322261
0.025694927055476328
-0.002809921586621667
-0.014722102217056752
-0.002982490470504621
0.007922580008047875
0.004648612354573807
0.0020874339833682164
-0.021259225196684012
0.005820887872291668
-0.008776335385607731
-0.004060795411409889
0.014123254958578146
0.025460142176599268
0.010199304886172733
0.010622699308876672
-0.009166422895501136
-0.03288364898757329
-1.855767576066803E-4
-0.016561995749642466
0.003323286369867547
-0.007949025930814061
0.001349885148304566
-0.007960297076748429
0.03652715091247066
0.020159270908361462
-0.02331687796723887
-0.009763631616598538
-0.01929744112203844
0.010758229207687887
-0.011032916681660673
0.005901898276071679
-0.012689101207511416
0.011403103050912685
0.011797043755939995
0.006088744132149892
0.003829467456482766
2.4922998584338187E-4
-5.8230622337815365E-5
0.006649507804474163
0.006477557312230732
-0.00813839313078079
-3.7101968931491786E-5
0.007981143191046883
0.0158366086819428
-0.030743334737191288
2.141815754199885E-4
-0.004416687868205543
-0.006390003099941055
0.0015503286320489784
0.009386862439620653
-0.0030947246137616033
-0.004607251673709921
-0.004607050620010282
-0.007134203777211562
0.003246088317205898
0.005751185544683329
0.009368837345096363
-0.009393345831738103
-0.0029310181447337333
0.017504508558101144
-0.019906472275610248
0.0015001205716222623
0.008089701029395442
0.00985534830373221
0.0030627119555744356
-0.0039851833270370205
-0.009475497823331779
0.011503447533609103
-0.012887341504295843
0.014260704794116952
0.0018852505163318187
0.0021018492689448276
0.008002422778075684
0.001106180099786809
-0.00988467108787349
0.03361269066046429
-0.005966004704250837
-0.00229700828405356
-0.012990472923051348
-0.018672225813922073
-0.014447136854166485
0.013386243348091265
0.01586126234654014
-0.018939482885758793
0.004309849070428345
-0.0073137057622961014
-0.002186450503599456
-0.010285471438362337
0.028740354645536537
-0.0034202230945969397
0.007693042547569367
-0.022948278128173103
-0.009380267362168621
0.009289450665081017
-0.0033442218469402875
-0.012801975358655704
0.008752892995480878
0.007421271076097933
0.014947679818992721
0.001001580875045014
0.004317346814067173
2.225427036174442E-4
-0.01644136711412591
-0.012617847428859045
-2.1177723991988757E-4
-0.008577004363271383
0.021143543000038414
-2.3133632704263165E-4
-0.004933076982466837
-0.010214419939664241
-0.00569263308455395
0.009019396422971742
0.008328642805178588
0.006533001707735922
-9.645666973024138E-4
0.023086657350341447
-0.0043058842835170166
4.225133589174576E-4
0.0015969545453990812
-0.008876872701852922
0.014270174694594621
-0.018031962688955377
0.014119165316184623
-0.0158884697816077
-0.012555269086238396
0.005457377311850873
-0.007143084093644868
0.00583375319798684
0.00599466980410465
-0.00465000095021989
-0.0025548320853445144
-0.020974672777740674
-0.0014847788179977502
0.011517804896895294
-0.010751059486387476
-0.003046573449196484
-0.007102342961043789
0.005849691843034523
0.01232849596950995
0.013527567392844001
0.004526584346087879
0.015517189820346862
-0.008014372005262945
-0.018193707412981874
0.004305042167211063
0.0016186440612141325
-0.003135988079835829
0.0138398265472965
9.844811121011102E-4
0.004332576735438775
0.010691507482665799
-0.009404848110845765
0.02210302644670019
0.00454789894482948
-0.00557846228843073
-0.012321577083729609
-0.014853285304010174
-0.007432496648326028
-0.001954029547947768
0.0058445054210513915
0.002776632993853427
-0.008388965853971569
0.0013625473460358115
0.0025533876286407044
-0.012160928715272704
-0.00569263308455395
-0.0068915783594601645
0.006092580368947135
0.0051971913362171464
-0.016997649791577946
0.011932551313487796
0.0036906596854197685
-0.005183578840648875
-0.004742521256191273
0.008717006176213819
0.014985083424770685
0.0015304140746135253
-0.0018771708707099313
0.021087682764996674
0.006117159483119691
-0.021660122135961385
-0.01083755962860193
0.028993158063311146
-0.01859766694533349
0.012263973668788966
-0.004154266038228659
-0.015608537580378796
0.016484395799556642
-0.011051330990027886
-0.006791637933836315
-0.003756984472412543
0.014001316997051707
-0.0029000089619590653
0.00323593834401748
7.836781265544376E-4
0.006882748348591048
-0.0032131019990396525
-0.00980750029388859
-0.015756091085559778
0.00549515635409612
0.007356313621779814
-0.012331092783264197
0.011502574842763959
0.025164745034939512
-0.009314071982408828
0.0071148016211735315
6.075515682975427E-4
-0.030485440651035756
0.007508210758733008
-0.002262343368664109
-0.014874174225937817
0.019324402198860564
0.016428604113544933
0.011922918224283959
-0.014662264648797455
-0.020260308963209787
0.023987781496236794
-5.702767130308893E-5
8.427185503491338E-4
-0.005816712249394354
-0.03648910268203888
0.013397547496274555
-0.004340571594213696
0.012165083940999374
0.0014822670758754194
-5.072301949806627E-4
-0.008001876210622922
-4.4874723412206136E-4
-0.0039250147336944196
0.0039811587077976385
-0.0033943846744759632
0.006296719001436938
-0.0061841438242128295
0.011751444128078903
0.01988491843527545
-0.02474982633464711
0.015272703109078198
0.004198963830076132
-0.004180602023435706
-0.006964763715044014
0.004703725984757361
-0.006855853859964897
0.008880704479227248
9.384006518332721E-4
-0.009965228199949995
-8.585664761201432E-4
0.008365713228897275
0.008353779715137052
0.008419135205304455
0.0067369346471104555
0.005260349294653695
-0.01163124454919942
-8.519536549377093E-4
-0.005146785845667091
0.009425806328093918
0.004978355151494878
-0.009520224567431368
-0.009624919902566352
0.008255847152695015
-0.0015926949005483863
-0.0023475866842570664
-0.00913514791341161
-5.283945515404368E-4
-0.015451781135377731
-0.01021178338209979
-8.741414839922676E-4
-0.009847973812735836
0.022093403823369544
-0.00395260351596302
0.029131098467922056
-0.011860139196776934
-0.01681475014131138
0.017398312166747414
0.006485634806623851
-0.004530868134411645
0.00900729519435895
-2.1163173627115894E-4
0.012356878924333604
-0.01026559851578298
-3.0491118056001924E-4
0.022057626755912906
-4.045148091152296E-4
3.903467436685744E-4
-0.02986278654293912
-0.009422992986022432
-0.0026863697601044213
0.002316474884095007
-0.007295302601996088
-5.366021297612371E-4
0.023435104861350215
-4.2781943233758703E-4
0.0015587652311488376
-0.01204301801845539
-7.58534302120262E-4
5.029844563638943E-4
0.008963111051947718
-0.0024465033366022765
-0.018303395599738023
-0.00695212361156889
0.026511760758430827
0.01670694467301083
-0.02547238696246604
0.010017836590935726
-0.0051176724092668775
-0.0034925118483228276
-0.007797141412938208
-0.003584237056026172
0.011578490439415386
-9.84029824963033E-4
0.005167640506746847
-0.003359660606820672
0.013463484365643529
0.0029903324345094792
-0.0031823900165396713
-0.01751924400802573
0.011521276893299966
0.0074979333424996745
-0.026067430866707528
0.013032791984472636
0.001120043693190111
-0.014086040719676389
0.0015378352746952297
-0.015049993669615286
0.008411415170489222
0.009887056287487346
-0.00517377317042352
0.013496296272214683
-0.009492471564927493
0.0080409772632545
-0.01048460351939467
0.007404310969955596
-6.356016521481874E-4
-0.00822492147582244
0.019274687400530323
-0.005121633346041642
0.0075892936468079765
-0.013004131709231554
-0.0023086458372698513
0.022606593516711383
-0.018649054005531587
-0.0133338995048298
-0.0017730413923324473
0.007061890945803773
-0.009680531560254084
0.010937873767618676
-0.0012080996635065351
-0.01694851178714313
0.00942826420718261
0.008532695479965853
0.0014669466160823312
-0.002468581982386594
-0.012720781470384758
0.0024199980307203573
0.008594921321735508
0.005343148036594758
0.003124250943103422
0.003214058404363977
-0.0017814787777144414
-2.2500252153394643E-4
-0.009526245481151939
-0.01592853663679459
0.0014304146384010062
0.017465413693544152
-0.0036956493423456463
-0.009398048403279343
-5.227423266871752E-4
-0.008686222540712652
3.6748545732484387E-4
0.003914644837688034
0.016902770598169282
2.7827954819922753E-4
0.020866944974547316
-0.001470356568265749
-0.010359357126816113
0.0061465498654565305
-0.008250833634987945
0.012084332981868862
-0.005514946664861006
-0.017048756899811127
0.007303580860574905
-0.016134830524763347
0.024663191926058058
0.007155530036238983
0.0
-0.0032205136629676633
-0.007495669206994883
0.007436680791682756
0.011120898976660179
-0.002158155611739903
5.740999330608077E-4
-0.004444335082630079
-0.009522212660094636
-0.006683395221399505
0.005414178723434236
0.015020795949348917
-0.01546381353972362
0.006563722187166333
-8.005776820355721E-5
-0.01590678751196454
1.826929634410234E-4
-0.004647999976657871
0.00692741596414152
-0.005694117534045105
0.007841275397752605
-0.00679560232235094
-0.0049495866730256705
0.01495494301741515
-0.0075605266777164695
-0.0016890091740453693
0.010912882940335416
0.003491784766816284
-0.00810245798818074
0.0019217501637407552
0.001096582000987454
0.00387134981017754
0.0024211769773508345
0.010597361220318152
-0.022738427184628564
0.012183504761778728
-0.00869839290072772
0.006721494165588463
-0.013450251911307722
-0.012379624208477333
0.0068251934825768685
-0.003295483126064018
0.005205955178902651
-0.0015217088936721069
-0.011985272293754875
0.003844851067177802
-0.011093399440250368
-0.003434521254428125
0.007547502543566606
0.00213884405890927
0.01847505600928242
-4.586727238367356E-4
0.0014494862176172565
0.006803145940238925
0.006410388133596158
-0.0029933402596990667
0.013021942375603736
0.013579320809737281
0.007522803522590424
0.006862694436801043
0.009867064584118245
-0.03328938456036292
0.012857005202675506
-0.00677393373483944
0.004984823663806347
-0.01639263261826066
-0.010003353088794947
0.004416938775793808
-0.012575152778759159
0.024147882449182166
-0.011712134854452558
0.007434835915558605
-0.01963931093492123
-0.007101593737845279
7.976892669857277E-4
0.004853493383372111
0.005103406081362041
0.009960588957185929
-0.019501042961560112
0.002994487044795785
-0.0022439509977411377
-0.009050589734582197
0.024318123865338846
-0.004397505103386514
0.0018018264452605137
0.004762921683793664
-0.002225128102985697
0.009677784440129306
-0.009519449013698214
-0.0020522311805725867
-0.02635406720694284
1.052676742385023E-4
-0.003804991500241337
0.0181183049706828
-0.018223088251358443
-0.010077711498898757
0.005751862473306564
0.010658518069332113
0.008253647674851662
-0.0038167050440313178
-0.007062824830576176
-0.012952824432140294
0.015517925386771644
0.007749812353446606
0.0018027368606520144
-0.012513345247062308
0.013112168517322144
0.01007861806479746
0.00326039199689739
-0.0040519317757103605
-0.004419386646382596
-0.00779388164188487
-0.006985554224045794
-1.3835421636775903E-4
0.010086165664098916
0.013356204787523576
-0.006361701601380741
-0.014075801317887474
0.002825354036283877
-0.002809539925393084
-0.002465047802094022
-4.637044936223536E-5
-0.011065706769608219
-0.012747839324519911
0.006529278502799187
0.013077368737779657
0.015902317725015522
0.008617412244726078
0.003024402302259417
-0.016374193543714013
0.012723429559658073
0.010315167218990508
0.015167187246312566
0.0017763900744125405
-0.0053896520902801635
-0.0068891636070951365
0.0022150648812657653
-0.012828621446693902
0.00316863946015957
0.003035360702631963
-0.020746446975771753
0.014694878907874591
-0.005071641990477695
0.002471364516268818
-6.699224655512802E-4
-0.0059847610083978535
-7.380869423642235E-4
0.0015323278426607303
0.013706848633277344
0.0019063495009189572
0.004754547582352086
0.026028308661405847
0.004027246126997143
4.910484700223969E-4
-0.016120732096289045
-0.008743283453614569
-0.005858073077822378
0.005655000075249543
-3.160659520171326E-4
0.0046747653764026365
-0.02045414821838812
-0.004754106048594854
-0.008753023766045316
-0.005934084383775645
-0.005056518764426771
0.005911622166144532
-0.0165720588487694
-0.005474939622376829
-0.02090797986674861
0.011397218912406939
0.01649288149204448
-0.015372703798532242
0.007027817154267537
-0.008667165815368489
0.0020889939597546958
0.005041127274705368
0.008674641644152051
0.01269673233339701
0.00624208286324005
