-8.81013375838588E-4
0.0032260568061182214
0.0048720142077891245
-0.007217057638068823
-0.009252489228097939
0.005386488974446597
-0.0018376468403127214
0.0057036470939640345
-0.009438789178028456
0.0014981860076927727
-0.0049846113263347595
0.012925214496670431
0.01153661471661424
-0.006879293040843336
-0.0021654109384929496
-0.0024919107372779426
-0.01003638301548146
0.007978862777552439
-0.007084592039728902
0.009142112277657922
0.001821805261015546
0.006702083438476354
-0.0027307715476656215
-0.00579311715182629
-0.01788125336360225
0.0016886550449162294
-6.688342149137943E-4
0.01686143253359984
0.006303548960209622
4.469777736677153E-4
-0.0021451379115809176
-0.004605388822296402
-0.010053333871602729
0.005440473092235747
0.005784356357259119
-0.0011714955778920828
-0.006213619996267685
0.003001317857845285
0.011750444011003152
-0.008538141872580758
0.007048779882974629
-0.02564130603569672
-0.00923816952662453
0.027830695679346585
0.04607386891766086
-0.04219324845633321
-0.03474794779096202
0.03086732732963428
0.05402703000269817
-0.07145944304391066
0.03258575417539365
-0.01515334113418109
-0.03857955360190399
-0.04121290619977929
0.01971764339749678
0.0600748164041866
-0.015737198562084713
0.024633142241355068
-0.0015918898116737005
-0.007304053867596659
-0.05938918160608226
-0.0142092036689326
0.08197347471167672
-0.008375089436661926
0.008545811832954107
0.019845187125511296
-0.02864877806150079
2.5777910303538846E-4
0.025494154257813834
-0.0054660228568583795
-0.03642792661100253
0.016399795210047106
0.015265178482081917
-0.020264878457752405
-0.039429169289526306
0.04442886926519678
0.010803982924389954
-0.002310283577579679
-0.014257219891728139
0.0057635205449178195
-7.770137710888781E-4
-0.004919570595685797
-0.005108330600278801
0.010804914967053523
-0.005512138788113313
0.006908228693462773
4.7437163960638556E-4
-0.0018704615449558386
0.002917178272369295
-0.009204348958530525
0.003414829923414065
0.0028723407627471035
0.013332493814937153
0.00274206597084978
-0.005570761728519135
-0.010503798057267847
-0.006976316460087531
0.008531810574078268
0.006412090954877293
-0.007967585068868032
0.013943918184861006
-0.008528529820284188
1.1303949236461837E-4
-0.005528427856941421
0.014263629516823638
-0.0032855901806176273
-0.01443265777170233
0.003454618435496312
0.007478653837168318
-0.008644128372276405
-0.005018458338730645
0.006183932873838723
0.02759584416034795
-0.01879077095590779
-0.010973637404906648
0.002168564200466506
0.020260394519848353
-0.022640047075149987
0.0025188743384347437
-1.3922178313316989E-4
0.002216490326323272
-0.012518281774547174
0.002560386910198658
-0.01312243709914936
-0.00541262241612251
0.007656640681837124
0.012396591532337176
-0.0024652183222542675
-0.005752081767903592
-0.0019304791560608332
0.005415373193963597
0.003427687900432964
-8.722625597250731E-4
0.004988509838402688
-0.007325797044269618
0.00985648638069837
0.007189012333179527
-0.019601322687229018
-0.012758349096802768
0.009486607142857144
-0.00902631345020588
0.017683644625038072
-0.0034876458468192538
0.00971671456059203
0.02130435506532448
-4.631434556941986E-4
0.002842351272220968
-0.007435669563520099
-0.006001515708766765
0.013855235182115132
-0.010499634662023763
-0.009578268904147385
0.004587376852335255
7.544500520648141E-4
-0.006965580624489076
0.005146879047372405
0.0043215877456061445
-0.005253654307197765
-6.510932630763595E-4
-0.01335887992214661
-0.0018698435553211375
-0.016363265110373545
-0.010292899288265017
0.025946611113965172
-0.006940153058462744
-0.0022844314613999907
0.024722760936289168
0.00337214905088844
0.001050122559053044
0.003925686263919988
0.019584733863130668
-7.88263296315317E-4
4.8356963680321876E-4
-0.005875441677215081
-0.008861866789769923
0.007520476187040478
-0.004023069155845526
0.006079881200010051
-0.012208542657421377
-0.006514912875824614
-0.010693442024300167
0.010844157794022518
5.446002384621399E-4
-0.00828474690381892
0.00580041672805671
-0.013086167292112288
0.016398177182741076
0.0059305754522056085
-0.006852288203684458
0.0036171556582106634
-0.006810001137921514
-0.017394334462396084
-0.0027746357871933107
0.005703162850058051
-0.0025610053447980624
0.002053669333970802
0.009486607142857144
3.175186762798075E-5
-0.007888038649180135
-9.075345665401179E-4
-0.0019204048916116071
0.0027381423857622163
-0.0031903201371822672
-0.007261195840887373
-0.01460899403913139
0.014769141336907795
-0.0036076538840142244
0.017658695908700162
0.0011436839503805455
0.005951198422389728
-0.0031895574832252454
-0.00450933925687339
-0.007775626383901783
-0.011311113619388354
0.020261572383464425
2.3826012305734634E-4
0.02261879621675625
-0.008961015226010418
-0.011261464434138004
0.007263044029646389
0.006029268119896454
-0.01363541000194608
0.001639565924321294
-0.0067104305643901924
-0.011836099930538883
0.008511232328581305
-0.008449293879891254
-0.0024695559976529906
0.010378212360177915
0.00401004770292329
-0.02399725434516646
0.025032710857118674
-0.005018998087668541
6.633711931916643E-4
-0.012552007378228525
-0.007599739078549347
0.020760572831756318
-0.013074213874584243
0.010224486078904603
0.009492626317063671
-0.010588700050257267
0.015203086524237956
0.01605202181961798
-0.013224478825140742
-0.003305195259279922
-0.008009663296692612
0.01676536234620338
-0.010084884166610344
-0.003997216257104643
0.00960453788963752
0.021908724733411652
-0.0060362364004117154
0.0058876339874700334
-0.007485956270577852
-0.0042922621401290245
-0.012755084515931978
-0.009803512079012533
-0.004577659808961918
-0.0025241666048887723
0.006299723726055507
-4.441345864844657E-5
0.0
2.956939606965376E-4
-0.0019185959396328164
0.006697776650270226
-2.0719418848498192E-4
-0.011888003162948616
0.0107259794100003
-0.004546021713269633
-0.005253353923604122
0.007065389585787894
-0.005589340830326004
-0.016354424140888547
0.014733388813445176
-0.01047507460770022
0.013542506916433755
-0.0033319298133552434
-0.003110914873229234
0.002227422888097908
0.007261978997464131
0.004348408102916363
-2.591330492202268E-4
-0.02441652119087559
-0.0037285056804294593
0.002091135998318147
0.010795698697533149
0.008504093159775874
0.013977752269639876
-0.018871403685213967
0.0010304290707476536
0.011100523923086799
0.008592615803082928
-0.0050561051373011895
0.006109148482060888
-0.006460862119302848
-0.012741885971153173
0.009620126611317677
-0.0055009655308619
0.007970032038677499
-0.003305195259279922
0.009257777240139011
-0.007864403619105816
-0.008611468991910547
-0.008060881974652344
0.008060438361918918
3.277851732023428E-4
-0.006974720654364579
0.0037281388545645265
0.006005346316962345
-3.625440850282399E-4
0.009486607142857144
-8.508571277656826E-4
0.006409364458584947
0.009570497378484092
0.009613114203747249
-0.008923880933416659
0.00745258637522306
0.004717977132778621
-0.014331320641757628
0.00579800225482636
-0.008509053935496065
0.006753094586567116
-0.0028110081492769105
-0.0018588000835291956
-0.0011964679180196964
0.009416686925128823
-0.0010090415434832016
-0.009555135393746726
0.01644543483432591
-0.009099385630790631
0.0038556631317687258
0.0014888131773535573
-0.006673725891875605
-0.015162063964934757
0.019691558127816405
-0.007663783386760687
0.008093326501284151
0.007808365728321891
-0.003054283727486136
-0.010181656888595708
-0.0011613867669190044
-0.002718870945663722
0.008130029806105506
-0.01667732714479323
-0.008845742429364256
-0.010717587605210037
-0.025056915720457963
0.0076513442118361355
0.012043057933372622
-0.01194354736894346
9.759688837352211E-4
0.01043846380026886
-0.001634360830053836
-0.014477462541163902
0.007971550519155615
-7.331650918046441E-4
-1.307367188705984E-4
7.047000300695197E-4
-0.0066023551513372716
0.03819137714027507
-0.0062653783976800975
0.012589075364156765
-0.007669438955223052
-0.0010813601035961503
0.0026438175084918924
0.011789709752590409
-0.0013775194694611768
-0.010420318267817714
-0.006558049397654642
0.018268456565722936
-0.0062856436302111485
1.2409833449159849E-4
-0.010290880064333237
-0.010797561968637286
0.015228870768700144
-0.002389788776817156
0.009417393594525172
-0.005486086696237449
-0.00412897376208795
0.007941345329666729
-0.01543103061390901
0.011310308056731912
0.009757146400584032
-0.0032938243367667507
-0.017927970340218063
0.005660713767190635
-4.1949626866873477E-4
-0.006570824498468892
-0.0033041970289918454
-0.004739219871810337
0.0038735996961129946
0.0033047335568660713
-0.0014787657812138858
0.01861274776623667
0.008692032261737212
-0.010360278321548025
0.0011724837880170767
-0.007490497556739184
-0.0039034277005309675
-3.764829792561059E-4
-0.0028964438368912476
-0.006325467496996146
0.017188137213096873
-0.0030075389788766557
0.013169561036043023
-0.014765871466450788
-0.013442695234907499
0.013191370065832085
0.006046299457002154
-0.005752451620441145
-0.00503271753290859
-0.0038692679655728127
-0.004880093838442227
0.006512394407432871
0.015562297280197717
0.0011578564902596797
0.014624223284787054
-1.302827750034321E-4
-0.01742918040086118
-0.0012441450967410187
-0.007473706881480275
-0.0068522183234736795
-0.004562208910790862
0.00623861038630687
0.0036299880999062593
0.0
-0.010227741018677454
-0.006181718549371341
-0.005246826332011902
0.00737976826379697
-0.001883255797500421
-0.003644732093387307
-0.008091277998096731
-4.5109668679999253E-4
0.007142989631441229
0.017146888933440668
7.891100273721926E-4
0.004205915277479325
-0.0018553400711502147
0.006429440591216647
0.022134134644057793
-0.005086721597380292
0.002185844403603387
-0.0016183420800611908
-2.6911431320361147E-4
-0.0019289891489409836
0.01972063378303647
-0.010148320871333799
-0.003914526394022005
-0.003234680621901534
-0.01700968037475777
0.013461487338744523
-0.015668325692228487
0.012784067974147821
-0.002281607921148127
-0.007304053867596659
-0.006294950953356738
0.001013591700025661
-0.0022046976412955013
-0.016899410101719487
-0.011093772818172809
-0.004422791814149536
0.025774871815606865
0.007453665987938043
0.006600410075230814
0.02858179753671852
-0.017944351200284137
0.002294903771085167
0.007053036222245797
-0.006199484886796527
0.00562090772330508
-0.012631641977904834
0.00122471350551268
-0.0024321663634716707
-0.005065845551160499
-0.008018170481299502
0.020404165863870533
0.00824079508975745
-0.015984080695800377
-0.013907013449436546
0.0041216718603644
-0.007279498635125382
0.006386557753049088
0.003253719196720091
-0.006674029087211552
-0.007123843779197791
0.0019801585545755856
0.018142094671187853
0.015134405716792254
-0.009897077316232829
-0.008987350156231848
0.006930788908615519
-0.012552035986900616
0.0037795188159523777
-0.0119965152939615
-0.0013823619193457496
-0.013119040081028412
-0.00633374443012843
-0.0015186479537131264
0.00498478794413438
-7.831936017404341E-4
-1.3794749609162202E-5
0.01917866484359547
0.010782478107975803
0.01407864777696872
0.02601407823936373
0.0025909031507942546
-0.010485326254120714
-0.006154584781604699
-0.0172641326336556
-7.452616568230956E-4
0.007761605495024262
0.0017276685477605374
-0.007127240051231599
-0.007550728414404092
-0.001121749027209302
-0.0069929406467902615
0.001734000048562044
-0.013621598191886686
-7.245949643497592E-4
-0.0054651742983754924
0.0025672185109117344
-0.012472859343447943
0.011860057876505205
-0.0015694178361904767
0.008601797807597627
0.009383316992543269
-0.010747164021331114
-0.007525052483091355
0.005287144994795864
0.018917082098084174
8.357349990927904E-4
-0.005358013189601706
0.007705996004057094
-8.869652459089971E-4
-0.01944504782072444
0.010239436714348965
-0.009675745848732967
0.005989082579223532
-0.01286425798429473
-0.0017047079052360274
-0.004290742736975569
0.029053766310783963
-0.011324441819009198
0.0046238972581660485
-0.006533081119540722
-0.0113968716628263
-0.016780066251504962
0.0022514957438385837
0.007522421741242795
-0.006723189665035482
0.020944170430638266
-0.015668325692228487
-0.0016593971239878278
0.0012552106572816385
0.0
0.010804253908032373
-0.005592432811060211
-0.010772768148841365
0.005007891610413546
0.0044534688794827144
-0.0035617984265145916
6.916097880332126E-4
0.022914842959326668
-0.0077939858670821845
0.0017123864974039242
0.0020736271096890276
0.012996849193651395
-0.03008188108976396
0.022603290591853693
0.009849861192712785
8.133138059111924E-4
0.0052742564763830855
-0.0013314401972480076
0.021575936821742164
-0.008272599323322574
-0.00829873435206553
0.005779764605407988
-0.008439128787794632
0.008320435578303653
0.003791292695156636
-0.0022673372218241184
-0.006685233121600494
-0.00632824871364226
0.01575470852213726
-0.0072256830977275414
5.835985299933368E-4
-0.007737080569401888
-0.004000139782001527
-0.0181576049262712
0.008011823159365206
-0.004399588825186226
-0.0048729726945476925
0.012791410430526106
-0.0018147828034695487
0.020815398565153912
0.0076171375975655885
-0.006488590601766271
-0.009825044781896518
-6.056109488052994E-4
0.013931011298996272
-0.0032590720365179744
0.007810067127342415
-0.015202024187502768
-0.015745832597796657
0.009691448502396534
0.0038785117293730475
-0.009759102236463974
0.004730882326434321
0.005727699533572201
-0.010194872136498938
3.9738208537940916E-4
0.011225273937208477
-0.018737419688993694
0.013163582636052253
1.9732579543815766E-4
-0.010164001397177035
0.0
-0.0077294425624585324
0.0
0.006892419032023981
0.014451366928427536
0.0050651066211068446
-0.0077340882902925115
0.011145734600264195
-0.011742260238913161
-0.012277189601725505
-0.00628441075276766
-0.013412774569085085
0.0011657452749231755
-0.0012223500112407146
0.027240756144618083
0.026376472593481474
-0.020999375624363097
-0.01782265789114821
0.0018853982562223636
0.007205585983657688
-0.002778192827551543
0.0011244272843129767
0.006566715017189059
0.015086266689535359
-0.007781255599839769
-3.8444049385242575E-4
0.0035935136917468248
-0.009672767372834335
-0.011880342152990324
0.0
-5.726814251688071E-4
0.006757963964971217
-0.006506051745634823
0.0023546127162534184
-0.010185821806980931
-0.028207353774771366
0.013106072325692745
0.013841852769896027
0.005913198986487456
5.43163335175215E-4
0.010102928799699285
0.01181340642666071
0.01607187977005205
-0.014330810429993552
9.083969424865522E-4
-0.010088372557649668
-0.006654592630108626
-0.001012096373857808
-0.0011177094312227543
-0.012404665930720815
0.017239381615886663
0.012906029380396863
-0.01513240860077798
0.02406574788138648
-0.009282754330412233
0.001761194414297962
-0.008322582665092951
-0.013512632185034321
-0.012651952893659321
0.006502148428739447
3.0492189047164747E-4
-0.003085889244231668
0.019527624401089887
0.0038582134938296604
0.010891983107826842
-0.0055292669408108855
0.0
-0.00618495794767725
-0.013457774574790596
0.008519777167091996
-0.015204646882285056
-0.01082104581243879
0.017668556351222345
-0.007097543631027941
-0.004319012186441083
-0.0037192266895371604
0.009351527769167707
-0.0010325248977502111
0.015904446095728345
0.05451672006641522
-0.005813615283962187
-0.004974037714349459
-0.007748513389679021
0.006146774650802612
-0.0030914926628997936
-0.0028213622388203333
-0.01796507344247632
-0.01240569008721977
-0.004789613779482397
-0.016251083675898555
4.4409496174241045E-5
0.0
-0.011930697469953188
0.003038426745573282
0.017831228789508005
-0.006883701744744578
0.0051501176276665195
0.005709817974414554
-0.018256930215730556
-0.0036910759465620373
-0.003911639146421328
0.009419913899021665
-0.020079502483465676
2.8190207810894E-4
0.028003904482468124
0.01644492108616076
0.0028210774559496573
-0.004461575616163566
-0.009475000585550054
-0.004345351383653295
0.0062744403763461375
0.03138805841072353
-0.026449716200795427
-0.01761089241102095
0.01924212882766259
0.0019814155307292893
-0.012044254457679798
0.010226904622434259
0.011503581190505156
0.007224422425536954
-0.003142199701365145
-0.02213959312436523
0.008876160516939444
-0.014996663344995977
-0.002963548410357516
-0.001952300403478833
0.0226069405405308
-0.009025686768886943
-2.775001429906462E-4
-0.01191746915174801
0.0
-0.007052033695655085
-0.006833901170116605
0.016053755650529782
-0.0034833163356225074
-0.00956216142763346
0.00450914184795303
-0.006438433017099452
-0.0027153341028516623
0.01261316438720574
0.010866766597153216
-0.0071911646486621525
0.011916030105843993
0.08204176920181622
-0.004346610654970064
-0.013565931503462622
0.005866162920123677
-0.0035103334619820603
0.0011705232125630597
2.22613402598383E-4
-0.02527351715326112
-0.0065333402889975805
0.0110641385511828
-0.029466789410965727
-0.003856590153923352
-0.012301580110855168
0.004553066721176147
-0.0028951316417901597
0.0038803302537221904
0.0030451740551915942
0.010949587659012322
0.0027369935496726924
-0.019346674724561825
-0.015964930766465116
-0.011322338624720547
0.003107654416053288
-0.0017016724619851509
0.012659700546960546
-0.01222257628098709
0.018419628268675894
0.014022459398516023
-0.004382374247068523
-0.01344773217921433
-6.727116556870258E-4
-0.01152149298908947
0.0052640860326345984
7.987159546201522E-5
-0.009698425837603523
-0.010107058801700423
-0.0024456169975018644
-0.012629280636877332
0.03843373601592137
0.0012223944680314351
0.006435994036586151
-0.0053585715396515625
-0.01691744775847006
-0.012544163469667005
-0.00283468117982825
-0.003561246849899052
0.005764980985395301
0.009657260410543676
0.0
-0.01394818275902071
0.007103108185066908
0.0
-0.0033065018085891235
-0.009019215966332103
0.009592589498177645
-0.010769351591963955
-0.003927797305015293
-0.012752834230570704
0.010934280518954127
-0.00470403867358913
-2.125377041879889E-4
-6.680410610635183E-4
0.009486607142857144
0.050022611434623304
0.0012576093211397708
0.006512686743080383
0.05211455510973165
0.030466178115690648
-0.009406735547395129
0.0
-0.0030907299300129776
0.005232131317891667
-0.007640972517430775
-0.004717427061785626
-0.005654068170102488
0.004588212142992341
-0.007610890974077616
-0.012710226947513645
-1.2333149227969267E-4
-0.0031431211922676207
0.0036887792721122087
0.004928170554939352
-0.028613581950868078
-0.005230750910721652
-0.0010688159982076692
-0.012436508591559802
0.019243086408666385
-0.03753807383426585
3.548830821199535E-4
0.0
0.021762853449743866
0.02923885680088687
0.007568973125818372
-0.0021629280474902207
-0.0342925189674063
-0.0076356728501006475
5.820776622749606E-4
-0.004452261108814074
0.01764141243518583
-0.005136671999112888
-0.0057181629052568215
0.006748053929397522
0.0
-0.02029973452416726
0.0058414305899768875
-0.002083488558039911
-0.0146911120774344
-0.006097158336308324
-0.0041563589519334745
-0.005042755306083306
9.545342133965275E-4
0.0011622471459567891
0.0
0.0
-4.469103772558504E-4
-0.019284262864684078
-0.010097053768774844
-0.007593834661869167
0.002078560917135124
0.002488374144508136
-0.002951401771181184
-0.002846778897786533
-0.003358915637370453
0.02084084113711343
-0.009222914221088636
-0.005355608246254266
-0.0038061905336323736
0.07042342211077497
0.0
-0.0012861359505449439
0.006814602206071883
0.0
0.0
-0.003205714508714818
0.01019431069792048
0.0
-0.004159088723211503
0.03731940387029139
0.007535160069713626
0.0
0.0
-0.004604982104884183
0.005419474446056208
0.0
0.0
-8.190953941000136E-4
-0.02547167282553445
0.0
0.0
0.002065489336000331
-0.00804372479243512
-0.007304053867596659
0.0
0.06358877883388071
-0.045357861438092194
0.0
0.0
-0.013931644802584988
-0.03618565809344832
0.0
0.0
0.0016539167227401512
-0.006049977339255271
0.0
0.0
-0.00964769451761207
0.0
0.0
0.0
0.00664233618531452
-0.00858357862047801
0.0
0.0
-0.027575846064847195
0.07614659780953152
0.0
-0.01157810983887321
4.066218203738861E-4
-0.0022497030027820277
0.0
0.0
-0.0177329369213328
-0.0075385816260086416
0.0
0.0
-0.01704428851941287
-0.02022321826050897
0.0
0.0
0.008804934256787956
0.05200194095757555
0.0
0.0
0.0
-0.01157810983887321
0.0
0.0
0.0
-4.469280153092045E-5
0.0
0.0
0.0
-0.026956750961499864
0.0
0.0
0.0
0.0
0.0
0.0
0.0
0.0
0.0
0.0
0.0
-0.028520856611659366
0.0
0.0
0.0
-0.005387995720523282
0.0
0.0
0.0
-0.007304053867596659
0.0
0.0
0.0
-0.004159088723211503
0.0
0.0
0.0
0.09050623037007373
0.0
0.0
0.0
-0.06662949824936557
0.0
0.0
0.0
0.0
0.0
0.0
0.0
0.0
0.0
0.0
0.0
-0.037307538715528415
0.0
0.0
0.0
0.09738235511971502
0.0
0.0
0.0
0.0
0.0
0.0
0.0
0.0
0.0
0.0
0.0
0.0
0.0
0.0
-0.015737198562084713
0.0
0.0
0.0
0.0
0.0
0.0
0.0
0.0
0.0
0.0
0.0
0.0
0.0
0.0
0.0
0.024633142241355068
0.0
0.0
0.0
0.0
0.0
0.0
0.0
0.0
0.0
0.0
0.0
0.0
0.0
0.0
0.0
-0.0015918898116737005
0.0
0.0
0.0
0.0
0.0
0.0
0.0
0.0
0.0
0.0
0.0
0.0
0.0
0.0
0.0
-0.007304053867596659
0.0
0.0
0.0
0.0
0.0
0.0
0.0
0.0
0.0
0.0
0.0
0.0
0.0
0.0
0.0
0.0
0.0
0.0
0.0
0.0
0.0
0.0
0.0
0.0
0.0
0.0
0.0
0.0
0.0
0.0
0.0
0.0
0.0
0.0
0.0
0.0
0.0
0.0
0.0
0.0
0.0
0.0
0.0
0.0
0.0
0.0
-0.05938918160608226
-0.0142092036689326
0.08197347471167672
-0.008375089436661926
0.0
0.0
0.0
0.0
0.0
0.0
0.0
0.0
0.0
0.0
0.0
0.0
0.0
0.0
0.0
0.0
0.0
0.0
0.0
0.0
0.0
0.0
0.0
0.0
0.0
0.0
0.0
0.0
0.0
0.0
0.0
0.0
0.0
0.0
0.0
0.0
0.0
0.0
0.0
0.0
0.0
0.0
0.0
0.0
0.0
0.0
0.0
0.0
0.0
0.0
0.0
0.0
0.004980980236205119
-0.009486607142857144
-0.026139659790190516
-0.028743894909239717
0.008210631996825084
-0.05273835729978721
0.04248489681342463
-0.012166375179395082
-0.010200809581744465
0.0677998407914429
0.008157794588221242
0.01621664891375709
0.005555009181668364
0.014270310776712756
-0.05315180967295615
0.0249514002779131
0.0
0.0
0.0
0.0
0.0
0.0
0.0
0.0
0.0
0.0
0.0
0.0
0.0
0.0
0.0
0.0
0.0
0.0
0.004980980236205119
0.0
0.0
0.0
0.0
-0.009486607142857144
-0.013352291516821227
0.0
-0.012787368273369291
0.0
-0.009486607142857144
0.0
0.0
-0.019257287766382573
0.021716820694094176
-0.004073560344482146
-0.007082092345290681
-0.0023505360074962604
-0.012015086108611232
-0.034283730635787296
0.0026286351968154917
-0.009068175752204175
-0.014079158220738026
0.04391200712069917
0.012652047913463485
0.0
-0.00604614166019221
-0.014693448018401644
0.007128290464700627
0.0014449240344981459
0.07601435617275329
-0.03517984161137047
-0.01204407102649945
-0.03899125311662784
0.005226839223519237
-0.005443227187831718
-0.00802389121662134
0.07604011997237672
-0.02306311336886333
0.022734128598668836
-0.0039980888462413395
0.012484868204657072
0.004118361529683363
0.022655562875143725
-0.011480447527659542
9.231720365895368E-4
0.00608385101365559
0.0
-5.28841831987226E-4
0.0
0.0
0.007143919620363776
0.0025023878910322155
0.004624003265316765
-0.017024937210906716
-0.01867040772223274
-0.009947319364349295
-0.007509145375467399
0.007401260853098007
0.010432574448372126
-4.2814788120129664E-4
0.007545712857644266
0.054574817237646074
0.012441568476094319
0.004749148700203542
0.03204949346655912
0.004103955989383594
-0.02356235754177851
-0.00995669498337346
-0.009838305420084244
0.003790490797159338
-0.014298072112078848
0.0024826079306759542
-0.0066490515833286905
-0.007873872706240563
-0.02092329195581099
-0.007357722532426655
-0.005186901929645894
0.016882754383608933
0.0016403348631398237
-0.012520465857227728
-0.012790870274613004
-0.026622273599215304
0.011922428825059731
-0.011253313475652366
-0.0066298799534473055
-0.0019871320657059133
-0.0018533448382138471
0.0030646147472627003
-0.0021170059721165747
-0.002314844794239163
0.025912371275801108
-0.0031762263747614067
0.04168804023583162
0.013796050981774353
-0.0388144689943597
-0.044437932489910306
0.00193685018516636
-0.006403818700151412
-0.005299414202009988
0.04588109234800267
0.013797868551293994
0.0027886193685894966
0.007686316949489947
-0.028377030971236096
0.0038213660826602104
-0.006582855634594362
0.0038963851130953994
0.0015882355397777805
0.006073957810910855
-0.00408300844976857
-3.63501982653492E-4
4.333840121540761E-4
0.0
-0.009486607142857144
0.011028164699799977
0.009795215640345236
0.007057916107826134
-0.01817381753760492
-0.006861841283690095
0.017026688077631993
0.003228665799502813
0.00285672035429749
0.01718384425036273
-0.007370769600992246
-0.022013273841318598
0.04417719987883215
0.024938159094576747
0.004617757596541282
0.007437497583310615
-0.01171353218835614
-0.02394192164522773
0.009825189457269932
7.34196738534889E-4
-0.005997059216786315
-0.006003326297349295
-0.017656351690172302
-0.0221191284304725
0.0
0.00806229884322995
-0.009276129638888145
0.022409304172770678
0.005297157445724519
-0.013272303521874283
-0.020946990233833358
-0.009486607142857144
0.004169802199574352
0.008222498851330197
-0.003215677927544679
-0.01508780134228866
0.0036017176536761557
0.011071973692314371
0.027658410879490926
-0.00786580269615938
-0.010368543919191835
0.0054195070508277245
0.005999139189436231
0.0033374969645164655
0.012494384666663153
-0.0013879364649829118
-0.02096114595080224
-0.0037271416884399953
-0.027374423428619715
-0.004348295070725024
0.028023916136398583
-0.011628138921546682
0.001851051168026121
-0.00595881967610136
0.002906939024324125
-0.004602290731914337
-0.005664952482321636
-0.006124774518832682
-0.003677639715012149
0.013751341042884224
-0.005070903038770351
0.0
-0.007798418496499699
-0.001045531245506548
3.6405466606918044E-4
0.012606740735670063
-0.0031175074299443313
0.016216020711653335
-0.007665540921578684
-0.011189936051867282
-0.001439800868369093
0.003978794873412529
0.012703570441449003
-4.041485985681655E-4
-0.005198910224123188
0.013461310657020328
0.008442920483173206
2.209653813840017E-4
0.013944808587916687
0.03428914449997557
0.0038157913027730373
-0.0030696427686128748
0.01036990206306291
-8.381314895035182E-4
-0.01410216578530544
-0.028162033479201556
-0.01598942620895328
0.013164828388866266
-0.004317158943846682
0.0026076854208993265
0.008245335640015259
-0.013357644610560973
4.116209605393682E-4
-0.02000493330465164
0.0033781253399365737
-0.018338911747156624
-0.010032892122833346
0.006058613838460783
0.004639588359324214
-0.008126287203904138
0.009339056541611468
0.00883553697385777
0.013484271900822294
-1.4294518011203489E-4
0.0015528384045927872
-0.011421963693549295
0.004691083829908245
-0.004587681354598856
0.017304205238844975
0.009045542808297755
-0.013960835438998256
-0.020598743924807192
0.018734796112998692
-0.028999427163898923
0.030789238297720616
-0.032604715579823945
-0.005919701680894406
0.011926263310968624
0.001294110151919159
0.004168525563280281
-0.016814841112029764
-0.004888310971758911
-0.013564312579790296
0.004659037678445283
0.001260519420831426
0.0019914456534386414
-0.01603349640151347
0.009451605367178935
0.0025058374874136675
0.0036789910552793154
-0.015468253989049689
0.016236308223013536
-0.015785003358959687
0.032181071902120606
-0.01810107346481294
-0.010448535466935237
0.0028271632800017914
0.015080624441280568
-0.002827396687786825
0.03787906180369616
0.003368752815221311
0.013512860270772174
0.0010510458745383463
0.009486607142857144
-0.0049951032149433226
0.002718548632092746
-0.005004206987410878
-0.0014662178912697903
-0.00951393346014478
0.006705690613035779
-0.012616619968038806
0.002753464902489333
-0.0015944026539937116
-0.013011437330676355
0.019769008305208946
-3.600741253481912E-4
-0.008598091322565761
0.003080687817829067
0.011842592438546917
0.008698343846541827
0.014962442353037606
-0.024560455102729355
0.00676225979919981
-0.01949571208827977
-0.0015756685817097903
0.01226620071680836
0.016675649075471758
0.002964293520487722
0.006269118665922644
-0.003987214510772132
-0.02223971017370932
-0.0053750200316592545
-0.01220310502592956
-0.0024728321261998205
-0.010349151142363048
-0.001442725989055638
0.004633413111722936
0.012584604521143008
0.014660637458212031
-0.007097816383332534
-0.011906682725683763
3.377310116803398E-5
0.012134779012284467
-0.0195739870087935
0.016121568921828013
-0.01827941961843956
0.0012945007717001817
0.0076052232300106454
-0.0027380520044375093
-0.009486607142857144
2.4047955031497072E-4
-0.004767818774302184
-0.0018268841970590156
0.01899888254591938
-0.009580906472998404
-0.006213056678990274
0.012030285353422421
0.002209665812768956
-0.01996847252177064
0.0022732315579256507
-0.00794579682280102
0.006595280493599606
-0.004197513379579952
0.030140803225762985
-0.0018971501898489077
-0.003929687224045353
-0.010123652931189083
-0.0042200051926281745
-0.019189690020272064
0.002545203413256354
0.028026839321584594
-0.006748243895024613
-0.006350297010140836
0.02171052110133143
-0.018758278074056056
0.006183020703902644
0.011471549849831168
0.003727810168005234
0.0
-0.003224953791795252
-0.01160325494014544
0.006444632116694465
0.009127556619421223
0.008804934256787956
0.01098557585836427
-0.007876767269851011
0.008706386205467022
-0.002073614197554495
-0.004257638923398667
0.018387256178374323
-0.014892275544508862
0.0076004420865357705
-0.010190514005101427
-0.012792029528055082
-0.008626752560238779
-0.002663506948477083
0.01222619124658532
-0.005448442794669663
-0.011773980303699664
-0.005969767562331904
-1.0708762306806726E-4
0.002739847920418933
0.014227001148774088
0.004355568797656182
0.012671833390984617
-0.022280602888578277
0.004453662133850749
0.0013804429616896862
-2.1975657338419927E-4
-0.009645380058903842
-0.0017784850453179844
6.062464971523171E-5
0.008487687226838686
0.003315950907166004
0.002026830843887613
-9.79980866936377E-4
-0.007840066616085188
-0.02356949988882947
0.0018669713327021608
8.598042059240526E-4
0.019782860925778325
-0.006057748399432461
-0.013875281201474618
-0.00522354580125139
-0.011053064324568276
0.023524587288587886
0.014808287978211678
0.004731121356534893
-0.008517696438040774
0.005657906805222169
0.0018951495973368593
0.008178113378911394
0.009486607142857144
-0.001118260883514974
0.0046609334263328995
-0.012646826680529617
0.002333070828760323
-0.01463208113312473
0.004797293006135199
-0.0032415284733506985
-0.00617083934140757
0.0046091308206850975
0.0019508341487793949
-0.002753944993165422
0.007281683018692468
-0.014505241091525121
-0.020349146088233808
0.011421435760005406
-0.02344662169655494
0.001344257565184196
-0.0054195970151013125
0.0013607453214668666
0.022864742334738904
0.020705860915479667
-7.254962095848139E-4
0.009982090967894095
-0.004051454491666241
-0.007337328593618563
0.0087540183507986
-9.717203545126715E-4
0.0027133155823523213
0.01510336774628086
0.0013818454244739955
0.002648229630116263
0.013192821512273693
-0.0162466203972648
0.021062626535192613
-0.00624940165850649
-0.011255868089868533
-0.013538308256152393
-0.01218228727374808
-0.006095709066419782
-0.006330702998442973
0.01468155072230894
0.004549176852104465
-0.002959664625093721
0.007211334967636462
-0.011649875916761442
-5.34246016429213E-4
-0.005018998087668541
-0.010543301337084435
0.007164482378219358
0.007905255727590552
2.8855110090872165E-4
0.01104411841693934
0.00849381106685227
-0.01131769915546644
-0.0038171799556702517
0.00752128440375195
0.004009414222579267
-0.01199942303870002
-6.279903216534037E-4
0.018583931710652632
0.004264969570560856
-0.005478356484597463
-0.008681907665975543
0.011503686782419337
-0.018167083498480476
0.007889449463956033
-0.006619895204678429
-0.008289670389540177
0.0038886629421923877
0.0025411542068955583
-0.015746543842399933
5.08920009659377E-5
0.013956322328412396
-5.364137729996993E-4
0.0037579801249858873
0.0040857262931920605
-0.0023740145092020918
-0.005695693738445056
-0.0073265124240534515
-0.011291964671725814
0.005614492035057383
0.0064123410645322496
-0.009591009765240043
0.014592644122405051
0.020269635755368685
-0.01271086827661823
0.0060578070728592465
0.0031838931158401597
-0.025664500161825296
0.008677488410068336
-0.003443813280743718
-0.007881192646785572
0.026713354337901358
0.002200853828193857
0.003953047971260389
-0.0017136891303806759
-0.012195955888831118
0.016373713495983048
-0.001434785883716439
-0.0013041178606241675
0.002030791665550433
-0.025197472930141327
0.00504260949255093
-0.010412978897921081
0.009536737606848828
-0.005950176921677791
0.003654091685203406
-0.00881795673245386
-0.0020355170521811766
0.0018217613568702034
0.0
0.0012587941173709432
0.0011188412381670553
0.002453746957988402
0.011131384858428342
-0.01021974860818115
-0.010801040077794845
0.010241488213141702
0.014033906785816737
-3.045656653211539E-4
-0.007623885717666108
0.0033690760817274654
-0.002753944993165422
0.009695565809420098
0.0017687098917033017
-0.012501308230118876
0.0070075411536007414
0.009486607142857144
0.00615964988751838
5.909582457311702E-4
0.010331577070972254
0.01628280021864373
-0.00543142399487167
-0.002479747438742474
-0.015523063823008047
0.009486607142857144
0.009671667099990252
-0.018216911931316977
-0.012996734430299025
0.00639020170000646
0.004105654582895343
-0.004585062563104227
-0.006153966622113788
-0.0019026815816788646
-0.013727580733845168
-0.005990698706748497
-0.0020087450918146238
-0.0037437004147134957
0.021554762151836653
0.0020478182336382406
0.01327037101169833
-0.022890160474070366
-0.005493167766664605
0.018267655289069165
0.0036013669564592334
-0.010420240634015667
-0.003689109186994858
-0.003556252236553951
0.012444709321624035
-0.011342260469090953
0.005899771640664434
0.018333963765484376
0.002496575348258802
-0.003906116215245089
-0.023536954386335362
-0.008967500089306201
0.011284871904164363
0.006351711401343131
-0.010943607757311086
0.002572489973768693
0.011407185891026243
5.08920009659377E-5
0.0
-0.0067838909354784325
-7.497605119236445E-4
0.004538505051979457
0.0011093227071416033
-0.004705148525885839
-0.010738005177465405
-0.0029039269002153465
0.007777985313142655
0.015270773532427144
-0.014584858148236143
0.00877011440581768
-0.003754209269154085
0.010815901109501303
-0.014617492709884744
-0.00898115886194795
0.00909387534526885
0.00527062613135733
3.330762616986019E-4
-0.004513661947977572
0.020244303362260366
-0.0013789658111907285
-0.012166420315488277
-0.013478228941456801
0.005180647332424302
0.002877863599370539
-0.022006795955593524
0.015515288349135608
0.006811898446673832
-0.007073220958563858
-0.002705442496058235
-0.007727530503199971
0.011453918117860529
7.631961469394448E-4
-0.003709413617533217
-0.001550990569819874
0.005836649370717293
0.008717587139716411
-0.013562082439134577
0.005352079469625226
-0.005786913824562806
-0.010191435359910798
0.01885534449342959
-6.733266768987448E-4
0.006868058156794637
-0.007979171346972031
0.0018658420170271648
0.0205448351978702
-0.01390087873214392
-0.004518057181967387
0.0036031574047109046
0.012772084725757587
-0.02793172856421387
0.007671136793762793
0.007852876128465764
-0.015455973003831211
0.011930932851444646
0.005192060848003145
0.0042043235424001355
-0.004384245178652883
-0.01107209825109268
-0.00904715617671944
0.018950820551083505
0.003869442648168726
0.009007897178052166
-0.0024825318123088136
-0.008676535537964485
-0.008810439938370862
0.002107004283657405
-0.014105737596492163
0.01028985555806609
0.028370537185891255
-0.008931568553936405
0.003877484503058683
-0.00987731869399134
-0.006585082437469102
-0.02419758669982197
0.007973663310214554
0.010203331534378223
2.0564293458273653E-4
0.01378731753571882
0.003646951449124547
-0.0099343234385351
8.80404793263281E-4
-0.009939859463778938
0.009919406209181997
0.014794860370371284
-0.014535200207210577
0.005867931767761848
-0.011272712562244984
0.018973214285714288
0.0039362336664095065
0.0
-0.0035373957900394735
-0.008848553365458228
-0.003143891659845941
0.010014622745648702
-0.005526718519959054
-0.0034470202962544267
0.004671383239557562
-8.784550508780422E-4
-0.004797448716389693
0.0012607489801313649
0.0015995035305994589
-0.0166555086450251
0.004751738577161544
0.011208287063060407
6.062007772418285E-4
-9.969251339375551E-4
-0.008925270822145101
0.0017302241107498258
0.005977962377549297
0.01489231703826143
-0.003723505708369889
-0.012358358997212372
0.006997930372391774
-0.004809924727069362
-0.004900189841431269
0.005105282001478594
0.008610849732090099
-0.0047499027269578675
-0.001170203120157344
-9.347702944533277E-4
0.0043869784605249105
-0.012011008507148535
0.011882904870600312
-0.013083321437731827
0.005186615777388185
-0.0026724883226991883
0.004194872523575512
-0.0028363659221496335
-0.01576425623730745
-0.0013816144219769716
-0.01245138260413695
0.00800752491597519
-7.990385657064948E-4
-0.008977082488529938
0.0050821551780338165
-0.011431919295838158
-0.0013386651543598673
0.009866452028334305
0.011808340538465386
0.007978424193990835
-0.015011727114817238
0.015121808428509654
0.0058727287023763
0.002243519413605559
-0.0019502773433175665
0.011985872740775137
0.01230974694578938
0.013676426653682813
0.008329530691842252
0.003146384772983261
-0.017416970741571152
0.004532655021116758
-0.004317158943846682
0.002762565385907097
-0.019874975687666746
-0.007146499408545202
0.005273516521067776
-0.01290198553081813
0.012955087180199172
-0.00854115600254365
0.004511858011198768
-0.004960188862202177
-0.006440899112744325
-0.010120623699955585
-6.673395658348706E-4
0.0016817331415419703
0.005296931309481346
-0.01854093983796436
0.0036729918588949565
0.011642070865352702
-0.006415827192925746
0.020269180736634525
-0.007816962010245166
-0.014815707814532222
0.01999964688932948
-0.002490862574779607
0.02489696666240567
-0.01743622423991069
-0.009361755614322141
-0.022613548900923902
-0.009554323827036961
-4.822260792810354E-4
0.008648092393693602
-0.0012205644145825705
-6.282986240047569E-4
-0.0028147291996384926
0.012023248880953956
0.009234590701172503
0.0
-0.001418346609064396
-0.011198447587691585
0.02020754194657236
0.005284841831953168
-0.003639072328877619
-0.0013943914301172617
-0.003392859685710071
0.027025838871614395
-0.008167433004349061
-0.011496747837327034
0.0038669207669428177
-0.011453612859525798
0.0015047073776962017
-0.004479104502363916
0.0022047834857441186
0.018153431026355832
-0.00781670619338231
-0.021119456487982535
-0.006772440948985616
-0.0030189302226856646
0.007507333706427229
0.005038312344174395
-0.023540947353821055
-0.0020790130490894315
-0.008093349159978162
0.020925693774705767
0.016875683618575194
0.008292950504713174
0.008552185733424391
-0.007870629905288203
0.002444536450005295
0.01293985360447774
0.023208219435796307
0.006911377624511138
-0.010316061502545142
-0.007111528956173632
1.8832019581089052E-4
-0.004645135006796856
-0.0024812689230557447
0.0029129245032834825
-0.024115237252815346
0.010384803652810377
0.005930209885327142
0.003655795909804997
2.0620637930954169E-4
-0.01020255561353806
-0.01611005230848323
0.01767470980133315
0.008672942011054601
-0.007427263448111872
0.006213317806308944
0.00451822467319067
-0.006796085310063689
-0.00261876330381303
0.0010750827715811824
-0.014809983061085373
-0.009404543792210953
0.0032160360046723023
0.006029795972900788
0.0033693212404998962
-0.012391723448085427
-0.0030517189757354453
7.12192718833621E-4
-0.005813615283962187
0.0034672219762109198
0.005287144994795864
-0.015666830255526877
-0.005766190908112851
-0.006636884441271383
0.005136830429672985
0.020360859349028752
-0.014649000916140083
-0.0019803372992387917
-0.006889424215779537
0.00477210392915596
0.0019914456534386414
0.002792390383862227
0.009443622470137462
0.010334597007567614
